input_index,input_x1,input_y1,input_theta0,input_theta1,output_v0,output_delta0
0,-0.0999999999999998,0.15,1.5707963267948966,1.5707963267948966,0.044474065,0.024396747
1,-0.09995915733745998,0.17224573536125362,1.582994700470243,1.5673185253902564,0.04583606,0.025240332
4,-0.09951089181526417,0.24332571037826256,1.6216741810229163,1.5634130322380289,0.04949992,0.031557113
5,-0.09932767993773403,0.2681249115018461,1.6374527374890189,1.563618799359325,0.050043996,0.038674325
6,-0.0991508200095025,0.2932200348446825,1.656789899864469,1.5641412245122681,0.05160593,0.04761666
7,-0.09898777321091666,0.3191296100453486,1.680598230161939,1.565193340381294,0.05520709,0.059317946
8,-0.09885509229424809,0.34688388207607684,1.7102572033789496,1.5672638264993608,0.059797592,0.07323474
31,-0.375695883392438,1.9963847265277788,1.2127331654217581,1.4139957211714191,0.12296097,0.12066433
0,-0.0999999999999998,0.1722222222222222,1.5707963267948966,1.5707963267948966,0.04507067,0.023705661
1,-0.0999598401986143,0.19476575960149584,1.5826491574433188,1.5674245093469015,0.046419315,0.024494886
2,-0.09985222906795335,0.21799671275509194,1.5948966006424765,1.5650920744445491,0.047863737,0.025066316
5,-0.09934205198199528,0.2915664201664941,1.6364979753878455,1.5636822029889457,0.05029252,0.039519727
6,-0.09916367459656457,0.3167889449956518,1.6562578390028815,1.5640382735326963,0.053496186,0.049820393
7,-0.0989911615772201,0.343649817248341,1.6811680356648306,1.5650660312170563,0.055842422,0.07004601
8,-0.09883386985565235,0.37178695176383636,1.7161910394814353,1.5658810960121812,0.058836363,0.11237708
29,-0.38770403705758577,1.892247145929685,1.2373096431281905,1.489829524694172,0.15336157,-0.056919813
30,-0.3796569239421204,1.9669576304162177,1.2088497365501265,1.4381776972798146,0.13322103,0.07478264
0,-0.0999999999999998,0.1944444444444444,1.5707963267948966,1.5707963267948966,0.04566732,0.023014516
1,-0.09996055216472124,0.21728582181010547,1.5823035846140723,1.5675300623441246,0.047002647,0.02374953
4,-0.09953285031438353,0.28985992721907033,1.6196193108942847,1.5637482118798882,0.050000608,0.03307429
5,-0.09935155222373367,0.31491388257444874,1.6361564556744437,1.5636042467550249,0.05217957,0.041767657
6,-0.09916297207061374,0.34108584699214445,1.6570402840760092,1.5638774599748102,0.0506272,0.08069417
7,-0.09893119440047497,0.366692601789421,1.6973873684790473,1.560239692056712,0.052407287,0.1159485
8,-0.09857716099979556,0.3934910611403835,1.7553616176035742,1.5558631713367885,0.06906651,0.14232786
9,-0.09809124424903747,0.42872324758785835,1.826525547602449,1.559471123034198,0.104310244,0.17351033
29,-0.38304889386081864,1.9393608089684313,1.2052289778974394,1.460016322075227,0.14592542,0.020331591
30,-0.3731210957697993,2.009619500526201,1.2153947735813002,1.4036005892656258,0.1196499,0.13599917
0,-0.0999999999999998,0.2166666666666666,1.5707963267948966,1.5707963267948966,0.04626397,0.02232334
1,-0.09996129309797486,0.2398058995819011,1.5819579968836646,1.5676351799378385,0.047585934,0.023004204
5,-0.09934858937158943,0.3381833398831521,1.639248834052358,1.5625454027553707,0.046988666,0.08642894
6,-0.09906846554383117,0.36199112006496353,1.6824633042004447,1.5561762923400704,0.048597366,0.117185414
7,-0.09861272857840157,0.38690289201512695,1.741056011119161,1.5497379773224356,0.05951988,0.14055613
8,-0.09794344358917424,0.41746735360839043,1.811334074535642,1.5492683206714821,0.09201734,0.16409628
9,-0.09733224993203339,0.46386302246964994,1.8933822150018553,1.5676429358856991,0.14023939,0.20505586
10,-0.0987325216151369,0.5331654833091747,1.9959101463344435,1.6165119821458336,0.18935697,0.17228408
11,-0.10698334717809699,0.6239465204511733,2.082052187123571,1.706163824319652,0.17058095,0.008569956
12,-0.12167873000641997,0.7033552515503917,2.0863371650364737,1.7970800326489589,0.16549788,-0.09858966
13,-0.14272614068801937,0.7800500788961873,2.0370423356678824,1.8741329193948195,0.16723852,-0.122005135
29,-0.3764786916865482,1.9896587951971165,1.2109076539662222,1.419471543940555,0.12511684,0.1127305
30,-0.36566416100597565,2.0496189012695942,1.26727290550736,1.3690700626383676,0.07739107,0.18664268
0,-0.0999999999999998,0.2388888888888888,1.5707963267948966,1.5707963267948966,0.046860605,0.021632284
2,-0.09986145298410863,0.28642796689937,1.5927419821408133,1.5656808930476562,0.049564764,0.022672415
8,-0.09704855635885136,0.4502101825747058,1.8764570514347891,1.5565204197107363,0.12651086,0.19192827
9,-0.09740312265898604,0.5129337753046586,1.9724211851742606,1.5983389886771437,0.19008571,0.1981422
10,-0.10389461035170353,0.6046009417407896,2.071492285528455,1.6853157837356636,0.17315885,0.04792744
15,-0.22402112467389768,0.9983253482190486,1.8607776323941092,1.9520037597699813,0.17624418,-0.15499625
16,-0.2565732489814472,1.080493112680737,1.7832795093443732,1.9407312782227946,0.17669289,-0.1428974
17,-0.287342855929386,1.1631431740831397,1.7118308107045035,1.9115540265599813,0.17532313,-0.12131885
18,-0.314763798477262,1.2457016683215303,1.6511713872340064,1.870428364196706,0.17447689,-0.09972674
19,-0.33825578956034236,1.3286471651864522,1.601308018961225,1.8230310634131368,0.16382214,-0.11721185
21,-0.3706065056623541,1.4803992277770999,1.495997087159429,1.7358063249075943,0.13999864,-0.07218769
22,-0.38045312614243,1.5485860385136794,1.459903241195951,1.692886743449098,0.13686311,-0.076925695
29,-0.36849798814368534,2.0350791035080276,1.2539823810246329,1.3811400813888046,0.09637699,0.17124783
30,-0.358559789254526,2.0815439544190806,1.339606293537889,1.3425058047169092,0.0019367784,0.1587933
0,-0.0999999999999998,0.2611111111111111,1.5707963267948966,1.5707963267948966,0.047457226,0.020941168
1,-0.09996286092300626,0.28484607932458156,1.5812669108298163,1.5678440721319897,0.04875239,0.021513939
4,-0.09938424996965145,0.35435645075736405,1.6581605533745627,1.5527330203709584,0.044377975,0.11747652
5,-0.09885929364788523,0.3771368658662462,1.7168988148358206,1.5436502975417445,0.049367115,0.1375052
6,-0.09808536488534561,0.4026949679407767,1.785651416578565,1.5384530276745745,0.07464645,0.15383731
7,-0.09701830428001533,0.4406639471006657,1.8625700707223753,1.548369841809651,0.11588533,0.18423998
8,-0.0967112258965962,0.49831668627925674,1.9546900625017027,1.5844282241440453,0.18682027,0.20680703
9,-0.10168230755071493,0.5887186974767574,2.058093578615461,1.668098662893975,0.176114,0.079835534
10,-0.11373565124465594,0.6715471579766334,2.098011345663343,1.759840196468252,0.16573203,-0.07117775
21,-0.37857606897274554,1.5363923168630418,1.4665776352074484,1.699574745230342,0.13761193,-0.07591191
22,-0.3859249437505358,1.6038267477370067,1.4286216805365424,1.659210897326714,0.13675952,-0.08185223
23,-0.3905735825487789,1.6711559523757187,1.3876955668118338,1.6201767882974274,0.13877895,-0.088858634
24,-0.39261112004103477,1.7396372217692664,1.3432662496950964,1.5807103424459619,0.14380741,-0.096833676
28,-0.3696274863158584,2.026947519942111,1.2379180947926383,1.3894215439697832,0.10657552,0.15705228
29,-0.3590149189423945,2.078197043866912,1.3164442340519766,1.347495403065361,0.019860953,0.17815739
30,-0.35661456542776043,2.0880811048652284,1.405522928633962,1.3187638331880378,-0.04061766,0.08971587
0,-0.0999999999999998,0.2833333333333333,1.5707963267948966,1.5707963267948966,0.04805389,0.020250052
1,-0.0999636877272637,0.30736621086481647,1.580921352901731,1.5679478650972996,0.04586377,0.044202298
12,-0.17912390990295307,0.8875922691111311,1.9557857076313834,1.936200834653679,0.17014836,-0.12617114
13,-0.2102979980847064,0.9668485558540951,1.8927001366999487,1.9511827674670155,0.1739188,-0.15398052
14,-0.24273978714486716,1.0478707260123843,1.8157098750260214,1.948523059271671,0.1774351,-0.15103218
15,-0.27465969338427343,1.130704176378619,1.7401937852290015,1.9260691315581868,0.17575796,-0.1306425
16,-0.30359859836272113,1.213184110789083,1.674872533479009,1.8890120104357555,0.17473912,-0.10850102
17,-0.3287900805965829,1.2958902890363435,1.6206220249321799,1.8434771857026386,0.16953102,-0.114830196
18,-0.34955071651264585,1.3771266171024827,1.5632069269802908,1.7979541408300315,0.15554011,-0.10083929
19,-0.3651717849527266,1.4522841527927568,1.512787283458982,1.7532413271481275,0.1423774,-0.07549745
20,-0.3763729494963767,1.5214569744130804,1.4750385592367987,1.7096594407730246,0.13803932,-0.075142175
21,-0.384403685315537,1.5889999548252347,1.4374674717572073,1.6687485932320147,0.13659845,-0.080739826
22,-0.38967957065552694,1.656187847851252,1.3970975587752203,1.629526881265519,0.13800824,-0.087450415
23,-0.39234646221345537,1.7242601387060106,1.3533723513272147,1.5902087442069155,0.14237696,-0.09513602
24,-0.39227728750410307,1.7945311172902594,1.3058043430235724,1.5491532647056385,0.14996347,-0.10385129
25,-0.3890475181158165,1.8684263430528134,1.253878698745046,1.5047608467733147,0.15800196,-0.09733537
26,-0.3819968515477546,1.945840743635012,1.2052110145476203,1.455218223803888,0.1436936,0.031523317
27,-0.3719080170672764,2.014976574955589,1.220972673096929,1.3994966940609181,0.11721035,0.14053383
28,-0.3607201685904744,2.0712018044297755,1.291239590444837,1.353192449166162,0.039636806,0.19883421
29,-0.35609968673785225,2.090507938082454,1.3906566957619528,1.320400164760798,-0.031252354,0.108119845
30,-0.35996698706211194,2.076073980529124,1.4447166184571127,1.2968394977736728,-0.06347741,0.03356257
0,-0.0999999999999998,0.3055555555555556,1.5707963267948966,1.5707963267948966,0.045499004,0.043376237
1,-0.09992581586608866,0.32833248261903875,1.5924844453719,1.5646370531125224,0.044445693,0.0714401
18,-0.36244722342996366,1.4375073893906294,1.522948489585195,1.7625948804956892,0.14541583,-0.08416751
19,-0.37456054831615776,1.5081100685544315,1.4808647344496588,1.7188961063790085,0.13882098,-0.07420352
20,-0.3832199454473418,1.5759144507532734,1.4437629739430289,1.6769349018853996,0.13685918,-0.07942286
21,-0.3890324837534285,1.6431552353925998,1.404051543274198,1.6371203086765145,0.13772553,-0.0858601
22,-0.3922014734891996,1.711048264731007,1.3611214915898184,1.5976235908552927,0.14151198,-0.093326
23,-0.39265693258798734,1.7808848289746495,1.3144584904101233,1.556779899681967,0.14845055,-0.10183194
24,-0.3900385539684975,1.8540622687596096,1.2635425190117697,1.5129821789129718,0.15897043,-0.11156836
25,-0.3836340504874749,1.932139125148313,1.2077583382513861,1.4645882122388298,0.14802724,0.008301705
26,-0.3738884465398448,2.0035063413944387,1.2119091908123831,1.4081297907620802,0.12206167,0.1299737
27,-0.3626865469952635,2.0619728585815924,1.2768960381534438,1.3588720209141811,0.059133757,0.19703332
28,-0.3559770273107246,2.0905947122349042,1.3754126961019377,1.3246314699852442,-0.022106305,0.12447071
29,-0.358633788405536,2.0805202184412694,1.437648051479135,1.3005377621018699,-0.059419557,0.043108672
30,-0.36668091648724616,2.0526680705415243,1.45920238743094,1.277774014769182,-0.068709,0.01497674
0,-0.0999999999999998,0.3277777777777778,1.5707963267948966,1.5707963267948966,0.044223275,0.06772423
1,-0.09988682383464216,0.34995651464201816,1.6046584407475333,1.5611360081560188,0.044013392,0.10761747
2,-0.09952470534532845,0.3723046294943057,1.6584671745684485,1.548894774179252,0.040776722,0.1616777
3,-0.09887332631138056,0.3936949012718957,1.7393060261991362,1.5330195705590153,0.052072246,0.16762994
4,-0.0977496358738796,0.4209656469224047,1.823120997348104,1.5275683414515853,0.08768419,0.17754
19,-0.38151768832458793,1.560265172264932,1.4529147828605513,1.6873403785124277,0.13676688,-0.078350395
20,-0.38801124159407735,1.6273762156400908,1.4137395853784422,1.647205483632285,0.13700804,-0.084436595
22,-0.39300789829750926,1.7640075119179435,1.3257343406465392,1.567290473069192,0.14630383,-0.09973508
23,-0.3912120115345988,1.8361550724206737,1.2758668000486235,1.5242466307623699,0.15592927,-0.10907143
24,-0.38583602115822935,1.912818879532146,1.221331083276544,1.4770050604796245,0.15066099,-0.023258716
25,-0.376896200498161,1.9858148350342804,1.209701725342546,1.42268945464242,0.12641296,0.10813677
26,-0.3661515795367511,2.0463931345615505,1.263770111897264,1.3716349069329268,0.083528355,0.18489137
27,-0.3571752073526023,2.086715766490211,1.3562157983568053,1.3350454167000125,-0.010876223,0.14563876
28,-0.358381064455667,2.081954117505186,1.429035180309091,1.3095711374523042,-0.055063784,0.056808352
29,-0.36559267068971624,2.0561094946299807,1.45743935654429,1.2869818898186254,-0.06888457,0.019555628
30,-0.37540231971198473,2.023915634119791,1.4672171706941466,1.262401122310839,-0.070209935,0.006696552
31,-0.3862013270656138,1.9914784390808369,1.470565446713243,1.2358346304221801,-0.06827684,-0.00050613284
0,-0.0999999999999998,0.35,1.5707963267948966,1.5707963267948966,0.04605837,0.11178249
1,-0.09980513048727026,0.37321092271425954,1.626687572398458,1.5549691721243204,0.043014262,0.15898155
2,-0.09924126445762248,0.3955035289541908,1.7061783457782607,1.5373182181141636,0.04375568,0.19159196
4,-0.09653427777401931,0.4581718976789978,1.8970508957889418,1.5328439889863708,0.12557417,0.21123494
5,-0.09559930477457805,0.5201799399916548,2.002668366828237,1.5806903843822082,0.18945342,0.18475866
20,-0.39104728808676975,1.6831660817122263,1.3790804157641272,1.6148507171426645,0.1395641,-0.09049308
26,-0.35792601025380816,2.0825262557300386,1.3409615541484694,1.3413034047575494,0.0014427602,0.15833266
27,-0.357651718062821,2.083626925489996,1.4201278845455985,1.3150888577409816,-0.049406603,0.07079193
28,-0.36397700504785235,2.0604679534432275,1.455523849525724,1.292423414829276,-0.06811802,0.023551673
29,-0.37350134340018226,2.0285699794567544,1.4672996858742575,1.2681497487807623,-0.070571855,0.008538842
30,-0.38417229148438886,1.9958810709598864,1.471569106974874,1.2417597372685818,-0.06895439,0.0007623732
31,-0.3954111043306888,1.9643784244005922,1.4719502935793738,1.2139110040428867,-0.06620929,-0.016100615
0,-0.0777777777777776,0.15,1.5707963267948966,1.5707963267948966,0.045030802,0.020966798
1,-0.07774228943273691,0.1725218183548518,1.581279725828443,1.5678136074751197,0.046292953,0.02158463
2,-0.07764747460507981,0.19568487480797034,1.592072040834699,1.5657578011919833,0.04763799,0.022004545
3,-0.07751244013959296,0.21952649516217665,1.6030743132021765,1.564667535596598,0.04844752,0.025407493
7,-0.07680902645639819,0.3203045027787393,1.676636473336492,1.5641978032603896,0.0570762,0.06277263
8,-0.07663750668439563,0.34900847505407423,1.7080227891590933,1.5659172409694273,0.061427906,0.0871526
9,-0.07651070063448287,0.3800199242366295,1.751599089303289,1.5682089887706325,0.075932585,0.12874618
30,-0.38175595394411627,1.932303689372253,1.2046732092883925,1.464862649896349,0.15097082,0.0049434006
0,-0.0777777777777776,0.1722222222222222,1.5707963267948966,1.5707963267948966,0.045627423,0.020275682
1,-0.0777430547379041,0.1950419239480175,1.5809341679003577,1.5679183101363543,0.046876214,0.020839393
2,-0.07765061041254662,0.21849543261654392,1.5913538644698004,1.565952652297028,0.04820496,0.021206856
7,-0.0767943025659311,0.34575971722657545,1.67898486653832,1.5640439289163415,0.053494915,0.09952009
8,-0.07654826245143644,0.37293793968449995,1.7287449101593833,1.5602535185500497,0.061545216,0.13280402
9,-0.07618183147693672,0.40440922972961124,1.7951469207790236,1.5592324929923176,0.092348814,0.16121727
29,-0.38464490481707075,1.9012258888230658,1.2267838204887251,1.4851326463491084,0.15581058,-0.047403395
30,-0.37600433802118083,1.9769211416842976,1.2030821229007582,1.4305131676966372,0.13189125,0.097167134
0,-0.0777777777777776,0.1944444444444444,1.5707963267948966,1.5707963267948966,0.046224087,0.019584566
1,-0.07774384877541222,0.21756206727541388,1.5805886099722724,1.5680225741326337,0.047459442,0.020094335
2,-0.07765383901194216,0.24130605935522081,1.590635777511869,1.566145792775709,0.048617758,0.021212071
8,-0.07607694740730624,0.39543754968446787,1.7803961346533637,1.5506935124437626,0.08130314,0.15579744
9,-0.07542833131525203,0.43669947668558873,1.8582948530700545,1.5610204071149947,0.12227201,0.19479641
10,-0.07583931394007323,0.4976845332699856,1.9556930596616606,1.5962196398766784,0.18516731,0.22372682
21,-0.3445489958017368,1.3825792517684607,1.5647234628584723,1.809471297596407,0.15499434,-0.10520843
22,-0.3608964051798071,1.4572208153237742,1.5121192495015006,1.7630654824396235,0.14250201,-0.07924405
23,-0.37270529856453316,1.52625694561129,1.4724972257998328,1.7175917084446592,0.13937289,-0.08012611
24,-0.3812710823102218,1.5943107408518271,1.4324341724303107,1.6745376442964974,0.13857442,-0.084795624
29,-0.3783729860627656,1.9571445769562505,1.1997491280224661,1.446946952271132,0.14351438,0.048060834
30,-0.3676904694405225,2.0260532642135956,1.2237795452263693,1.3903529545138766,0.11397809,0.15651025
0,-0.0777777777777776,0.2166666666666666,1.5707963267948966,1.5707963267948966,0.046820708,0.01889348
1,-0.07774467142624655,0.24008220357433074,1.5802430669453482,1.5681263947204345,0.048042692,0.019349307
2,-0.07765715953761237,0.26411673751402426,1.5899177203562598,1.5663372448641204,0.048870288,0.022052258
3,-0.07753081789089043,0.2885734042558941,1.6009438494828085,1.5650904002285775,0.050553054,0.028955251
4,-0.07736922984918838,0.313888296322145,1.6154214749720435,1.563955771633709,0.0480588,0.06735429
5,-0.07713079849690214,0.338093826587189,1.649098620810781,1.5584660849409757,0.04747997,0.10476649
6,-0.07672859679601829,0.3622857396790095,1.7014818648484091,1.5506948248359864,0.05120039,0.1314125
7,-0.07611017490956086,0.38864828922637773,1.767188117900167,1.5450395558134014,0.07245683,0.15251629
28,-0.38081891211829816,1.9380735115531524,1.2001830945399146,1.4610971637198042,0.15061122,0.014030129
29,-0.37057153327756076,2.010549695539945,1.2071981588986258,1.4024034155082459,0.12322456,0.14023338
30,-0.3588849174339354,2.0694987453496005,1.277314850189958,1.3520426224052604,0.05625444,0.20927428
0,-0.0777777777777776,0.2388888888888888,1.5707963267948966,1.5707963267948966,0.047417328,0.018202305
1,-0.0777455227434837,0.26260235505404406,1.5798974792149405,1.5682297896226158,0.048625857,0.018604398
2,-0.07766057157592579,0.2869274348340733,1.5891996781018118,1.56652700735037,0.050047778,0.023519963
8,-0.0744319354079473,0.4669070773238416,1.921477467813764,1.5661061813792259,0.15142867,0.22523324
9,-0.07621018353791033,0.5413027680669695,2.0340940887716155,1.62560317180866,0.18516432,0.14284687
10,-0.08535432663117569,0.6289870427472156,2.105517522492681,1.7224299488914694,0.16820434,0.020635664
16,-0.2496509849391454,1.0946343384445658,1.7863273630526404,1.9585269721662701,0.17602655,-0.14496085
17,-0.28158358974991243,1.176377017343888,1.713846937814031,1.9259359084065817,0.1747718,-0.12240937
18,-0.3099358881716629,1.2581965099610892,1.6526422510531287,1.8819569016635596,0.17353722,-0.103171796
19,-0.3341424335636265,1.3403481492449365,1.601056353249822,1.832620964794823,0.1618046,-0.12189463
21,-0.36734230915392146,1.4900225214403058,1.4921563426640372,1.7424710473038691,0.14063403,-0.07825059
22,-0.37761712592848384,1.5583830407389343,1.4530310491707663,1.697718952717294,0.13841742,-0.081988215
23,-0.3848043010913345,1.626147817971277,1.4120369414475302,1.655262184274349,0.1389598,-0.08717656
24,-0.38915325957882746,1.6944780234660706,1.3684486607697348,1.6133842246606005,0.14234698,-0.093598336
29,-0.3630598330664589,2.0514834138048172,1.26205870608357,1.3669397565973662,0.08427493,0.19487742
30,-0.35378008497556157,2.092165344902189,1.359497414031301,1.3294731388306966,-0.010257401,0.14484116
0,-0.0777777777777776,0.2611111111111111,1.5707963267948966,1.5707963267948966,0.048013978,0.017511189
1,-0.07774640232192963,0.285122536619781,1.5795519212868552,1.5683327384750696,0.04995013,0.018484026
2,-0.07766189612949825,0.31010931213565057,1.5887939343836646,1.5666475996861935,0.04824101,0.054405242
13,-0.17549171226230229,0.919548094392397,1.9523689682271819,1.966138303009842,0.16974145,-0.14197913
14,-0.20873140509793578,0.997899479950357,1.881379404166017,1.9741703226377734,0.17446679,-0.15867183
15,-0.24277069955480407,1.0785212360813825,1.8020434911039214,1.963111988538195,0.17637543,-0.14885947
16,-0.2753171559617269,1.1603298477407509,1.7276137555625777,1.933546689763281,0.17497644,-0.12691167
17,-0.30444115001849625,1.2420909661497175,1.6641579205777983,1.8913883665485232,0.17413446,-0.10463402
18,-0.32953759217087,1.3243194357896542,1.6118409122016768,1.8424848380920913,0.16483125,-0.12505576
19,-0.34967752989982576,1.4033273506489063,1.5493130321290831,1.7974827390126142,0.15146251,-0.099124074
20,-0.3647577756948373,1.4763861912546723,1.4997509951379637,1.751081658473737,0.14161713,-0.07763049
21,-0.37567056128422877,1.5451151484293302,1.4609357501056532,1.705705194777988,0.1388289,-0.081109405
22,-0.38341126619292304,1.6130126480520002,1.4203810478237013,1.6630030629595052,0.13880916,-0.08610317
23,-0.3882857210404659,1.6812317262947978,1.3773294622686247,1.621203893328721,0.14162117,-0.092348516
24,-0.3903257140001713,1.7510026478343297,1.3311552042749266,1.578701944252862,0.1474559,-0.09979001
25,-0.38928247674144795,1.8236563192259985,1.2812602008369307,1.533959676415044,0.15668258,-0.10855198
26,-0.3845802096259843,1.9006722720017248,1.22698421130446,1.4854185190138158,0.15607156,-0.048383355
28,-0.3651330650183012,2.03985550536356,1.2508623833444457,1.3766141867480275,0.09711987,0.18023163
29,-0.3548760892009092,2.0866495565520573,1.340978198745523,1.3370788812825625,0.00411734,0.16149631
30,-0.35425840324259555,2.089091313068435,1.4217263544586043,1.3106150285116596,-0.04751599,0.07041547
0,-0.0777777777777776,0.2833333333333333,1.5707963267948966,1.5707963267948966,0.049614374,0.016503304
1,-0.07774734014239187,0.308144442037889,1.5790479789164404,1.568488429227524,0.048842423,0.047101706
2,-0.0776152552402608,0.33261636173957543,1.602598832049642,1.5627102358472524,0.047212712,0.09152213
14,-0.23647713793766614,1.064164212686197,1.8165093744781355,1.9669326942420173,0.17669776,-0.15244153
15,-0.26956064762223386,1.146036178911346,1.7402886087682585,1.9402640205934383,0.17516345,-0.13105235
16,-0.29937554636924996,1.2277441691501025,1.6747624362495284,1.8998584963020269,0.17424609,-0.10853544
17,-0.32523825427995257,1.3098490417752198,1.6204947168615202,1.8517462748577116,0.16744314,-0.12458107
18,-0.34638696318523565,1.3899007253610303,1.5582041824844222,1.8056553520109873,0.15380517,-0.102253914
19,-0.3622967852855389,1.463985795675784,1.507077225544725,1.7588260959314803,0.14238359,-0.077715546
20,-0.3737893119829396,1.5329942416776305,1.4682194525983672,1.7130908465495904,0.1392501,-0.080382705
21,-0.38204624055642733,1.6010306034831223,1.428028100230966,1.670149956262518,0.13871968,-0.08519137
22,-0.3874057283566428,1.6691676810094456,1.3854324157026152,1.6284011220607026,0.14101288,-0.09127048
23,-0.3899474996442739,1.7386269200620823,1.3397971774127821,1.5862090520114978,0.14629325,-0.098531455
24,-0.3894735235882829,1.8107235118659832,1.2905314500120024,1.542025172678571,0.15489286,-0.10706878
25,-0.38546941831393805,1.8869103484068788,1.2369970614698271,1.494296799495215,0.15851864,-0.072011024
27,-0.366648769954801,2.0313669135763153,1.2326236749675612,1.3855137952925167,0.10824327,0.16508123
28,-0.35562823598795273,2.0833575843348418,1.3151642913606505,1.342256305608657,0.023380864,0.18245588
29,-0.3527373155044497,2.094985002674794,1.4063922325756888,1.3131851056977466,-0.03809975,0.08971861
0,-0.0777777777777776,0.3055555555555556,1.5707963267948966,1.5707963267948966,0.049245816,0.040901452
20,-0.38064156631898033,1.5898231934216034,1.434250378110681,1.6779769211100724,0.13884237,-0.084552824
22,-0.38956373094702496,1.7272224554994626,1.3468048060920577,1.5934583432400926,0.14550196,-0.09733853
23,-0.38961616541675126,1.798922526569293,1.2981355423715453,1.5494068807258488,0.15355736,-0.105617225
24,-0.38621965526096214,1.874479315714465,1.2453269297864775,1.5021009685833893,0.16100255,-0.09304309
25,-0.37871797350989644,1.9532051381352749,1.1988053853299956,1.4497537453422498,0.14548677,0.04099384
26,-0.36806265491468243,2.023079180806696,1.2193023050811629,1.3924198468410194,0.11701357,0.15266377
27,-0.3564725101609074,2.0791725960219223,1.2956341887500624,1.3458089536308924,0.038525216,0.19911799
28,-0.3518228390266491,2.098015522654141,1.395193182924066,1.3137012442228815,-0.030649751,0.104219496
29,-0.35569279782982893,2.083943128981892,1.4473029310491423,1.2904004449072208,-0.061931506,0.03099224
30,-0.36437973941027807,2.0550046522978964,1.4627990509059767,1.267253472617725,-0.06740616,0.010378033
0,-0.0777777777777776,0.3277777777777778,1.5707963267948966,1.5707963267948966,0.05018086,0.07506916
27,-0.35167673912290837,2.097933704443137,1.3845612789180617,1.314672876493044,-0.023696281,0.1161176
28,-0.3546199626162551,2.0871972205498737,1.4426200772312026,1.2910909609234613,-0.05887641,0.036925107
29,-0.3628442431357009,2.059715256790957,1.461082630851541,1.268248504282586,-0.06650819,0.012073755
30,-0.3728758256432748,2.0288962862140916,1.467119508483682,1.2433898856483911,-0.06632942,0.0021071732
0,-0.0777777777777776,0.35,1.5707963267948966,1.5707963267948966,0.051333796,0.12268242
1,-0.07754227085347229,0.37588236872092967,1.632137537994657,1.553769518835416,0.046578474,0.18229428
2,-0.07687049370714374,0.4001615755801505,1.7232846776631217,1.5340841185979188,0.05146659,0.21618533
3,-0.07564402408888841,0.42772861898646863,1.831377343335424,1.520493226794163,0.08932482,0.22198904
4,-0.07369359377209195,0.47338585349380624,1.942371861138616,1.5381154404372321,0.14549151,0.24862891
27,-0.3539318846103956,2.089583277808013,1.4283269653704505,1.3061502886494292,-0.051231176,0.060395956
28,-0.3607022782461782,2.0656364114342503,1.4585249433901648,1.2835901644792067,-0.06664114,0.019869834
29,-0.37028369890848317,2.034562307127985,1.468459860482488,1.259167522232097,-0.06835149,0.006257832
30,-0.3808853241303696,2.0030452166453974,1.4715887765076499,1.2328763822983941,-0.06649819,-0.0010199547
31,-0.3919722896784169,1.972803360606613,1.4710787991669516,1.2054128408385145,-0.06400341,-0.019338787
0,-0.0555555555555554,0.15,1.5707963267948966,1.5707963267948966,0.015013367,0.08609739
5,-0.054730568761266925,0.17448879477916307,1.973819182315145,1.4417069914113498,0.012110576,0.32028568
6,-0.052654076577236246,0.18862891965801376,2.1339620212700705,1.410444961552163,0.1443824,0.17705703
7,-0.047004668158043064,0.2492051757088163,2.2224905351784567,1.5430372769870595,0.14473645,0.031517506
8,-0.04956550455549743,0.3089783362796835,2.2382492880013327,1.6783788335670382,0.12939382,-0.049378037
30,-0.4141662965716086,1.9393455141554434,1.226639554896627,1.4712303017020814,0.10852446,0.049518853
31,-0.4076964363572168,1.991505834147139,1.2513989816096167,1.4257363972477837,0.080976084,0.084416956
0,-0.0555555555555554,0.1722222222222222,1.5707963267948966,1.5707963267948966,0.016429007,0.083569765
2,-0.05534256774668853,0.1879506062939555,1.6659763465311865,1.5419820015685843,0.009110272,0.14397088
4,-0.05486335145147069,0.1974949165829233,1.8350916663792471,1.4909471940461345,-0.0070192963,0.26309478
5,-0.05461747809282704,0.1998040358666207,1.9666390577938895,1.4462889544053865,0.011447594,0.32195035
6,-0.05264133380880623,0.21363228166300852,2.1276142309096198,1.4136566026432866,0.14095044,0.18995303
7,-0.04705804258444571,0.27344198100815803,2.2225907454874854,1.5402944463570352,0.14414455,0.0388363
8,-0.04942236759350688,0.3329941534931351,2.242008895674024,1.6750782736487382,0.1271803,-0.04223028
30,-0.4064835321177399,1.9606109885850809,1.2277055392649512,1.451408969386123,0.10664028,0.07803476
0,-0.0555555555555554,0.1944444444444444,1.5707963267948966,1.5707963267948966,0.017844629,0.08104208
1,-0.05549679505875624,0.2034706171333962,1.6113173673537116,1.5580910224406506,0.01513353,0.10517609
2,-0.055332626876677095,0.2114637858589312,1.663905412950788,1.5428305249633183,0.01045014,0.14170744
5,-0.054451615102268626,0.22577146150465233,1.9599431688573699,1.4515335769822542,0.0132211745,0.32391226
6,-0.05246343043358527,0.24027106086537406,2.1218993003156523,1.4197648690283815,0.13770658,0.20201501
7,-0.04710349114093527,0.29945020066935846,2.2229068065669875,1.540294759712944,0.1431891,0.04502651
8,-0.04941112312204027,0.3586976524911018,2.245420062043939,1.6738270817719132,0.12540264,-0.037168354
9,-0.05793665875326442,0.4118687706691862,2.2268358851459364,1.780657656148541,0.15252139,-0.18668333
22,-0.3982503574436945,1.4995623194018373,1.5073477710273604,1.683052093314018,0.124776475,-0.057700038
29,-0.40532015613552436,1.9234471209898705,1.2281692112472395,1.47810391134969,0.12437454,0.0126698315
30,-0.3982267760002948,1.9835383143409944,1.2345041270044188,1.430406224449692,0.10652518,0.09185997
0,-0.0555555555555554,0.2166666666666666,1.5707963267948966,1.5707963267948966,0.019260257,0.07851443
1,-0.05549443368372847,0.22639387378690762,1.6100535402682166,1.5585473889048624,0.016354337,0.10356349
2,-0.05532366315774672,0.23497775315648683,1.6618352840330939,1.5436658636333458,0.012350902,0.13983019
3,-0.05505452101331656,0.24219914348076804,1.7317503775146346,1.524019927821287,0.007297553,0.18914084
6,-0.052171784538582205,0.26893627621128624,2.1171777556326727,1.4279325364039501,0.13468987,0.21310541
7,-0.04715038392058109,0.32757972972044996,2.223730460801397,1.5424746913483351,0.14193308,0.050017536
8,-0.04951258936722769,0.3864323609987013,2.2487392286446433,1.6742778590708864,0.1239361,-0.033877492
9,-0.05792411460841077,0.43892101087729685,2.231800482669149,1.7801933734541673,0.15033643,-0.19457856
10,-0.07600178743103987,0.5038465777739826,2.1345112035658698,1.8945245525986576,0.18080372,-0.2803236
11,-0.10784654724975261,0.5856616948757616,1.9943494061615805,1.9776589222499334,0.19243872,-0.17229721
12,-0.14698734381875797,0.6737918650274374,1.9082008014109473,1.9943323085103757,0.20015943,-0.086187094
13,-0.18729946136719355,0.7653191804576709,1.8651072541859488,1.9756498861998264,0.19326043,-0.07410821
14,-0.22417660877392434,0.8543876845752887,1.8280531475928168,1.9503949679467043,0.18532181,-0.061488986
15,-0.25719220843248347,0.9406111841496484,1.7973086545851569,1.9224243121071765,0.18134888,-0.11106521
29,-0.39616039498661265,1.9528170688073485,1.2304904172804694,1.4511987993157347,0.117165685,0.06568673
30,-0.3879887974617103,2.009254992465253,1.2633337835457663,1.4054477674526344,0.09052525,0.119467795
0,-0.0555555555555554,0.2388888888888888,1.5707963267948966,1.5707963267948966,0.020675875,0.0759868
6,-0.051787227925063246,0.29978526229372066,2.113788024583135,1.4379646492232032,0.13197702,0.22293147
7,-0.04721154030035475,0.3579894193370072,2.2252537618067603,1.5468324353321095,0.14037167,0.05356732
8,-0.04973806649225685,0.41634095325004883,2.252037421860967,1.676482377584581,0.12338635,-0.034273177
9,-0.058214168416869924,0.4685315497468706,2.234900833168302,1.7822018421751975,0.14905182,-0.20584264
10,-0.07625199905266164,0.5327124510341654,2.1319795111801962,1.8971062818480233,0.17414463,-0.26530614
13,-0.18622158457503324,0.7904822852933721,1.873414353528295,1.9789189259859437,0.19111499,-0.078030795
14,-0.22309298960902718,0.8784465136193634,1.8343989560988287,1.9556688672353422,0.18407619,-0.07932213
15,-0.2564668455136564,0.9639492590090609,1.794737891354833,1.9295076070719857,0.18044797,-0.11695939
16,-0.28704779874777886,1.0486634016265441,1.7362581948426108,1.903322478910141,0.1781968,-0.11760008
21,-0.38650130586064313,1.4595623214361129,1.4993236372855048,1.7031136435147423,0.13627052,-0.05086732
22,-0.3941510039710319,1.5264252533370928,1.473889977731977,1.666725761495003,0.13073416,-0.058260888
23,-0.39931833866775746,1.5909435159877099,1.444759533801351,1.6348100560408363,0.12791786,-0.06742677
29,-0.38597933734185125,1.9873271925860874,1.2353858510640006,1.4211787337249437,0.11305053,0.10275689
30,-0.37649278818237497,2.041772519128532,1.2867642949011664,1.378442630512823,0.05099401,0.1528
0,-0.0555555555555554,0.2611111111111111,1.5707963267948966,1.5707963267948966,0.027626198,0.058144122
1,-0.05549238572298461,0.2749761619215529,1.599868387975965,1.5619867018581541,0.022812892,0.095388025
2,-0.055309127777272274,0.28667918814037113,1.6475624004986624,1.5487325734382291,0.019906156,0.13035232
3,-0.05497768476782085,0.297436631218787,1.7127385596421103,1.5318577077637252,0.015956804,0.17581852
4,-0.05448248315488136,0.30723341295908313,1.8006478185441832,1.509604949173574,0.010511309,0.23696157
5,-0.05377730377564117,0.31634468806187566,1.9191286052253584,1.4790237477331043,0.022149678,0.32122844
6,-0.051897107288056264,0.33393348819158014,2.07974282751349,1.4518241982382314,0.11536698,0.26040092
7,-0.04767388944581089,0.3874834093940066,2.2099432880666594,1.5340960230822833,0.13945565,0.08861709
8,-0.049320703167410336,0.4462143152029457,2.2542518312719206,1.6598088012038905,0.124896556,-0.02887702
29,-0.3804630795350606,2.004124535395998,1.2478138292816023,1.4063584333745427,0.10723937,0.122101575
30,-0.3707485134440789,2.0558569691943234,1.3088646168496947,1.3670693361230206,0.025039792,0.1623888
0,-0.0555555555555554,0.2833333333333333,1.5707963267948966,1.5707963267948966,0.03344553,0.04888165
9,-0.05771310401346019,0.5377491193552444,2.2345893094923834,1.7713427241884,0.14377305,-0.19834128
10,-0.07427038362144628,0.5994343193296489,2.135418669381414,1.8849987147752936,0.16467468,-0.22392145
11,-0.10213962217068691,0.6739661513472258,2.0234579453852515,1.9631108372995079,0.18445152,-0.112992615
12,-0.1385531475613101,0.7585432370221252,1.966961638131414,1.9874283938097166,0.18375216,-0.114477694
13,-0.17605758592332002,0.8425906190964136,1.9097227911141257,1.9905121716705105,0.18229404,-0.096969485
14,-0.2127038252213596,0.9260766384499605,1.8612380484726767,1.9765837005747575,0.1813788,-0.12144402
15,-0.24770125842128923,1.0097161091131732,1.8005160401251654,1.9555898122019755,0.17841956,-0.13350073
16,-0.2799583142215609,1.0926706393279089,1.733765677609716,1.925874601400261,0.17662829,-0.122962445
17,-0.30887337241608215,1.1754933712831297,1.672284455099378,1.886407997253537,0.17553094,-0.10526618
18,-0.33393080529016134,1.2586234479558764,1.6196513632920126,1.8403843181231039,0.17433375,-0.08965954
19,-0.3548248288333059,1.3421013734996219,1.5748215923693518,1.7918985867548662,0.16040072,-0.09952605
20,-0.3705918317132523,1.4198543147903269,1.5250585685160498,1.7495022425863824,0.14662558,-0.07863858
21,-0.38197572609664904,1.4913102770752695,1.4857392768051962,1.7081461378259597,0.13680682,-0.06283939
22,-0.3898910223198498,1.5582992481740514,1.4543195823815207,1.6689714909912894,0.13329047,-0.0695678
28,-0.38406091441468787,1.9694652570237146,1.2212256352093558,1.4338622726638035,0.12389229,0.08671963
29,-0.37428539113834725,2.0290295924703567,1.2645854512837271,1.3856432868926745,0.08903625,0.15878819
30,-0.36537011984148765,2.072027569160781,1.3439795459297041,1.3500322357829497,-0.007028267,0.14877716
0,-0.0555555555555554,0.3055555555555556,1.5707963267948966,1.5707963267948966,0.032952085,0.075906545
1,-0.05545821465644144,0.32211874828696563,1.6087495992567877,1.559514577767174,0.026552666,0.12372345
2,-0.05518386008397949,0.3358848157477712,1.6706113229182105,1.5429028572169097,0.019165557,0.1746702
3,-0.05474634665187738,0.34688316976747635,1.7579464251783232,1.5201057965348113,0.018507682,0.20817712
4,-0.053992857027077575,0.3587838117210747,1.8620349849250655,1.4961815455476664,0.030755974,0.28104463
5,-0.05228953380366131,0.37863061179263535,2.0025573010232787,1.4761244363802006,0.07290994,0.33172294
6,-0.048949070109012734,0.4179107648600876,2.1684187735107283,1.499019789735907,0.14019412,0.16729282
7,-0.048264055787946174,0.4786998181094417,2.2520651827242713,1.618410179799499,0.12951954,-0.0014069676
8,-0.054157524873111755,0.5326965921936332,2.2513616989043097,1.7355628495453348,0.13191152,-0.14846668
9,-0.06688224274556659,0.5883542855282963,2.177128360667501,1.8475872223407435,0.1556387,-0.2424039
22,-0.39295454328120016,1.6084131365727812,1.4267838756230216,1.6429826981658486,0.13363764,-0.076126516
23,-0.39654665688373686,1.6743784190121396,1.3887206176903586,1.6073213133555182,0.13527411,-0.08433834
28,-0.375099483867981,2.018798200706186,1.2500845650818686,1.3941708468194258,0.10217405,0.14574382
29,-0.36523116821899065,2.068054969236317,1.3229564736273627,1.3552571641078002,0.010811403,0.16775712
30,-0.36395560983096226,2.0735065276266154,1.4068350354817252,1.3277442779000312,-0.046383977,0.08681813
0,-0.0555555555555554,0.3277777777777778,1.5707963267948966,1.5707963267948966,0.034123402,0.11903301
1,-0.055396486212854236,0.34505296017594295,1.6303128312018256,1.5531904455762604,0.024966635,0.16772474
2,-0.055002839695470554,0.3585097033129185,1.714175202944551,1.5309035521078456,0.017312914,0.21107891
3,-0.05440990539977474,0.369483044360689,1.8197146589544158,1.5039726508756794,0.029695697,0.25264066
4,-0.052972193178596375,0.3879440436110617,1.9460349912431578,1.4838449943937335,0.05083517,0.3329684
5,-0.05024671421399729,0.4181545152848624,2.1125191981580596,1.480666311778007,0.12772197,0.23334827
6,-0.047787007413077134,0.4762021368682869,2.2291933308031897,1.5770462038021293,0.13418606,0.058600694
7,-0.05163692822937415,0.5328426967254807,2.258493677773748,1.6963137561806632,0.12199812,-0.090845615
8,-0.061041646713738615,0.583806213904906,2.2130708704378943,1.8041139623475217,0.1453045,-0.21709326
9,-0.08000196015302671,0.647134844586057,2.1045242408898215,1.9096052915530983,0.17532063,-0.17194828
10,-0.11139132588604034,0.7271611929640357,2.018550098934446,1.972152236998285,0.17997928,-0.11785394
11,-0.14755797038542623,0.8095057508225239,1.959623129167829,1.9931249628135461,0.17970085,-0.11214471
12,-0.18456127784829848,0.8915617158666839,1.9035507748511176,1.9929661617382737,0.17895901,-0.10744107
13,-0.2207129297633013,0.9734604560836216,1.8498302410033087,1.978082835937873,0.17932591,-0.14092222
14,-0.2554073759618803,1.0561530428819723,1.7793691317227225,1.9556152307376948,0.17702577,-0.13578662
15,-0.28715030602215075,1.1383956059521363,1.7114758203413825,1.9210276261752246,0.17564781,-0.11871129
16,-0.3152404175763186,1.2207631936815488,1.652120173969541,1.8771308272562743,0.1748015,-0.09908643
17,-0.3392408951772109,1.303648317190908,1.6025769571450095,1.8281432797860748,0.16872498,-0.112984926
27,-0.3750927593363176,2.011604094224478,1.2337032268431525,1.4007868093478586,0.11253839,0.13451031
28,-0.3645006693018658,2.0657320999000666,1.3009583810952048,1.3578774402088925,0.03092628,0.18430287
29,-0.3609848187818094,2.080825892699119,1.3931098143246512,1.3274326681188786,-0.036211304,0.10510242
0,-0.0555555555555554,0.35,1.5707963267948966,1.5707963267948966,0.035955846,0.16574404
1,-0.05532018846322686,0.36838932157464094,1.653668345012937,1.5464677766606296,0.02294099,0.21901898
2,-0.054796609418112006,0.38158783126120654,1.763177835443292,1.5172929184937984,0.024314694,0.24585304
3,-0.05376031143306911,0.39695328011660236,1.8861043537643294,1.4912217780040036,0.044377334,0.29900038
4,-0.0514812281480751,0.4233994375788671,2.03560454497603,1.4808313905354498,0.112214774,0.31047693
14,-0.2760666582822145,1.1287127737479818,1.729968854286943,1.937722748780227,0.17554224,-0.12547794
15,-0.305582535435739,1.2105960864537955,1.6672298843648772,1.8948211243180124,0.1746476,-0.10492298
16,-0.3310245045309023,1.2929783590017574,1.6147683943298201,1.8456805132397587,0.16966254,-0.1114175
17,-0.35184934018681796,1.3741369970088801,1.5590596432473998,1.7978840275331596,0.15575239,-0.09820381
18,-0.3674221918764681,1.4493394182719703,1.5099577392127852,1.7519551295333933,0.14241113,-0.072738916
19,-0.3785078142424442,1.5185073390779833,1.4735882813718657,1.7077907592947597,0.13777463,-0.072470486
20,-0.38639116293131376,1.5859212167724508,1.4373530382898192,1.6668083163315788,0.13605705,-0.07825154
21,-0.3915259528127952,1.6528543919623806,1.3982272679593901,1.6279061590997854,0.137175,-0.08518243
22,-0.39408843592012355,1.7205342545289073,1.3556360537793974,1.589222749206587,0.14123394,-0.0930863
23,-0.3939819029975023,1.790266333485891,1.3090929026391844,1.5490600562775494,0.14848039,-0.101986945
24,-0.39081648573110706,1.8634653872343134,1.2580994303014617,1.5057751734417069,0.15691146,-0.099600405
25,-0.3839413720533809,1.9404220713610072,1.208299228050981,1.4575459378442626,0.14318502,0.026879013
26,-0.3740738406718804,2.0093760113468675,1.2217387343433241,1.4025651179981486,0.11738784,0.13519314
27,-0.3630514278125693,2.065704915111572,1.2893353040006499,1.3563912006474546,0.043171957,0.19337606
28,-0.35810633789453145,2.08668286236893,1.3860233361509184,1.3240568520154106,-0.02991344,0.11256859
29,-0.36175880850343994,2.07285281277351,1.44230762968329,1.3003395095671926,-0.063360244,0.036605805
30,-0.370364530787355,2.04310757706098,1.4606105322625975,1.2772560101705328,-0.07020533,0.013303578
0,-0.0333333333333332,0.15,1.5707963267948966,1.5707963267948966,-0.02277857,0.16866183
1,-0.03349134522424598,0.1391164531910877,1.6551272431996207,1.5405881947574236,-0.031428702,0.2282836
2,-0.034185417571461874,0.12594153672658262,1.769269042709146,1.493176079318223,-0.044005238,0.3141588
3,-0.03578987767700343,0.11173092384590382,1.9263484413411955,1.4169505111050884,0.0025770292,0.33776382
4,-0.03388890518624368,0.12235242867544081,2.0952303494003157,1.3735726700917883,0.1369288,0.19772221
5,-0.026039925832494218,0.18018891897023614,2.194091455140386,1.4971249399626965,0.1656599,0.08233878
6,-0.02646573343542469,0.24904198204388928,2.2352608452227454,1.650614167679594,0.15075064,-0.02180779
7,-0.035950679397232996,0.31337172649527184,2.2243569503214697,1.777096139265528,0.13419373,-0.07691631
8,-0.051377525354767195,0.37224215659049015,2.1858987967160086,1.8715928033669933,0.16924289,-0.22639725
9,-0.07917137949327445,0.44762834745189245,2.0727001736548285,1.9660170148939071,0.20022625,-0.289462
10,-0.12040189127186193,0.5386063764460515,1.927969173589025,2.0155687537995624,0.20417126,-0.15807942
11,-0.16387723248690725,0.631178853458201,1.8489294658091406,2.0005126824151844,0.20532827,-0.056238085
12,-0.20445874934833974,0.7247403174078907,1.820810423293386,1.9602781132715763,0.19654855,-0.048936695
13,-0.23992267197520772,0.815796512663687,1.7963420758631568,1.9247197742394446,0.18821827,-0.038419545
14,-0.2709492212875885,0.9041479911380167,1.7771323035147528,1.892967859700682,0.18335998,-0.08626899
15,-0.29891325406411606,0.9912625503722319,1.7339978078987937,1.8688771836845912,0.1816532,-0.07774392
16,-0.3242331205277926,1.0781254772171807,1.6951258490469794,1.839500964571918,0.18032724,-0.06609443
17,-0.34664115373351545,1.1649752773985078,1.6620786348965506,1.8070654118846692,0.17906857,-0.057814002
18,-0.36604316793679675,1.251865073144557,1.6331716338780264,1.774110714738091,0.17776258,-0.053484976
19,-0.3824942869851423,1.33871928060285,1.6064291457321982,1.742128254342327,0.16692948,-0.08093497
21,-0.4052554610117065,1.4931374283734857,1.5282803634789328,1.690253610021028,0.12642652,-0.06171128
22,-0.4119878629442698,1.555633842258303,1.497424722709928,1.6657363993773686,0.11533603,-0.0649088
23,-0.416791537747688,1.6127937993873285,1.464970321455274,1.6432196561338195,0.10576756,-0.072901726
29,-0.4150958903503353,1.9462779346390147,1.225085319080625,1.4672319043916027,0.10474699,0.062733084
30,-0.40865965553819905,1.9965204152353668,1.256451861062322,1.4218570038484384,0.07035864,0.082873106
0,-0.0333333333333332,0.1722222222222222,1.5707963267948966,1.5707963267948966,-0.021362916,0.16613416
2,-0.03413192929849749,0.14940141150082747,1.7671756307270865,1.494536182233538,-0.0426433,0.31170714
3,-0.03565567113894384,0.13565822423348137,1.9230292002346854,1.4197666338193018,-0.009376727,0.34483042
4,-0.034541258238169184,0.14170674645548978,2.095444412031446,1.3639861845417598,0.13515982,0.20462292
5,-0.026244842349508562,0.19859275671060042,2.197755874195371,1.4870278867645885,0.16496626,0.08476725
6,-0.026050140157758413,0.26662203311973176,2.2401395002987723,1.6425493673701699,0.15171812,-0.020194441
7,-0.035123154324261,0.3310156573465352,2.2300422797587256,1.7721428271723576,0.13104641,-0.06822154
8,-0.049816596253494466,0.38835600239917917,2.195931510129247,1.865991241944368,0.16431727,-0.22286853
9,-0.07628685373361115,0.4612278238618936,2.0844972441580634,1.962251603629274,0.19579098,-0.29097185
10,-0.11638189406544364,0.5500567594321306,1.9390113214638571,2.0162345430905724,0.20133442,-0.16167441
11,-0.15951997138188026,0.6412844985276049,1.8581741164114813,2.004869410653852,0.20456992,-0.05956489
12,-0.20047415995524193,0.7343401693989048,1.8283916721728186,1.966407222127722,0.19578034,-0.052254587
13,-0.2364052581050147,0.8248296922156378,1.8022643784668784,1.9316223424520693,0.18747231,-0.041117877
14,-0.26792199504012704,0.9126145748314104,1.7817054400828223,1.89993192997526,0.18287021,-0.0923827
15,-0.29642189480660663,0.9993100755289899,1.7355140904572348,1.875753132531698,0.18095985,-0.08768365
16,-0.3222283074683604,1.085674003437358,1.691672266521726,1.8458644300738067,0.17972183,-0.072705865
22,-0.40964556338748964,1.5593154626734032,1.4909592876818518,1.6617601663500088,0.11489952,-0.065087974
29,-0.409699864261841,1.9592502421679312,1.2262339601900916,1.454371710360443,0.104679205,0.07769388
30,-0.4026184360994381,2.0094646145799593,1.2650808999922614,1.4095438532144446,0.06290704,0.094062895
0,-0.0333333333333332,0.1944444444444444,1.5707963267948966,1.5707963267948966,-0.020285614,0.1653688
1,-0.03346995409174245,0.1847843586484081,1.6534807244923453,1.5414096661692713,-0.029072635,0.22562206
2,-0.03408993952588125,0.17268336216806293,1.7662917534497122,1.4953406721752387,-0.041419618,0.31018656
3,-0.03554344641958274,0.15941410965830533,1.9213850359108786,1.4216857043759992,-0.01635237,0.35067132
4,-0.03488822214035955,0.16286212812535789,2.096720696487699,1.358424239324576,0.13366836,0.21040258
6,-0.02579097905631811,0.28641415402734216,2.2451630095627646,1.637795917610848,0.15209344,-0.019881517
7,-0.034608403389615405,0.350665601796218,2.2352222512152533,1.7695514287458551,0.1285666,-0.062591165
8,-0.04881110941195807,0.4067893059889101,2.2039266685631613,1.8628116980024478,0.16057679,-0.22376004
9,-0.07437379463272734,0.4777217682949884,2.092046649256025,1.9604523333311932,0.1910944,-0.28852198
10,-0.11337921193446708,0.5643092197694914,1.9477856616165976,2.0167216346114207,0.19978532,-0.1621466
11,-0.15636677232918286,0.6547804272318998,1.8667123625662665,2.0079935051796465,0.20350333,-0.06260574
12,-0.19752240739994611,0.7472376191107416,1.8354094932463507,1.9714907105826458,0.1947174,-0.055247933
13,-0.23377451805187546,0.8370602932970973,1.8077855269101004,1.9376456420522856,0.18644302,-0.043545306
14,-0.265658231665409,0.9241724371852471,1.7860128740456442,1.9061786003049201,0.18223393,-0.10062912
15,-0.2946249648116988,1.010404721390897,1.7356983135130744,1.8822205116102761,0.1801869,-0.09769398
16,-0.32085543035717856,1.0962389037845608,1.686851323643003,1.8516173239800244,0.17904723,-0.07929456
17,-0.34395130528278,1.1821258516568887,1.6472040424731116,1.8152048825114886,0.17807817,-0.06469682
18,-0.36368226778908824,1.268250474691792,1.6148556331780295,1.7770975257572583,0.1768818,-0.056542546
19,-0.38005331184976915,1.3544928563106555,1.5865843603995184,1.7401141799549675,0.16183895,-0.07904133
20,-0.3924632844929636,1.4340547035137279,1.5470636943962912,1.7104949021398541,0.14202082,-0.070632786
21,-0.4013317318565657,1.5040998834908887,1.511747301616941,1.6826802270251746,0.123888,-0.05879855
22,-0.40741428692520654,1.56532392574832,1.4823480258372168,1.6568373767135873,0.11409969,-0.06548697
23,-0.41164119512544484,1.6218831379202863,1.4496045420554022,1.6336411713089025,0.11036724,-0.07365301
24,-0.41447194224065453,1.6766862163271183,1.412778035798345,1.6107350678473054,0.11238463,-0.08151099
29,-0.4033548736943342,1.9771167433822396,1.228315652408872,1.437700762990851,0.106162496,0.08680281
30,-0.3953301949032808,2.0281191619130454,1.2717170576241354,1.3944158740046562,0.047647346,0.11680299
0,-0.0333333333333332,0.2166666666666666,1.5707963267948966,1.5707963267948966,-0.015669473,0.15548939
1,-0.03343072983589211,0.20925310643878622,1.6485410193589072,1.5435648361455256,-0.026415989,0.22180605
2,-0.03395931682567535,0.19829651243009533,1.759444044032369,1.4992799764787363,-0.039311342,0.3039611
3,-0.035285720635705516,0.18558129530889395,1.9114245931294302,1.4284693999061102,-0.025841914,0.36088946
4,-0.03529647818444652,0.18532738206245736,2.091869325437818,1.3546948130812262,0.13041925,0.22304294
6,-0.025473520788810752,0.3069768312642729,2.249289901056562,1.6299431291515498,0.15279788,-0.016600221
7,-0.033864428301194315,0.3712101162758433,2.2409897903588156,1.7643129384050389,0.12704569,-0.05717486
8,-0.047559737818656876,0.4265014594730557,2.2124023596432547,1.8580748544606371,0.15620548,-0.22197285
9,-0.07199025135027297,0.49519727485353265,2.101415933170591,1.9569647681752882,0.1859498,-0.28587773
10,-0.10968380962184882,0.5793308729360636,1.958477065959249,2.016292386712113,0.19960509,-0.16258028
11,-0.15275629492579643,0.6696847691932848,1.877186925211225,2.010775370934999,0.20232467,-0.066829264
12,-0.19410082831843625,0.7615095869084191,1.8437722931292395,1.976970331598292,0.19354123,-0.059030205
13,-0.23070216244419106,0.8506011243072726,1.8142571906235556,1.9443996686226368,0.18563282,-0.052529007
14,-0.2630859383702351,0.9371304063927685,1.7879926870253424,1.9136547470791427,0.18164855,-0.10566282
15,-0.2925607393510521,1.0228707348512605,1.735161275663648,1.8887485616441357,0.17935927,-0.108216226
16,-0.31920101595326295,1.108146648893074,1.6810531626131873,1.8572978085006382,0.17832732,-0.086194545
17,-0.342576564995748,1.1935096635929565,1.6379558900978903,1.8186422471167782,0.17751744,-0.06825581
18,-0.362391695367094,1.2792139570852952,1.603827984133039,1.7777111088298292,0.17495391,-0.06650597
19,-0.3785582199986898,1.364455609671785,1.5705749998476843,1.7390069829025625,0.15844786,-0.07630679
20,-0.39048267621573596,1.4422575411788705,1.5324216047909598,1.7065018772153886,0.13917124,-0.06597391
21,-0.39881517818806483,1.5108409410804267,1.499434650936399,1.676767734704485,0.12334433,-0.057549
22,-0.404468250520264,1.571782668938882,1.4706601510432105,1.6497583499183028,0.11701162,-0.06552848
23,-0.4083419252344184,1.629775349654225,1.4378959099438529,1.6249665075291304,0.11654735,-0.07417548
29,-0.394885595383166,1.9958350127501956,1.2492721686747412,1.419145256936667,0.1007496,0.103850275
30,-0.3864480405516758,2.044437313935801,1.301197306313787,1.3812576269395624,0.018429108,0.12910306
0,-0.0333333333333332,0.2388888888888888,1.5707963267948966,1.5707963267948966,-0.007531196,0.13289703
1,-0.033371181202441,0.2354238922355997,1.637244843938623,1.5481181366665442,-0.02211532,0.21389097
3,-0.034799092557544174,0.21516897578735808,1.8905115659025054,1.4420961258762584,-0.033447213,0.36185914
6,-0.02487257705382259,0.3242676428623747,2.2506435001876692,1.6071295155893937,0.15543985,-0.003003031
7,-0.032036611408887,0.38911128933856787,2.249141984679971,1.747262378634333,0.13047272,-0.054918706
8,-0.04518816094115228,0.4455066201818374,2.2216826314714293,1.8473378007499623,0.14967148,-0.2071645
9,-0.06768407845277839,0.5109962793449176,2.1181003833797316,1.9467369255047489,0.18034697,-0.28520015
10,-0.10348818693347216,0.5924115720302298,1.975500308969293,2.0126674503552047,0.19793606,-0.16586342
11,-0.14618648634184794,0.6820469122406577,1.89256859669951,2.0134238319800035,0.20148382,-0.072016
12,-0.18785758266201524,0.7733996577878853,1.8565605963256697,1.9837368533579367,0.19263895,-0.06456876
13,-0.22502382028503137,0.8618463380627024,1.8242762173202376,1.9533670924025754,0.18500866,-0.062140435
14,-0.2581468330966085,0.9478103543125077,1.7932059998300414,1.9237144438077867,0.18113789,-0.11032829
15,-0.28836327574828086,1.0330133860782569,1.7380418563869338,1.8979963963861746,0.1787202,-0.11559433
16,-0.3156565170323127,1.1177377432314715,1.6802446926620345,1.8656150187144203,0.1775068,-0.097210735
17,-0.33957694496353535,1.202496049111419,1.6316393251207213,1.8256771766632887,0.17683125,-0.07518092
18,-0.35977777032825864,1.2876486056138834,1.594048866131578,1.782064710903414,0.17314458,-0.07744631
19,-0.3760411093330236,1.3718713895915295,1.5553257102754454,1.7411376007484938,0.15598749,-0.07744542
20,-0.38779329269984547,1.4483192224671835,1.5166030014541487,1.705392849707273,0.13661444,-0.062037945
21,-0.3957854396110218,1.5155254316035256,1.4855840290572981,1.6729810047535916,0.12690963,-0.05676517
22,-0.4012605481954467,1.5781641685382084,1.457201444604669,1.6430394299584197,0.123671114,-0.06571171
23,-0.4048418992234251,1.6394140264407058,1.4243455911662917,1.61518890748274,0.123299114,-0.0748899
24,-0.4067195224557788,1.7005826170740592,1.3869006420162062,1.5874406582712772,0.12574479,-0.084177166
29,-0.38504843987868503,2.0183278908221576,1.2700165594604353,1.3975215891846757,0.07868505,0.12881261
30,-0.3777318075827418,2.056330367355611,1.3344228650119643,1.365855325529957,-0.011479013,0.14267479
0,-0.0333333333333332,0.2611111111111111,1.5707963267948966,1.5707963267948966,0.00060708076,0.11030468
1,-0.03332807448285726,0.26161694723227213,1.6259486685183386,1.5524659290821694,-0.017844185,0.20603824
2,-0.03359579424258189,0.25427482787150535,1.7289677868273596,1.5142502236070663,-0.029010348,0.28148076
3,-0.034385497660985545,0.24488139547471405,1.8697081665184836,1.4547869250090035,-0.03369923,0.36060703
8,-0.043096621177027714,0.46629832717765246,2.2299012998726706,1.8373581818839313,0.1436405,-0.19403037
9,-0.063863113017945,0.5288330055758262,2.132886112728391,1.9368010053458968,0.17444105,-0.28197446
10,-0.09772468089977521,0.6073771529661572,1.9918988804009299,2.008140421773347,0.19666731,-0.16725978
11,-0.14002660613198853,0.6964786120457743,1.9082689891245703,2.0150056811534984,0.19898248,-0.07565427
12,-0.1815968727236415,0.7866323733695995,1.870441854992185,1.9899774850972276,0.19161889,-0.07094473
13,-0.2192797880449544,0.8743966481130107,1.8349694917586188,1.9623221137859235,0.1843167,-0.07301977
14,-0.253139244002734,0.9597634298217801,1.7984596053746085,1.9340515638391318,0.18057825,-0.115446955
15,-0.28410513977037827,1.0443921936851992,1.7407361278918128,1.9075123427472696,0.17825893,-0.11804074
16,-0.3120557902869755,1.1286149793838842,1.681715757646833,1.8736820357618065,0.17680995,-0.10566476
17,-0.3365294257004281,1.2128381307930878,1.628883377709661,1.8328991141431104,0.17605597,-0.08465478
18,-0.3571789989081103,1.2974271261781642,1.5865559885886054,1.7877028521282394,0.17111444,-0.091347575
19,-0.3736541350508935,1.3805271459177115,1.5408822009947638,1.745176020207541,0.1532381,-0.08029619
20,-0.3853580799602584,1.4554461917315158,1.5007341066983084,1.7062991656164068,0.13698506,-0.051178575
21,-0.3932412994452436,1.522620132277948,1.475144819417272,1.6693725567485016,0.13139397,-0.058112532
22,-0.39858906113380443,1.5874363934153584,1.446088553467069,1.6369831826199708,0.12843005,-0.06719926
28,-0.3857721512103126,1.9857613190921426,1.2322995076563696,1.4223414555372549,0.11452375,0.101907104
29,-0.376205041995438,2.0408861063292347,1.283253059783254,1.3786694735714748,0.05548895,0.15462986
30,-0.37055463870975686,2.067685596720079,1.360567987957273,1.3491269243631168,-0.025269717,0.12982659
0,-0.0333333333333332,0.2833333333333333,1.5707963267948966,1.5707963267948966,0.006422803,0.10106304
1,-0.033304841241113825,0.28671171109139776,1.6213278482344489,1.5543242865556859,-0.007608913,0.17474446
2,-0.03338670811114888,0.2840367969468927,1.708700076737676,1.5238565464945732,-0.023096167,0.2664808
3,-0.03391740014185258,0.2766139950330993,1.8419404784825186,1.4706696493695273,-0.034388974,0.35908723
4,-0.0347737290550174,0.27022025654948106,2.021484092870031,1.3908839703926912,0.058437735,0.31079397
5,-0.02931034146917131,0.30210347233474677,2.176881075897489,1.4137821470512026,0.14858079,0.14790604
6,-0.024349880273770125,0.36230345727182045,2.250834093489919,1.5596981440104198,0.1600677,0.029013842
7,-0.028831050179509085,0.4280010208457288,2.265341014662061,1.7107353137076386,0.13681588,-0.052915215
8,-0.040596945817204036,0.48611840775636683,2.238883406915937,1.8242239521947838,0.13661942,-0.17523977
9,-0.05932857731533597,0.5452459388335903,2.151263521113668,1.9230618111975761,0.16704056,-0.27411774
10,-0.09066607071151224,0.6201490820543223,2.0142046521094183,2.000539757691493,0.19379897,-0.1731098
11,-0.13207240584649213,0.7080067868537961,1.9276497522976737,2.0163548226803227,0.19549465,-0.08033329
12,-0.1733646931280506,0.796505455645049,1.887483106055532,1.9972175964952645,0.1902304,-0.07882261
13,-0.21161016615375422,0.8833755035372723,1.8480717996743063,1.9730200369132849,0.18377149,-0.08248922
14,-0.24637344145666595,0.9681459263422691,1.8068271885302405,1.9461788547662389,0.18010403,-0.120731354
28,-0.3814892544338518,1.99762510713055,1.2395050982621054,1.412196462464323,0.11154708,0.11483753
29,-0.3716561185530259,2.051370665486634,1.2969238618996481,1.3706449267277125,0.03931221,0.16288061
0,-0.0333333333333332,0.3055555555555556,1.5707963267948966,1.5707963267948966,0.005397305,0.1322928
1,-0.033299806854780296,0.30854107310431134,1.6369427303459982,1.549171071867423,-0.0053899437,0.18239713
2,-0.03334561127228116,0.30723160734208943,1.7281412939217429,1.517794411056333,-0.022094846,0.2808172
3,-0.03383376826681189,0.30099128343617715,1.8685498992588858,1.46211878864859,-0.01792381,0.36154816
4,-0.03360637947421015,0.30238311816729524,2.04932397703198,1.3951991668399437,0.08558982,0.2902089
5,-0.027348706521036187,0.343970207673679,2.1944284299996237,1.4501218001015206,0.15216239,0.13232808
6,-0.024542475076271567,0.406176559110063,2.2605924690749983,1.5971089253043746,0.15455914,0.0087271035
7,-0.031027641577687143,0.47011585511705273,2.2649560208108763,1.7395318442612853,0.12958628,-0.081606776
8,-0.04362177889216322,0.5251947128680033,2.2241526330497603,1.8455693381532228,0.14199847,-0.20450702
9,-0.06466957109722424,0.5871267613294006,2.121899121501718,1.9425527945781906,0.16605869,-0.24518791
10,-0.09704181527507208,0.6620436312087725,1.999305167296205,2.0059016895178305,0.19085248,-0.105077714
11,-0.13769174414927784,0.7485067489398094,1.9467663104322295,2.0115597749007095,0.18852587,-0.10653669
12,-0.17762626615992763,0.8339991994811276,1.8934979672220091,2.0017414923896486,0.18577512,-0.08951166
13,-0.21547948090509914,0.9186744149552514,1.8487421358611922,1.9794678906409984,0.1817496,-0.109063685
14,-0.2504976512916139,1.0023394744281293,1.7942102933910231,1.9534711897127515,0.17873344,-0.12755558
15,-0.2825345058151073,1.0854726303189675,1.7304325039174895,1.9221574874425729,0.17689624,-0.12006223
16,-0.3111680795741152,1.1685168507453212,1.670401387908731,1.8824924043281652,0.17576358,-0.10380179
17,-0.33594938980800565,1.25186410870598,1.6185004944589476,1.8367970472864126,0.17502718,-0.086004555
18,-0.35662824591895836,1.3357536339309242,1.5754982168462615,1.7884259275325254,0.16178587,-0.099446684
19,-0.3722880759075767,1.414267134533801,1.5257748747852187,1.7465504230033304,0.14735168,-0.07708052
20,-0.3835347276595632,1.4861343097298207,1.4872346157815794,1.7056082831379897,0.13662535,-0.059848398
21,-0.3912907707257047,1.55307336849953,1.4573104167964797,1.667023616061139,0.13266087,-0.0669817
22,-0.39644831594637203,1.6184492063847038,1.4238195652749877,1.632078606728136,0.13159558,-0.07510418
23,-0.399350864009577,1.683513141235846,1.3862674767759184,1.598528197475568,0.13343838,-0.083889246
28,-0.3768240352638697,2.0208151360873954,1.2611297006395201,1.3923540432314216,0.09566216,0.14820187
29,-0.36754547483885025,2.0670129520835956,1.335230634608541,1.3558757523058533,-0.0013443977,0.15445364
0,-0.0333333333333332,0.3277777777777778,1.5707963267948966,1.5707963267948966,0.006179869,0.17878048
1,-0.03327779955483697,0.3313900162803981,1.6601865674045424,1.5416802889396342,-0.009814009,0.22786388
3,-0.03390260881854354,0.3236037974592799,1.9315538490798811,1.4378209087146396,0.010318905,0.36664128
4,-0.031644716700632236,0.3380852854990881,2.1148744905975203,1.3974979833188002,0.12773359,0.22947787
5,-0.0251208230453233,0.39328448744914946,2.2296134243395667,1.5089480557634376,0.16259122,0.08997661
6,-0.026368046751789834,0.4599862496914854,2.274601728716169,1.6639731019970834,0.14368318,-0.036307126
7,-0.036063706481023826,0.5199733073916433,2.256448165574346,1.791251814205562,0.12232357,-0.13012144
8,-0.05061547230335616,0.5722273707853847,2.191387445726667,1.8873084453746891,0.14540365,-0.22728893
9,-0.07509165149753988,0.6365691690815188,2.077742979922567,1.9726219042124222,0.1823266,-0.20207182
10,-0.11265684518529556,0.7191666776361935,1.9767070720579962,2.0152621562984696,0.18823221,-0.09797475
11,-0.15313365619865033,0.8042602801257523,1.9277196983483176,2.011939514671628,0.18518835,-0.09650934
12,-0.1921020709494319,0.8882629637725339,1.8794650296357016,1.9966527777979144,0.18250257,-0.09494501
13,-0.22880025261883516,0.971638372096808,1.8319925228741507,1.973003704755248,0.17953104,-0.13108411
14,-0.26287433918554776,1.054553102515393,1.766450465717588,1.946460343504779,0.1772681,-0.12934908
15,-0.2938065374520407,1.1371507584658114,1.7017759243634085,1.9103639862941866,0.17589834,-0.114227325
20,-0.385705700163176,1.5276474583701447,1.468967811265264,1.686241431814194,0.13536482,-0.06660852
27,-0.3774225947482358,2.0064446131303693,1.2356311688807349,1.4048926672310504,0.112400055,0.12717599
0,-0.0333333333333332,0.35,1.5707963267948966,1.5707963267948966,0.008651756,0.22560048
1,-0.03323357858072327,0.3551507724265392,1.6835965673115592,1.5344128264865688,-0.013230093,0.27443072
2,-0.03341254282275708,0.35203332226586703,1.8208119283106665,1.4847906344790764,-0.0149324685,0.3502503
22,-0.395714465101209,1.699908282519703,1.3702363456275801,1.5973411754210565,0.13821149,-0.08892894
23,-0.39623232669360836,1.7681974345610065,1.3257718766715865,1.559172529708471,0.14426205,-0.09781855
24,-0.39396441244519154,1.8394114588916892,1.2768625999477248,1.5184167594817886,0.15375543,-0.10772741
27,-0.3689438253713696,2.044732361306605,1.2715251828220229,1.3722018685323993,0.07318545,0.17709239
28,-0.36114945280562843,2.0800877145302916,1.3600713769581656,1.3380819647507591,-0.016392924,0.13978833
29,-0.3630137427352125,2.0726273785087552,1.4299655417588095,1.3129575293263636,-0.058398023,0.054243147
0,-0.0111111111111109,0.15,1.5707963267948966,1.5707963267948966,-0.06136185,0.25534832
1,-0.011810502296861832,0.1206112040641947,1.6984704891827445,1.5194802367147235,-0.07592653,0.35097033
3,-0.014228534730574291,0.09250205056136604,2.0555511275914053,1.3587247663171975,0.12739864,0.22594869
4,-0.005406067930476961,0.1477910459867053,2.168525473275457,1.4666071677260388,0.1592677,0.09839243
5,-0.003570881608248223,0.21401374573000442,2.2177216867592673,1.6143238912783229,0.17497474,0.028119922
6,-0.01261272656627684,0.28931692942438425,2.2317816476014,1.7589620381189248,0.14843717,-0.046836257
7,-0.028809902293337648,0.35450959157060113,2.208363519110952,1.8638306476044713,0.14243972,-0.11774778
8,-0.05096749294200083,0.4177013385231798,2.1494896272805075,1.9462758252499963,0.18488103,-0.29313985
9,-0.08783591999943965,0.5004780064860997,2.0029197047140936,2.0214884886657702,0.19432063,-0.22960988
10,-0.13117035374115874,0.5880626584639279,1.8881147662785391,2.0322034412002106,0.2099346,-0.09478998
11,-0.17600148605240887,0.6824496395297422,1.8407197753575186,1.9956068998220073,0.2007407,-0.05104664
12,-0.21518509380021822,0.7740775647723966,1.8151964555170874,1.9550361720381977,0.19217287,-0.044754237
13,-0.2494029618824775,0.8632665376183459,1.7928193370488028,1.9199152688224772,0.18521883,-0.05752948
14,-0.2796678107367431,0.9503864620870602,1.7640545974161963,1.8904161206589352,0.18171555,-0.09834805
15,-0.30709946215088785,1.0367971403525358,1.7148805717614035,1.8647729659308727,0.18033028,-0.08179954
16,-0.3317074196803719,1.1230756799561912,1.6739808032896857,1.8320826813913074,0.17919415,-0.06763467
17,-0.35316407449954745,1.209468467630106,1.6401634673264365,1.7964719925086452,0.178101,-0.057769477
18,-0.37140134325120294,1.2960160480219967,1.611278728642736,1.7608201355471549,0.1740457,-0.06963146
19,-0.3863870995326694,1.3812620321790874,1.5764629999783377,1.728675146934972,0.1559766,-0.07707909
20,-0.39752962219895116,1.458081498839965,1.5379234562304358,1.7005507205110777,0.13572642,-0.06552321
21,-0.4053779743945986,1.5250943596207176,1.5051618526366095,1.6739788490250203,0.12077168,-0.060040116
28,-0.41106073876927324,1.9307575279142153,1.2270448515799384,1.4767041110056147,0.11577931,0.029105306
29,-0.40442623444033143,1.9865529259615033,1.2415975044157843,1.4302070896508094,0.099145174,0.09079543
30,-0.3966602757268763,2.0343006605373524,1.2869952181961875,1.3913150247591963,0.024934817,0.111003846
0,-0.0111111111111109,0.1722222222222222,1.5707963267948966,1.5707963267948966,-0.058965147,0.25283474
1,-0.011772835663084668,0.1439979353913831,1.697213695445333,1.5203386164865442,-0.07466707,0.34921077
3,-0.014676112795143552,0.11316801653597013,2.0533659617092948,1.3539081768478543,0.1245329,0.23544273
4,-0.005657757655428117,0.16741476045698642,2.1710873256113867,1.4587269436844024,0.15827033,0.10200617
5,-0.0033563488344065463,0.2328524179399492,2.2220904091980795,1.6073550490992567,0.17556396,0.030124456
6,-0.011968938571649722,0.30804980758535505,2.2371526370432715,1.7548341522759088,0.14913172,-0.047299474
7,-0.027990307603031398,0.3733335278954919,2.2135028998043875,1.8620594702513633,0.13958979,-0.11874467
8,-0.04953458963208165,0.43510131902722876,2.154130564132009,1.9448222885833493,0.18162349,-0.29067168
9,-0.08560505222235447,0.5163162191002957,2.008794725933347,2.02103275453852,0.19190666,-0.2261081
10,-0.12842510415840305,0.6027732563928975,1.8957406739380698,2.033548426231723,0.20835242,-0.0775809
11,-0.1730718127049658,0.696367357684934,1.8569502244379859,1.9980510777758123,0.19933684,-0.0676381
12,-0.2125567651525451,0.7873232938720868,1.8231311748411994,1.9627484582034034,0.19090779,-0.05261585
13,-0.24729222637629109,0.8756702817343713,1.7968232492592673,1.9284790616435068,0.18442604,-0.067480445
14,-0.27816661333359155,0.9621611629114101,1.7630830268051962,1.8986483934391756,0.18098256,-0.105526805
15,-0.3061171265787847,1.0479922667547361,1.7103196243431906,1.8712926428634724,0.17959705,-0.08893955
16,-0.3310782478156589,1.133726336699331,1.665849850573812,1.8364449708515502,0.17861855,-0.071356595
17,-0.35269469279586,1.2196794512141158,1.6301715532925467,1.7980468379297,0.17769435,-0.058782667
18,-0.370879319218988,1.3059223442227161,1.600780219831739,1.7596147376849023,0.1724223,-0.07686898
19,-0.3855621143132342,1.3903594781561102,1.5623457292702536,1.7260791444607289,0.15365162,-0.07612243
20,-0.39624453816619876,1.4659881017195886,1.5242845127966742,1.6958184805395735,0.13309592,-0.060325027
21,-0.40356169107848744,1.5316570314396292,1.4941219995406012,1.6676347164511245,0.12023437,-0.059384227
22,-0.4085869385636724,1.5911535786897775,1.4644298861410956,1.6423356413041752,0.11297357,-0.06804636
23,-0.41196048109869293,1.6472099943563843,1.4304067055371146,1.6191318704263786,0.11344614,-0.07643345
24,-0.414012436593738,1.703552824142531,1.3921899805453162,1.5948241076384628,0.116436854,-0.08464819
29,-0.3971924827142563,2.0028841447705057,1.2612389187004904,1.41317158587302,0.08331208,0.100297034
30,-0.3901006804804658,2.0431042522575926,1.3113874355938773,1.3813218126060716,0.0038122311,0.11959559
0,-0.0111111111111109,0.1944444444444444,1.5707963267948966,1.5707963267948966,-0.050826877,0.23024231
1,-0.01162408629347697,0.17005115913796978,1.6859174827721457,1.5259116671912254,-0.071566805,0.3401129
3,-0.015193857301824163,0.1343765395581243,2.03661568562058,1.3544549272544655,0.104643136,0.2581302
5,-0.002948227048104493,0.24519294227438382,2.223715485134397,1.5829439031892496,0.1743385,0.037030667
6,-0.009753622882395388,0.319078891935277,2.242230818667684,1.7347719618660637,0.15330365,-0.040722877
7,-0.02498794030796122,0.3858415945987166,2.221869380274091,1.849097458025628,0.13253558,-0.09594318
8,-0.04449403476606986,0.4443672171509031,2.1738977889206748,1.9307747373040327,0.17051208,-0.266394
9,-0.07710404824135463,0.5202603331527725,2.04070079425839,2.0117883380950143,0.18590626,-0.2457256
10,-0.11835607756147323,0.6040081272807675,1.9178379933026175,2.037434495599105,0.20886937,-0.108614504
11,-0.16399212437685054,0.6977089422999239,1.863530741133962,2.009099158467767,0.19960594,-0.062195897
12,-0.20442165228348694,0.7883266320726421,1.8324327925827841,1.9721244644400067,0.19104758,-0.05340624
13,-0.24001206454294574,0.8764099884561039,1.80572967330483,1.9378633622917936,0.18438421,-0.06806907
14,-0.27168635340658814,0.9625875681665861,1.7716951380160193,1.9079576919050496,0.18086529,-0.10766187
15,-0.3004202974231718,1.0481040841777791,1.7178642014649252,1.8806043869474245,0.17900656,-0.101683766
16,-0.32615135816780133,1.1333585695717148,1.6670223186400275,1.8463972219637175,0.17807326,-0.08048457
17,-0.34848908436145554,1.2188045629275015,1.6267800341036658,1.8065791546563086,0.17728165,-0.06413865
18,-0.367236068113227,1.3046178730631075,1.5947107086565833,1.7656216275346077,0.1719737,-0.08015865
19,-0.3822573344025147,1.388675204685427,1.5546313832190375,1.7294546692427666,0.15335983,-0.07624903
20,-0.3930667535481392,1.4640472057737395,1.5165068666127066,1.696789412205572,0.13303877,-0.058914155
21,-0.40037213749784584,1.5296111746069567,1.4870497892287116,1.6667568060787403,0.12092931,-0.05851835
22,-0.405326033483093,1.5894078828846743,1.457790614166532,1.6400626211935658,0.118429415,-0.067353815
23,-0.4086541740246396,1.6481244774049069,1.4241137067463736,1.6145021858229975,0.11866554,-0.076183766
24,-0.4104701701650873,1.707028768820502,1.3860218236830573,1.5883331093757926,0.12157738,-0.084982514
29,-0.3902584628619637,2.015364762006958,1.269578562178884,1.4011811719773775,0.07344982,0.11796272
30,-0.38360193527823333,2.0508129927233574,1.3285599211838583,1.371068881131654,-0.010276265,0.13186067
0,-0.0111111111111109,0.2166666666666666,1.5707963267948966,1.5707963267948966,-0.042688586,0.20764999
1,-0.011494533266377924,0.19613349763001076,1.6746213222530226,1.5312716395810018,-0.0671591,0.33197486
2,-0.01365539697497938,0.1682543285835921,1.8406087542560439,1.4487062521777316,-0.04314965,0.36040568
3,-0.015183747247232574,0.15877578381656332,2.020811596014772,1.3609409068299108,0.085404396,0.2800401
7,-0.02264939651012258,0.4016682924946945,2.229576983549867,1.8384306329368325,0.1264664,-0.07943514
8,-0.040509490362690526,0.4573820537305761,2.1898594136026244,1.9190199914781838,0.16130993,-0.24746767
9,-0.07031847146007242,0.5288429084991155,2.066125580170427,2.003061236854007,0.18099108,-0.25768688
10,-0.11011225549695447,0.6103083134513236,1.9372821385648589,2.0388933249469083,0.2060873,-0.12175903
11,-0.1556892989719664,0.7026847668821065,1.8764026249435286,2.0171368769412306,0.199389,-0.065921605
12,-0.19690917774277047,0.7928926034946224,1.843441822626863,1.9818133535144895,0.19077769,-0.057848036
13,-0.2333493416599061,0.880513451465721,1.8145178044822554,1.9482741345352064,0.18410428,-0.071843326
14,-0.2658704755080478,0.9662292807493725,1.7785961414363722,1.91827102317949,0.1805931,-0.11057302
15,-0.2954131125056851,1.0513165945467102,1.7233096296575408,1.890307660053723,0.17839524,-0.112347156
16,-0.3218913788404693,1.1360479145855678,1.6671360517528395,1.8559594863377753,0.17744464,-0.089853466
17,-0.3448927325765989,1.2209464541730721,1.6222093189742903,1.8146075625740483,0.17679286,-0.069637954
18,-0.36413737280675984,1.3062886842220556,1.5873903418567519,1.7710010577170454,0.17112203,-0.08548349
19,-0.3794130483324312,1.3897759880969334,1.544648596146379,1.7323327254087892,0.15219586,-0.075541556
20,-0.39023618213538414,1.4644443995261545,1.5068778182056288,1.6970473284415457,0.13229328,-0.05679044
21,-0.3974400408225971,1.5295530856374107,1.4784825975683074,1.6650691709111423,0.12629464,-0.058176547
22,-0.4024124348563218,1.5919456649872072,1.44939432392386,1.6355916690687688,0.12365112,-0.067272544
23,-0.40554127736885415,1.6532183447667759,1.4157580519702773,1.6078367962703064,0.123864755,-0.0765734
24,-0.40696942314040035,1.7146799069559078,1.3774713511255126,1.5798617819512413,0.12691149,-0.08599079
28,-0.39141233299209877,1.977917352672393,1.232038983204637,1.4302146408038208,0.11344543,0.090687424
29,-0.3823838071392282,2.032531313696178,1.2773826951768736,1.386599099786712,0.059843533,0.14047307
30,-0.3765429738134702,2.0613913681191796,1.3476192290571074,1.3573899151923638,-0.02243752,0.13293965
0,-0.0111111111111109,0.2388888888888888,1.5707963267948966,1.5707963267948966,-0.034550294,0.18505767
1,-0.011383717601717875,0.22224340070850146,1.6633251617338995,1.5364197330988274,-0.0627785,0.32389417
4,-0.00847612341078978,0.21894387231052956,2.156025947132383,1.4018840871086966,0.14791542,0.14255372
7,-0.020621497999256902,0.4187409949702082,2.237053052583013,1.828643419366239,0.12842666,-0.08277419
8,-0.03821986981228893,0.4750759437837278,2.1956659565356116,1.9135980767025187,0.15527242,-0.2330766
9,-0.06638679799144805,0.5437290283267661,2.079127655425344,1.9974473566765907,0.17721988,-0.2571219
10,-0.10501852440713173,0.6234490966564414,1.950566710033689,2.0381499689193774,0.20278239,-0.11045283
11,-0.14998243158685948,0.7143261527083087,1.8953402946379523,2.020259014988746,0.19833869,-0.080732435
12,-0.1916296358987103,0.8039710615495462,1.8549740771439414,1.99056774521149,0.18979381,-0.066176504
13,-0.22874542621429667,0.8908376583500787,1.8218858251955847,1.9585572540781981,0.18343627,-0.08079052
14,-0.2620416940739731,0.9759158140175483,1.781490565338407,1.9285760853828706,0.1800766,-0.11447024
15,-0.29229831167227505,1.0604432549958336,1.7242554436114172,1.8991001346548144,0.1779867,-0.113981366
16,-0.3193625983069508,1.144711983552522,1.6672647605326514,1.862973931083297,0.17673035,-0.09949258
17,-0.3428333934052985,1.229098160663395,1.61751847068337,1.8208009081310836,0.1761807,-0.07586801
18,-0.36242997560023915,1.3139559599421615,1.5795844654229025,1.775088221116472,0.1683011,-0.08830473
19,-0.3776922240864089,1.3959239489221056,1.535432101288114,1.734514440803529,0.1497465,-0.075703114
20,-0.38841798308171266,1.4692782641831397,1.497580544152532,1.697425404237199,0.13431579,-0.051495194
21,-0.3956370486364267,1.5352642612178273,1.4718329469349722,1.6624548531049759,0.12909642,-0.05946818
22,-0.4005040007344516,1.5990242554501044,1.4420988569643836,1.631549539045877,0.12669858,-0.06866017
23,-0.40341221563065127,1.661793555980617,1.407768772044454,1.6024543532952689,0.12722187,-0.078169346
28,-0.3863150945186641,1.9914589251880925,1.2407675246384482,1.4184280045626791,0.11004753,0.10551193
29,-0.3769701939664266,2.044502230168819,1.293523491421018,1.377348312197685,0.041286208,0.1500505
0,-0.0111111111111109,0.2611111111111111,1.5707963267948966,1.5707963267948966,-0.026412018,0.16246524
1,-0.01129114377055169,0.24837936643710756,1.6520289490607123,1.5413572465739922,-0.05842547,0.31587172
5,-0.002792219040454371,0.2987223783520111,2.228896134593759,1.5310120703559091,0.16949269,0.05470282
6,-0.005827476436509842,0.3686414949110391,2.2562475437906127,1.6898585857542752,0.1610173,-0.02416274
7,-0.018949585279543518,0.43766889360572514,2.2441661740329604,1.82016669625665,0.13030961,-0.08820459
8,-0.03633951565585129,0.4945625569740858,2.200063877799783,1.9094006564545376,0.1482673,-0.21585396
9,-0.0627812408053788,0.5600131879739673,2.0921368981387953,1.9917026047865132,0.17362222,-0.2563595
10,-0.10027128720203439,0.63804398272041,1.9639571542528014,2.0371100127555213,0.19924158,-0.09740701
11,-0.1445259094801344,0.7273210944618153,1.9152536476638655,2.022971707729726,0.19518498,-0.095156044
12,-0.1861365607755086,0.815443132616723,1.867675625779901,1.9996168681068471,0.1887483,-0.07606217
13,-0.22395303310612208,0.9015156459288111,1.8296445394542555,1.9694939210521647,0.18272588,-0.09037197
14,-0.25806366738836295,0.9859104562065226,1.7844585562732558,1.9395305474508828,0.1795309,-0.11859763
15,-0.2890692814757213,1.0698354912540107,1.7251597429302077,1.9084291025257454,0.17755786,-0.11567435
16,-0.3167475571679971,1.153607118021822,1.667322569587503,1.8703971542968305,0.17632422,-0.10153985
17,-0.3407019571408207,1.2375767781347784,1.6165526444700102,1.8266343091800672,0.17554463,-0.083972484
18,-0.36068139480061,1.3219889778277643,1.5745664025333266,1.7800112223706637,0.1654271,-0.09288302
19,-0.3760209976501686,1.402424445365976,1.5281248922136168,1.7382520376096096,0.14891523,-0.07346624
22,-0.3990423994281824,1.606781929928717,1.4340100968864302,1.6293702268067365,0.129192,-0.07045689
28,-0.3820446862603782,2.003684353211283,1.2514456147935729,1.4072159484343667,0.10516088,0.12024021
29,-0.3725863697833059,2.0544457835703858,1.311565720536981,1.3689075038042724,0.02127108,0.1566358
30,-0.37032119946111997,2.0647938973164344,1.389883623519216,1.3426456175268495,-0.042256743,0.10535577
0,-0.0111111111111109,0.2833333333333333,1.5707963267948966,1.5707963267948966,-0.020599939,0.15324458
1,-0.011241133787053492,0.27344836328185235,1.647418619194303,1.5435290571119027,-0.049342006,0.28950015
2,-0.012445334623788652,0.25235618556347805,1.7921686927464346,1.479520853180132,-0.04498075,0.35745913
3,-0.014069696208785214,0.23986863091417174,1.970898256697927,1.3937702599475308,0.02823703,0.34139565
4,-0.010071370314822909,0.26113677295985654,2.141596079864774,1.3785067359016967,0.13983533,0.17391807
5,-0.0029884036653733213,0.31822185574155354,2.228555114069257,1.5138745933728701,0.16719241,0.06334525
6,-0.004806273154317308,0.3866300246501371,2.260227740803037,1.67359254138993,0.16339546,-0.01688525
7,-0.017075486807853917,0.4562604373315555,2.251785115399633,1.8092844940396464,0.13265508,-0.09238365
8,-0.03417214525879172,0.5138757396239888,2.205593288936887,1.9035027886158868,0.14075696,-0.19672611
9,-0.05871231234154939,0.5758897203773734,2.1072302321579794,1.9841974898132075,0.16968176,-0.25636467
10,-0.0948656213690157,0.652051757716366,1.9790478954699378,2.0351198376598805,0.19588062,-0.0981209
11,-0.138466704603132,0.7398404255973945,1.9299874464657645,2.026230733894876,0.19225654,-0.09922007
12,-0.1799553115801474,0.8264949081700703,1.8803774128344397,2.006806624089963,0.18788601,-0.082377374
13,-0.21834336740885135,0.911918635248229,1.8391887257483344,1.9787798417543963,0.18212727,-0.09937534
14,-0.2531867794536189,0.9957404282779618,1.7895010570671896,1.9496744688426302,0.17904362,-0.12295577
15,-0.284916742853493,1.0791185398263023,1.7280231724169592,1.9177047275698256,0.177154,-0.117860824
16,-0.3132332995958546,1.1624127312146944,1.6690927604821066,1.878319070666454,0.17598227,-0.10271752
17,-0.33772829615574834,1.2459845680699813,1.6177340010788779,1.8331961097402305,0.17521691,-0.08543387
18,-0.35816071364207286,1.330063393078616,1.5750170658018927,1.7854331329539075,0.16309835,-0.09801778
20,-0.3848195090074538,1.4815665674113248,1.488455087938581,1.7029394584646624,0.13664165,-0.057127208
22,-0.39744757609868014,1.6137710067566127,1.4275587509062628,1.6307598001593828,0.13081557,-0.07315245
23,-0.4002827385192174,1.6784858311797863,1.3909825245526175,1.5982475815893515,0.13229278,-0.08223474
28,-0.37873415088832807,2.0142573385813267,1.2577446858075003,1.3979366799310209,0.09919457,0.13764785
29,-0.3693802610352659,2.062151521982899,1.3265686119582991,1.3609233009318105,0.0047629327,0.16070227
30,-0.36881736521246633,2.0646222455272643,1.4069197485831122,1.3343096482889303,-0.05016899,0.08533302
0,-0.0111111111111109,0.3055555555555556,1.5707963267948966,1.5707963267948966,-0.022581853,0.1920326
1,-0.011285857879753515,0.2949195535278807,1.6668126294997077,1.5364453351110756,-0.048490077,0.30319542
9,-0.062389146893582305,0.6101378524793113,2.093115502097879,1.9942642030282136,0.17563733,-0.23439446
10,-0.1003944820875398,0.688993225966045,1.9759182716396193,2.0375803901437926,0.19260575,-0.09541762
11,-0.14340564271560272,0.7752279217337402,1.9282094622638564,2.027332030393804,0.18891144,-0.09634307
12,-0.18423450854059745,0.8603259688409561,1.8800379271295409,2.0074651763039073,0.1849384,-0.08061114
13,-0.22207752910137232,0.9443748238289221,1.839732357361589,1.9796097213808455,0.1805244,-0.120865285
14,-0.256829669864318,1.02748951018911,1.779299714663301,1.952372539807278,0.17793643,-0.12850091
15,-0.2884531337051395,1.1102399267689553,1.7150492603566985,1.917798570486383,0.17636661,-0.11692983
16,-0.31646806911609754,1.1930740066598597,1.6565843457963805,1.875262806362637,0.17539507,-0.0995138
17,-0.3404798513241823,1.2763450259471723,1.6068274463203291,1.8277037421420999,0.17229381,-0.09619284
18,-0.36014756089683214,1.3591353952444265,1.5587310279395918,1.7803278076125368,0.15753773,-0.091255754
19,-0.37469119884454016,1.4355875636053714,1.5131031508233885,1.7371284734945196,0.14313282,-0.067739666
20,-0.3849326132443262,1.5054127093753136,1.4792333180692534,1.6960240343021664,0.13567953,-0.06273571
21,-0.3920342863492438,1.5719949853181128,1.4478654647853713,1.6583273583279823,0.13261835,-0.070049375
22,-0.3966299906720745,1.6374068824587842,1.4128407771375517,1.6235417066134892,0.13245432,-0.07825923
23,-0.3989789974284522,1.702915551231901,1.3737111623075347,1.589544831047161,0.13522269,-0.087118775
24,-0.39907117155185806,1.7698416853483774,1.330151774981294,1.5544789621746646,0.14107393,-0.096601635
25,-0.39662636599769485,1.8395778642995577,1.2818509573724608,1.5166116949502442,0.15032959,-0.10685882
28,-0.37251448223377615,2.0402326372949955,1.274716385700975,1.3770058797590297,0.06976654,0.16558352
29,-0.365285487479692,2.0739358102123897,1.3575081462648253,1.344398127415162,-0.017844386,0.13782975
30,-0.36729046750979794,2.0656840549968534,1.4264230216529707,1.3197021381669602,-0.059841678,0.057201147
0,-0.0111111111111109,0.3277777777777778,1.5707963267948966,1.5707963267948966,-0.02176372,0.23852788
1,-0.01130925592907472,0.3179028712663388,1.6900602663543562,1.5283021270754606,-0.048364714,0.32205653
17,-0.3436280671446586,1.3128482194734903,1.5949013764646391,1.8188676516494882,0.1670462,-0.11145133
18,-0.3621117751008754,1.3933474985504473,1.5391757125642638,1.7736333940454854,0.15226316,-0.08635834
19,-0.37558069755935,1.4671856308558469,1.4959965432670455,1.7288823312033936,0.14006516,-0.063480645
20,-0.38497662244575975,1.5354821712238194,1.464256220557962,1.686563269885723,0.13575126,-0.06920472
21,-0.3914367179232844,1.6021556460226967,1.4296538616206984,1.6483477415377292,0.13430703,-0.07625675
22,-0.3953769478260196,1.6684061829790098,1.3915254856136183,1.611987428046707,0.13575035,-0.08423591
23,-0.3969259896438775,1.7355059825152308,1.3494075323131423,1.5755509975733806,0.14019075,-0.093000084
24,-0.39594068129171306,1.8047993876828305,1.302907490232263,1.5372795947159803,0.14788274,-0.10260537
25,-0.3919819416415391,1.8777366286494492,1.2516048038986067,1.4954712228447549,0.15076005,-0.069820076
26,-0.38462559404602986,1.9514527390460223,1.2166947657850127,1.44774103299,0.13372667,0.052764177
27,-0.3748939355675184,2.015844969553548,1.2430768544462065,1.396810065903139,0.10664299,0.14129114
28,-0.36469841239472517,2.0672047174906845,1.3137224252012114,1.3562633696375448,0.018888146,0.17655396
29,-0.3625183181396321,2.076534759251611,1.4019994075086455,1.327373004821952,-0.042373665,0.0938361
0,-0.0111111111111109,0.35,1.5707963267948966,1.5707963267948966,-0.01786346,0.28559154
1,-0.011284215711267698,0.3424936748035512,1.713592098155294,1.520639210046767,-0.043430857,0.32989252
19,-0.3769481102348879,1.4983493140527497,1.4813148836281638,1.7195562802725717,0.13875055,-0.06984332
20,-0.38562558501740296,1.5660800396796772,1.4463932226088385,1.677175163082509,0.13615729,-0.07522261
21,-0.3914327650184958,1.6329696522800943,1.408781916895185,1.637689963315414,0.13636738,-0.08190611
22,-0.3946399140437497,1.7002090832857124,1.367828861871038,1.599133143401422,0.13946317,-0.08962545
23,-0.39524228767514935,1.7690707588655703,1.3230161378767828,1.5597409221252736,0.14564744,-0.0983316
24,-0.3929523454791548,1.8409276938279953,1.273850337662969,1.5178384236458895,0.15530044,-0.108160794
25,-0.3871497526446272,1.917300549858761,1.2197699407723288,1.4717408595822246,0.14733033,-0.008736312
26,-0.37805211109595666,1.9885909389732748,1.215401784577642,1.4180624987346693,0.12320635,0.11287102
27,-0.3673556024626339,2.047691144404771,1.2718372950938086,1.3691525892503051,0.07193777,0.18240094
28,-0.35957643092137936,2.0824514931558786,1.363037766018186,1.3348004787505932,-0.017011233,0.13841365
29,-0.3615312250740284,2.0747367835486346,1.432244592407022,1.30967613841126,-0.0583331,0.051811844
30,-0.36918279780778673,2.047311660944016,1.4581505144622664,1.2869431598318273,-0.07023662,0.01840946
0,0.0111111111111112,0.15,1.5707963267948966,1.5707963267948966,-0.09412256,0.32758754
1,0.009660739373789678,0.10526606349947577,1.7345900992539267,1.4987267104008872,-0.067865,0.35669053
3,0.011056255053482787,0.10449303382243655,2.0841284106161932,1.3897002221846624,0.13495591,0.18628585
4,0.018127248784061453,0.16228990524890327,2.177271337309156,1.5073348052177251,0.16236305,0.07539806
5,0.01729217882927087,0.23071887458874532,2.2149703661587576,1.6528902922885682,0.17681482,0.018644333
6,0.005290104151176166,0.3079013461140716,2.2242925326016287,1.7901390344852028,0.1591622,-0.032688588
7,-0.014510985978726167,0.3786282646267311,2.2079482386496405,1.8917629542162793,0.13157877,-0.08266494
8,-0.036398305562114576,0.4371645607762316,2.1666157702591757,1.9611867284219182,0.16807336,-0.25352672
9,-0.07067934542353363,0.5118230547164668,2.0398524115469794,2.0317081120445564,0.18743147,-0.2551414
10,-0.11381075136295629,0.5956692026087769,1.9122817079213004,2.0523154759238738,0.21023962,-0.122887045
11,-0.16084962906702416,0.6893228798326906,1.850838185348783,2.0185671621728427,0.20071381,-0.042635173
12,-0.20183858661880325,0.7799521452950399,1.8295205990460257,1.973822683434349,0.19200215,-0.045729756
13,-0.2376290077249805,0.8683895259351777,1.8066557208683829,1.9375862070533723,0.18492024,-0.060435683
14,-0.2693401542204545,0.9548153588685635,1.7764378796007971,1.9073396120890749,0.18120737,-0.10591206
15,-0.29813605991007175,1.0405201182513186,1.7234818498280386,1.88117751169577,0.17920184,-0.102819204
16,-0.32401943933534744,1.125881688195233,1.6720722476628165,1.8483041648587426,0.17820567,-0.08197746
17,-0.34658809230390514,1.2113762897426004,1.6310835192587714,1.8093663220531095,0.1773779,-0.06557879
18,-0.36561222601172183,1.2972013251628485,1.5982941249993186,1.7688786876027112,0.17287517,-0.07647562
19,-0.38096128756660025,1.3816354470530363,1.5600563148644309,1.7322819950425015,0.15484655,-0.07674953
20,-0.39210381277213463,1.457726140026181,1.5216815481570105,1.6998604287505596,0.13481975,-0.061522454
21,-0.39972247644522135,1.5241718878640553,1.49092032114533,1.6700201509367942,0.12145029,-0.058223605
22,-0.40489170040138633,1.5842106497345407,1.4618085185673575,1.6432648733827155,0.11802297,-0.067011505
23,-0.4084026475248747,1.6427194187442828,1.4283027658846716,1.6179281046566147,0.11806649,-0.0757657
29,-0.3915958842310592,2.009244896088482,1.265528873601232,1.406352814142227,0.08218313,0.11252689
30,-0.3843177821192239,2.04893309163079,1.3217923204090933,1.3745895127956356,-0.0024799556,0.12999552
0,0.0111111111111112,0.1722222222222222,1.5707963267948966,1.5707963267948966,-0.08598429,0.30499524
1,0.009889836391274836,0.13120349185106003,1.7232939461853842,1.505136653435271,-0.07124962,0.35586977
2,0.006921865056472184,0.10419290073842068,1.9012288312104086,1.408708242362017,0.016889993,0.3538957
3,0.00994685240538854,0.12083370177652408,2.078176678219114,1.3758917173684855,0.13152105,0.1998389
4,0.017728522696568577,0.17718564379502727,2.1780961314823966,1.490616406260708,0.16082639,0.081253976
5,0.017972688841763194,0.24436890903966824,2.2187231192973,1.6379944151329986,0.17617998,0.020513326
6,0.0071067723209811235,0.3207526520475198,2.2289797822621207,1.7789235072261294,0.1618678,-0.029509366
7,-0.012301625880873454,0.3924838822109237,2.2142250994828085,1.8852370477400187,0.12874196,-0.075359136
8,-0.03327585229574443,0.4496818333647225,2.176545531549726,1.9552188888178392,0.1606425,-0.23738113
9,-0.06547841948368253,0.5208836176452538,2.0578549663212637,2.0269572108818004,0.18338552,-0.262736
10,-0.10754893628391304,0.6028775152381856,1.9264869699862341,2.05456935724377,0.20942162,-0.12939987
11,-0.1548831541100912,0.6960687358190284,1.8617870370533804,2.024913597295065,0.20023946,-0.047516435
12,-0.1964663388322481,0.7862465069582625,1.8380288193610053,1.9818910263509775,0.19152114,-0.04980153
13,-0.23291306343638085,0.8741778330945221,1.8131280551340918,1.9461524805397994,0.18455186,-0.0651699
14,-0.2652985811971992,0.960159816475024,1.7805431048062186,1.915768055648665,0.180896,-0.108554006
15,-0.2947240317610499,1.0454693126836003,1.7262661019947867,1.8887437946436334,0.17860284,-0.11225918
16,-0.3211607565345918,1.1303620474177,1.6701365123179297,1.8554950019246041,0.17765677,-0.088933766
17,-0.3441909968369493,1.21539411576831,1.6256696293738226,1.8148974913298002,0.17695998,-0.06938499
18,-0.3635189921767035,1.3008374599965267,1.5909771333124976,1.7720295815428937,0.17191108,-0.08177823
19,-0.3789539882509928,1.3846961718362303,1.5500880191710333,1.7334942175090877,0.15366076,-0.07674053
20,-0.390001900722757,1.4601088309945485,1.5117177526142935,1.6988665247282502,0.13362092,-0.05871755
21,-0.39741673270030387,1.5258904855909399,1.4823589781906943,1.667299087563726,0.12545373,-0.057948828
22,-0.4025119262417289,1.5878691558660483,1.4533845643189292,1.6383417131123652,0.12267582,-0.06698692
23,-0.4057986144659108,1.6486601110381633,1.4198911050942282,1.611062746444613,0.12274036,-0.07618266
24,-0.4074247089989869,1.7095679087508036,1.381799773373876,1.5835481478215059,0.12560715,-0.08545485
29,-0.3844273589397036,2.0260150832934456,1.272496567168508,1.392426881954981,0.06861324,0.13373072
30,-0.3779075613348887,2.059115359944449,1.339361929395471,1.362155753158362,-0.017418608,0.13790672
0,0.0111111111111112,0.1944444444444444,1.5707963267948966,1.5707963267948966,-0.07784599,0.2824028
1,0.010098058373377211,0.15717620062958174,1.711997733512197,1.5113287892835998,-0.070104554,0.3551012
3,0.008934538159304822,0.13884555275712507,2.072410778203283,1.3639666078525265,0.12810153,0.21325958
4,0.017302744069999834,0.19384364572122037,2.1790405670788626,1.475430014884906,0.15926531,0.087186545
5,0.018500434577739734,0.2598152530692037,2.222633839645658,1.6242322535297484,0.17554642,0.022417903
6,0.008670554382876634,0.3353967668867706,2.233842791118894,1.7685610326135452,0.16420144,-0.026706606
7,-0.010335749268731619,0.407940382852795,2.2204894880440573,1.8793216136860196,0.13064817,-0.08042097
8,-0.03130159627199541,0.46583053660745755,2.1802790025856833,1.9528253246368055,0.15447454,-0.2221187
9,-0.06197056317948704,0.534238145360798,2.0692196498301367,2.0235108351707076,0.17994817,-0.26317927
10,-0.10309839259061761,0.614656150645068,1.9376300136235098,2.05528879045801,0.20661688,-0.11968616
11,-0.15001526134688759,0.7065349499410839,1.8777869353678565,2.0286381769023216,0.19926964,-0.0606288
12,-0.1920382396758209,0.7961770960356108,1.8474725345757346,1.9901419156337503,0.19062358,-0.05694723
13,-0.22910459670569888,0.8834066616909664,1.8189989189293723,1.9554047386680946,0.1839486,-0.07292053
14,-0.26217704563519784,0.9688108651372901,1.7825386534121375,1.9248138429459218,0.18043497,-0.11181754
15,-0.2922223119991473,1.0536254924939097,1.726629884043012,1.8963040955539692,0.17824204,-0.11353633
16,-0.3191564928038717,1.1381155163557248,1.669861720004354,1.8613993248900278,0.1770421,-0.096986026
17,-0.34257540781720647,1.2227069408124522,1.6213687072184424,1.8200064361307446,0.1764364,-0.074528664
28,-0.3882703794314929,1.9850528612107083,1.234131367006574,1.4240636944040765,0.11262947,0.0992212
29,-0.37897804315668304,2.0392814472398,1.2837419668820242,1.3811001170617139,0.05231485,0.14794698
0,0.0111111111111112,0.2166666666666666,1.5707963267948966,1.5707963267948966,-0.06970766,0.25981048
1,0.010285703935141933,0.1831824797955644,1.7007015655424933,1.5173038481319445,-0.068958804,0.35432824
8,-0.02937414753871761,0.48372727360941553,2.1840291629221777,1.9500410536519943,0.14793979,-0.2059981
9,-0.058422134031411756,0.5491869590207938,2.081030116477285,2.0194059347187925,0.17667753,-0.26290515
10,-0.09858658247860518,0.628098372443967,1.949577541151319,2.0554413091413184,0.20344593,-0.107251644
11,-0.14494791837704288,0.7185205776617276,1.8959517190840582,2.0319875814728605,0.19814187,-0.07601473
12,-0.18738949684736475,0.8075642416897896,1.8579443554070334,1.9989007678039152,0.18958597,-0.06512201
13,-0.2250980143573538,0.8940084186805274,1.8253833512451987,1.965409138856198,0.18325983,-0.08185032
14,-0.25890291831863804,0.9787680983934156,1.7844581911948065,1.9346618141733651,0.17991279,-0.11547813
15,-0.2896095798989915,1.0630269393441856,1.726719127097402,1.9044931518356554,0.17783624,-0.114883125
16,-0.31707058761680174,1.1470656049994998,1.6692775646832327,1.8677268859733982,0.17653346,-0.10168317
17,-0.34089263856343033,1.2312350738566327,1.6184359798815589,1.8250822809720457,0.17585596,-0.080960214
18,-0.3608023905739147,1.3158451155054187,1.5779558728125433,1.7790023669161306,0.16730425,-0.091346264
19,-0.37625441293320044,1.3972370062068835,1.5322827408697943,1.7376176372619498,0.1496635,-0.075550586
20,-0.38714036784536504,1.4704616753672066,1.4945074478772025,1.6991716362256881,0.1358507,-0.051968813
21,-0.39450617347824396,1.5371474114819572,1.46852304140595,1.662835838323401,0.13058998,-0.060286254
22,-0.3994167234862054,1.6016151927468818,1.4383799145605902,1.6308712424387541,0.12832119,-0.06939444
23,-0.40228628879620393,1.6651659245316226,1.4036826948311667,1.600801260614465,0.1289944,-0.07890952
24,-0.40324963670147573,1.729134323963999,1.3642279366638999,1.5705742774022151,0.13263729,-0.088715136
28,-0.38386183288479764,1.9973401086688374,1.2454483518984656,1.4129634044587975,0.10848688,0.11205566
29,-0.3743804715341534,2.0496689068186296,1.3014761815455298,1.3731175488056209,0.03278912,0.1543578
30,-0.37096994732393157,2.065542188210836,1.3786550844695906,1.3463586574047546,-0.037100703,0.11523825
0,0.0111111111111112,0.2388888888888888,1.5707963267948966,1.5707963267948966,-0.061569363,0.2372181
1,0.010453121335059103,0.20922062803217395,1.6894053752210478,1.5230627490917394,-0.06781261,0.353551
3,0.007746866233393256,0.18020473674638543,2.0475603277471404,1.3585142797740695,0.11789023,0.25278893
8,-0.02769754000414872,0.5025732282131364,2.187183284261499,1.9477923868689302,0.14155993,-0.19068709
9,-0.05521670290728449,0.5651661675754963,2.0918397391822676,2.015489338750788,0.17350206,-0.26151052
10,-0.09443301922312744,0.6426054193508186,1.961084478595529,2.055257356721336,0.20013762,-0.09187275
11,-0.14014629748136956,0.7315219257472189,1.9151481027391295,2.03467507178475,0.19540271,-0.091519296
12,-0.1826243249794761,0.8192490386471157,1.869388454654489,2.007758094571774,0.18849787,-0.07464889
13,-0.2209840703908962,0.9048817358369782,1.8320640111949782,1.9758563099026614,0.18253702,-0.09132373
14,-0.255545497351212,0.9889629092093812,1.7864021445300917,1.94497209688039,0.17936766,-0.11932641
15,-0.2869356316875169,1.0726325823889706,1.7267389381912093,1.9130635857760465,0.17741501,-0.11626798
16,-0.3149411003512761,1.1561928658649212,1.6686049486186842,1.8743380638068559,0.17619821,-0.10203636
17,-0.3391756633309927,1.239989023018054,1.617586770155702,1.8299791626784743,0.17540073,-0.08514723
18,-0.3593973115017361,1.3242490691458744,1.5750131542470793,1.7829083063576427,0.16453508,-0.09629533
19,-0.3748872358029039,1.4042051091753884,1.5268654907729964,1.7411105509594198,0.14893644,-0.073758274
20,-0.3858867007463054,1.4769446930840338,1.4899863536146025,1.7007865713799175,0.1366517,-0.054653585
21,-0.3933584008641329,1.5439711681496284,1.4626595611360411,1.6632308152189152,0.13187735,-0.062558174
22,-0.3982946387231984,1.6090318290163266,1.4313804740693907,1.6298907130452407,0.13006449,-0.07136932
23,-0.40109000148829543,1.6734071615237778,1.3956958139922957,1.5983420430203088,0.1311926,-0.080709815
28,-0.3805446701519737,2.007866167867154,1.2540244991567473,1.4034197835936273,0.102846704,0.12733236
29,-0.3711120493554228,2.0575154695768307,1.317690678932939,1.3656685103482304,0.014551632,0.15933704
30,-0.3695244249918314,2.064655217574929,1.3973592008140425,1.339253144943924,-0.045372926,0.09792167
0,0.0111111111111112,0.2611111111111111,1.5707963267948966,1.5707963267948966,-0.053241,0.21419731
1,0.010603706800897231,0.2353800290768903,1.6778949807074408,1.5287140556854177,-0.06669699,0.3527579
3,0.007570050370974921,0.20328352674838487,2.0351756076004843,1.36130392801056,0.11286208,0.2720258
9,-0.052475020487774054,0.5829803847829823,2.101196856298719,2.012060130471063,0.16951384,-0.25536802
10,-0.09055528901326657,0.6585790334608829,1.9735128442433219,2.0545798437082206,0.19693044,-0.09226656
11,-0.13570064980905222,0.7460629962874933,1.9273795644429068,2.0381819395970733,0.19257867,-0.09559831
12,-0.17805176176488405,0.8323725676831217,1.8795804093268256,2.014461072806326,0.18741786,-0.079910845
13,-0.2168571861081981,0.9172707046325635,1.8396249870446066,1.9840864104565208,0.18184115,-0.101162076
14,-0.25203329073977543,1.000768499544424,1.7890439490464072,1.9539048783080717,0.17882913,-0.12344995
15,-0.28401631434936453,1.0838971486522984,1.7273189733412604,1.9208218580996623,0.17698736,-0.117851764
16,-0.3125125506680399,1.1670013822622392,1.6683930913594107,1.880513106273068,0.17584781,-0.10254106
17,-0.33713119566235034,1.2504309642010827,1.6171225617316107,1.8346893576217183,0.17510405,-0.085228026
18,-0.35764677038895093,1.3344038632633928,1.5745085487749915,1.7864182402323374,0.16209133,-0.09841555
19,-0.3731802432340648,1.4130993344203986,1.5253007719900946,1.7446012068926353,0.14742613,-0.0757651
20,-0.38429905632120603,1.4850301567033086,1.4874182204392294,1.703836548875154,0.1365014,-0.05869466
21,-0.3919415072297914,1.5519333111255393,1.458070890107427,1.6655760636887753,0.13239197,-0.06602523
22,-0.39700910018222635,1.6171977890961984,1.4250582764532904,1.6310558437819511,0.13119398,-0.07431862
23,-0.3998531676848305,1.6820817397633938,1.3878989676621298,1.5979957666640976,0.1329101,-0.083240926
24,-0.40054925795162055,1.747895028991338,1.3462785045292716,1.564447732388103,0.13763805,-0.092703015
25,-0.39891096669155285,1.816004560037783,1.2999269972231726,1.528638038357744,0.14562473,-0.102800995
26,-0.394462787260709,1.887872774131431,1.24852649966744,1.488848377284636,0.14427885,-0.047301054
27,-0.3869871679501806,1.9582715351334836,1.2248759726670126,1.4421012509657618,0.1249343,0.07107198
28,-0.3776452434978063,2.0184332911962324,1.2604119638588767,1.3943634906135725,0.096661165,0.14434627
29,-0.3683663224144435,2.065113468657519,1.3325850973513464,1.357819031830943,0.00033132732,0.15612447
30,-0.368280674174994,2.0654781603398984,1.410647333660398,1.3318341543787298,-0.05203025,0.08001307
0,0.0111111111111112,0.2833333333333333,1.5707963267948966,1.5707963267948966,-0.047169074,0.2048564
1,0.010686752675478852,0.26054850204784274,1.6732245246556143,1.5312657575124384,-0.0600826,0.33450514
12,-0.17226100399118852,0.844450122008958,1.8912098939206938,2.0236650899511783,0.18612868,-0.0866285
13,-0.2116635259010789,0.9284191520509478,1.8478956455972533,1.994677805500434,0.18116017,-0.11038265
14,-0.24761875782927428,1.01124819138517,1.792704322436128,1.964726812163922,0.17829606,-0.12754473
15,-0.2803321620638574,1.0937682450483612,1.728931956985269,1.9302529086046036,0.17656028,-0.119637966
16,-0.3094440194286207,1.1763596718070553,1.669112973907266,1.8882230755904357,0.17549615,-0.103318185
17,-0.3345633818227039,1.2593758980892233,1.6174538816001753,1.8408107678784726,0.17417832,-0.089280546
18,-0.35543758804310516,1.3427430013348216,1.5728136087444167,1.791691278501366,0.16020545,-0.09823853
19,-0.3711437819296648,1.4203806088995292,1.5236943448570113,1.7488337103510747,0.14643294,-0.07750785
20,-0.3824548799164543,1.491736456588369,1.4849404181030135,1.7072915179935273,0.13674504,-0.06246075
21,-0.39030875870432064,1.5587000039186663,1.4537100429323058,1.6681126562660697,0.13322163,-0.06923166
22,-0.3955284382400692,1.6243181432794682,1.419094213345323,1.6322837972401214,0.13257043,-0.077038616
23,-0.39842857944364973,1.689829469682382,1.3805749053743224,1.5976448919720316,0.13481832,-0.08558148
24,-0.3990507777705008,1.756531245415504,1.337784164645944,1.5623199038152429,0.14009735,-0.09479198
25,-0.39716935511413637,1.825791009938901,1.2903881753471236,1.5245755219469865,0.14869863,-0.10478532
26,-0.3922560458969549,1.8990887096439317,1.237995513775621,1.482711054299821,0.14475721,-0.032372117
27,-0.38424049369135865,1.9695012361131148,1.2218094552543501,1.4335375065936025,0.12360372,0.086959034
28,-0.3744736352667027,2.028933468674915,1.2652889723565917,1.3855304360662357,0.088098995,0.15835893
29,-0.36565313739706173,2.071481420234642,1.344468438127313,1.3501692309686026,-0.0075291693,0.14825512
30,-0.3664450509074795,2.0681396883244867,1.4185960004713873,1.324943739656633,-0.05514218,0.069104314
0,0.0111111111111112,0.3055555555555556,1.5707963267948966,1.5707963267948966,-0.047236532,0.24427997
1,0.010614918631599505,0.28307344626236786,1.6929363096740584,1.5237108630513025,-0.052834675,0.3340086
10,-0.09010295532436956,0.7095452539136153,1.9898755634811263,2.054757441680042,0.1896966,-0.09565121
11,-0.1338921302599631,0.7937475951966055,1.942049958803926,2.0439944237942185,0.1861736,-0.099143624
12,-0.17552017179283774,0.876934284358844,1.8924781466510634,2.0240267832566836,0.18268925,-0.08465284
13,-0.2142583387175278,0.9593286417222,1.8501517261054854,1.9958230218693296,0.17964965,-0.13119563
14,-0.25017350656327403,1.0414916159238008,1.7845539088037352,1.968056083262683,0.17723842,-0.13329396
15,-0.2828526338122445,1.1233896604340388,1.7179069305446486,1.9313738722597682,0.17579675,-0.11920485
16,-0.31176133215397966,1.2055062828274845,1.6583045060422759,1.8864811639027077,0.17491785,-0.100672334
17,-0.3365142709134849,1.288197737113884,1.607968338825975,1.8367840769270252,0.17046042,-0.105246305
18,-0.35668946884080815,1.3699035236278816,1.5553451860931258,1.7887526851870101,0.15609999,-0.09339264
19,-0.3716371535441081,1.4454353694843034,1.5086488659170012,1.7435245852666337,0.14216217,-0.06824374
20,-0.3821670945829401,1.5146167499071475,1.4745269949224333,1.700521590343266,0.13666086,-0.06776622
21,-0.38955910462906657,1.581591781512413,1.4406438852336745,1.661132811347568,0.13438989,-0.07432547
22,-0.394325955244357,1.6477962352445816,1.4034811491754393,1.6242067235838187,0.13497946,-0.08191788
23,-0.39667870131123223,1.7144747085532188,1.3625222081926207,1.5877551143870996,0.13850679,-0.09033361
25,-0.39361793384742294,1.8545996797597146,1.267568894722734,1.509238710751109,0.15487814,-0.10721856
26,-0.3871971937922641,1.9307372956950226,1.2139596129443984,1.4637358670458993,0.14272317,0.014562219
28,-0.3671527052339075,2.056340219542654,1.2832335914161543,1.363391796406779,0.05214207,0.18335101
29,-0.361390627854611,2.0815807514162943,1.3749090964582305,1.3313456934537706,-0.026300192,0.122581095
30,-0.36451429158177945,2.0694038465858235,1.4361996437099318,1.3072347254828744,-0.06255555,0.043404937
0,0.0111111111111112,0.3277777777777778,1.5707963267948966,1.5707963267948966,-0.042611204,0.2844965
1,0.010612588302449823,0.30799106030528145,1.7130445698883872,1.5168093977850907,-0.04455094,0.33089042
2,0.009199767513697363,0.2920543119507679,1.8784897784378867,1.4415240565320226,-0.008675389,0.3643171
17,-0.336876773715845,1.3148079606260965,1.6016821573164801,1.8338948361112533,0.16658483,-0.117451906
18,-0.3564500980461633,1.3947602024286314,1.5429562042143683,1.7873084530815504,0.15237245,-0.0915077
19,-0.3708575980877224,1.4683928070922971,1.4972023526814322,1.7407702847711375,0.14109997,-0.06912795
20,-0.38105853544563656,1.5370023974600424,1.462638379135404,1.6964126682706278,0.13734819,-0.07371464
21,-0.38816700541125393,1.6043072696882912,1.425781057276998,1.6557782629725046,0.13640271,-0.079796165
22,-0.39257283269720666,1.671468099154137,1.385882974663053,1.6167937871344247,0.13830745,-0.08700132
23,-0.3943824768719631,1.7397272240052677,1.3423823128130774,1.5776395921599835,0.1432081,-0.09520134
24,-0.3934260468807532,1.8104151745311439,1.2947816411640982,1.5366276956599974,0.15140532,-0.10446197
25,-0.38922548309615307,1.8849880650510726,1.2425506571915488,1.4920978067674935,0.15327634,-0.063343525
26,-0.3813965784411404,1.9597679775205112,1.2108788947251181,1.4416835025421746,0.13479441,0.06399751
27,-0.37114856456216067,2.024560827223372,1.2428776482727866,1.3894215970680184,0.10455679,0.15572774
28,-0.3607617512097188,2.0748883136836347,1.3207415203240256,1.3486948784584074,0.015824676,0.17376241
29,-0.3588474236030684,2.082823773481982,1.4076227257635932,1.3205492725953314,-0.04296317,0.08711687
0,0.0111111111111112,0.35,1.5707963267948966,1.5707963267948966,-0.0352138,0.32492724
1,0.01067501409975118,0.3343300583871604,1.733259947099958,1.5106327656955456,-0.03558892,0.32585853
18,-0.3574714847017257,1.4178339741992203,1.5322215939548354,1.783599947257139,0.14861214,-0.09075379
19,-0.3712333710770993,1.4896298984732657,1.48684469709662,1.7368187831366604,0.14034486,-0.0742608
20,-0.38108807035187864,1.5578812827436246,1.4497142965581755,1.6918787418798407,0.13786803,-0.07836962
21,-0.38786338474219983,1.625418578985538,1.4105294878270964,1.649797000454526,0.13813286,-0.08399814
22,-0.39184292788234243,1.6933856420447848,1.3685304159906249,1.6087279161268784,0.14123519,-0.0908708
23,-0.39303641284599566,1.7630175007120135,1.3230950171735625,1.5669935297171351,0.14739347,-0.09892562
24,-0.3911694861523968,1.835660466822427,1.273632207014833,1.5229831756072125,0.15700385,-0.10828635
25,-0.38563273427772105,1.9128185008329994,1.219489031532083,1.4750615276603825,0.15124604,-0.020058513
26,-0.3764980168398926,1.986058555311518,1.2094597751882414,1.4202908257236078,0.1266461,0.11124566
27,-0.36558333833954054,2.0467436742788467,1.265082606175218,1.3692697793767636,0.08208416,0.18785352
28,-0.3566651234987762,2.0863822966856307,1.3590093637492995,1.3328722828746888,-0.011806786,0.14492829
29,-0.35798796062932015,2.081207140930662,1.4314735094693045,1.3073212517580401,-0.055405617,0.05464399
30,-0.3653015667404374,2.055228653416825,1.4587955037739615,1.2846283514430938,-0.06855421,0.018690377
0,0.0333333333333334,0.15,1.5707963267948966,1.5707963267948966,-0.08256839,0.29281378
1,0.03221091390954526,0.11051808138425791,1.7172032157566886,1.508330336715082,-0.06915967,0.35649592
2,0.02942652580791186,0.08419205856440136,1.8954511741783957,1.4138846451140554,0.03533766,0.35403755
4,0.04026344876467755,0.16539324188648474,2.1670665303852896,1.5077467259582795,0.15915054,0.07776004
5,0.0395982758783448,0.2329001934023036,2.2059465507653098,1.648252218559129,0.17382047,0.02009061
6,0.028264186725502693,0.3089888438344747,2.215991855659757,1.7823305721168246,0.17940153,7.265806e-05
7,0.006084324372516081,0.38932745646935846,2.2160281846907477,1.8921261193534775,0.14357919,-0.060911745
8,-0.018005838288366757,0.4532721111639802,2.1855723122742514,1.9656873436807791,0.14365053,-0.17529693
9,-0.04705852628106109,0.5167259072779972,2.0979238460448126,2.028386262973199,0.17348391,-0.26554713
10,-0.08725353702749075,0.5937492784608039,1.9651502827790122,2.066758513798465,0.2015353,-0.17074981
11,-0.13467962542523537,0.6828849015648196,1.8797753761198859,2.0489795203769376,0.20188898,-0.04776928
12,-0.17865261691949755,0.7727562275452163,1.855890736975942,2.003894337132241,0.1929993,-0.055107355
13,-0.21727044135993864,0.8605371475463226,1.8283370594170432,1.9670997970553752,0.18511294,-0.056114376
14,-0.2514100549639029,0.9460488005225987,1.8002798716214041,1.934431910268037,0.18112871,-0.10961816
15,-0.282481387929709,1.0309089604222812,1.7454707930472235,1.9077153726399334,0.17864527,-0.11697921
16,-0.31056223084861395,1.1153243292783077,1.6869811872628073,1.8748684655517887,0.17709213,-0.106475085
17,-0.33523395787707916,1.1996842175981777,1.6337436447527747,1.8351017232766467,0.1764078,-0.08292401
18,-0.35613387828659465,1.2844116306111353,1.5922816405680518,1.7903431866658017,0.1729352,-0.081352144
19,-0.3729660191290148,1.368327261728467,1.551605568328176,1.7472796822305032,0.15605307,-0.07935679
20,-0.3850973339388481,1.4446628490460798,1.5119271735337119,1.7094381755753776,0.13817592,-0.059836954
21,-0.3933570451738894,1.5125171603008174,1.4820086965945105,1.6746076237018104,0.13032582,-0.056649446
22,-0.3990136203716831,1.576784038509071,1.4536839733507971,1.6426977105951501,0.1269179,-0.06562248
23,-0.40261581693811743,1.6396082266950276,1.4208727339890341,1.6133225882490152,0.12644255,-0.07498735
24,-0.40438437231728697,1.7023144086090705,1.3833790580418448,1.5843599883143886,0.12887177,-0.08456957
28,-0.38967149118364897,1.9698012215715395,1.2311179796841483,1.435505004148819,0.11745381,0.08203021
29,-0.3805947135817963,2.0263765690080255,1.2721330831435065,1.390802640199869,0.075150065,0.14095633
0,0.0333333333333334,0.1722222222222222,1.5707963267948966,1.5707963267948966,-0.07417232,0.2696404
1,0.03241515605559798,0.1366296527829508,1.7056165198471884,1.514581428274003,-0.07057214,0.3560512
2,0.02968849170925448,0.10909660521294826,1.883642123141561,1.421105065771296,0.01567673,0.365786
4,0.0398989023178675,0.18103405039269058,2.167874232926641,1.491984236459551,0.1575974,0.08365217
5,0.04024124152955668,0.24734596162513112,2.209700317182813,1.634061749806457,0.17317833,0.021992981
6,0.02997396483076642,0.3226583405736312,2.2206968078997473,1.7715970634497955,0.17975351,0.00012692809
7,0.00856438184325229,0.4029042438707235,2.220760271945272,1.885319491660247,0.14610937,-0.06231764
8,-0.015553033164775019,0.46788827978215364,2.189601452150617,1.9623860565228255,0.13720965,-0.15745303
9,-0.04297125437998696,0.528481364380187,2.110874936976705,2.0235035772872787,0.16501403,-0.24938527
10,-0.08083326035862597,0.6016687223896762,1.9861823032286505,2.0651313453538287,0.19801846,-0.18346527
11,-0.12774098999428787,0.6892603300348763,1.8944496671345572,2.055273185203958,0.20140806,-0.056524277
12,-0.17238553888555125,0.778677958052236,1.866187528767858,2.0132399180226326,0.19252825,-0.061062515
13,-0.21178164415226616,0.8658916422526982,1.835656271376882,1.9772137128446374,0.18473186,-0.0609563
14,-0.24670214012513922,0.9508778966044792,1.805178121724401,1.9442356146239883,0.18080544,-0.112433225
15,-0.27849892332224213,1.0352759098688404,1.7489615092661719,1.9165232980320863,0.17836908,-0.118768215
16,-0.3072171186347083,1.119294635736247,1.6895774016764502,1.8825175472749356,0.17685448,-0.10771215
17,-0.3324383599397097,1.2033221179721119,1.6357213268664221,1.8416289359524511,0.17589584,-0.091039866
18,-0.35381932053584814,1.2876649770195503,1.590201393761907,1.796486203380551,0.17195533,-0.08988422
19,-0.3710213549805629,1.3709704456120526,1.5452592829850058,1.7523312039649488,0.15507612,-0.08096981
21,-0.39175564283990616,1.5148767811677748,1.477495045461927,1.674666595884004,0.13253134,-0.057599753
22,-0.39746021974189644,1.580194709085063,1.4486951688912253,1.6413242638230692,0.12926139,-0.06650922
23,-0.4009975512346799,1.6441540341349934,1.4154405603793005,1.6106732282295144,0.12895791,-0.075933784
29,-0.3764243934646088,2.036381871926364,1.2787239412453513,1.381862096860896,0.06444239,0.15310563
30,-0.3699424810647549,2.067509171463,1.3552767569806914,1.3511746572627774,-0.020265982,0.13481922
0,0.0333333333333334,0.1944444444444444,1.5707963267948966,1.5707963267948966,-0.065776244,0.24646708
1,0.03259773249408218,0.16277569419268015,1.6940298686411719,1.5206029730106776,-0.06946789,0.35526058
2,0.030064723499616485,0.13520690298682317,1.8716601590302329,1.429568487894911,0.002190411,0.36722112
3,0.031847248870511845,0.14570488177450655,2.0552707175400595,1.3797481809780952,0.123311624,0.22136903
4,0.03955190628141793,0.20001871027349832,2.165955231585775,1.480413761532886,0.15521382,0.09271559
5,0.040678665223092624,0.26510113272147795,2.2123130271818976,1.6216684723705868,0.17211047,0.025592893
6,0.03137960760807523,0.3395404569286459,2.2251094738629202,1.761523381469693,0.17939156,0.0005592108
7,0.010793192451366297,0.41937158208284353,2.2253890792515616,1.8785071721342883,0.14822716,-0.064282864
8,-0.01326500413127743,0.48519602518820293,2.193247647085462,1.9589945601548249,0.13038023,-0.138832
9,-0.03898866098138846,0.5427743459987131,2.1238316456463675,2.018052566741753,0.15605247,-0.2321538
10,-0.07436852001844438,0.6119083405235219,2.007754744091306,2.0624326918343296,0.19472787,-0.19473818
11,-0.12068968372100296,0.6980554128052869,1.9103856543686728,2.060671447704379,0.2007507,-0.06533593
12,-0.16591923334445977,0.7869748891843631,1.8777176896717886,2.022337877367928,0.19186984,-0.06738603
13,-0.20605395195604623,0.873544068849522,1.8440246740963797,1.9875490865916177,0.18424167,-0.06764287
14,-0.24177071831646793,0.9579464892992361,1.8102032403138022,1.9546397574145515,0.18040064,-0.11592963
15,-0.2743211404916616,1.0418190145995054,1.752238423624311,1.9258829022866804,0.17803022,-0.12073299
16,-0.30369864830693566,1.1253866279813245,1.6918719271805625,1.8905568717957457,0.1765663,-0.108926505
21,-0.3901089141265054,1.5191581703423236,1.4746008525278906,1.6767427353163669,0.13350081,-0.059996188
22,-0.3959550987637081,1.584912616228399,1.4446027586844306,1.642366632421132,0.13059078,-0.0685783
23,-0.39955598668818565,1.6494938347891814,1.4103136072543005,1.6105355035976947,0.13064127,-0.07776287
29,-0.373227124857195,2.0452765635099768,1.283957959213529,1.3744305578170497,0.05473456,0.16288729
30,-0.36752244758411445,2.0717296736931905,1.3654016042735915,1.3442300785839472,-0.026026785,0.1292304
0,0.0333333333333334,0.2166666666666666,1.5707963267948966,1.5707963267948966,-0.057380185,0.2232937
1,0.03275905647982602,0.18895440406620156,1.6824431801822524,1.526396078452218,-0.06836316,0.35446543
2,0.03041534309069329,0.16137648476088345,1.8596758926895003,1.4377491491349113,-0.0086824745,0.36558673
3,0.031366025544939564,0.1670184997176903,2.042469256618295,1.3782595553225254,0.11810705,0.24145795
4,0.03920178932969358,0.21996236926834484,2.1631982336428504,1.4705358340435897,0.15259731,0.10267267
5,0.04100481149467234,0.2838388017468711,2.2145345667984824,1.6101372027801846,0.17092045,0.029704154
6,0.03260891887193634,0.3573831736755806,2.2293866435673575,1.7518508959704457,0.17895511,0.0013458431
7,0.012821608657360182,0.43676053514840085,2.2300595651057105,1.8718705678914547,0.15008745,-0.06679055
8,-0.011133336342895261,0.5032926271962652,2.196664289632116,1.9557335142339631,0.12357509,-0.12059364
9,-0.03520872344832976,0.5578785999022915,2.1363674710181098,2.0124451199392794,0.14715317,-0.21500185
10,-0.06812809173134793,0.622986008111992,2.0288665453579764,2.058938431800576,0.19167355,-0.20464101
11,-0.11380656770794326,0.7077817586906765,1.9265460381892066,2.065089465976206,0.19823746,-0.07198396
12,-0.1591257564233374,0.795407031090136,1.8905540565636496,2.0310119448414117,0.19120432,-0.074620694
13,-0.19998541298671332,0.8813444521848137,1.8532437096026282,1.997995926539779,0.18374094,-0.07485327
14,-0.23651236954991742,0.9651511379300663,1.81581707397965,1.9653948067920306,0.17998463,-0.11973128
15,-0.2698417858117067,1.0484755877511083,1.755951435365949,1.935686776576729,0.17768037,-0.12288818
16,-0.29990896656462385,1.1315676474454932,1.6945073465493063,1.8990617852246272,0.17626783,-0.11027104
17,-0.3262856838331356,1.2148200132102638,1.6393718282368521,1.8555993231675827,0.17537369,-0.09315437
18,-0.34864960198467937,1.2985264125992966,1.5927946428444724,1.8081811236524878,0.16994643,-0.10441449
19,-0.36660484244403757,1.3806526299764703,1.5405873964217047,1.7635358363195635,0.1540753,-0.08168784
22,-0.39446643211828863,1.589869372833597,1.4401320228960852,1.6444564708808986,0.13180082,-0.070937544
23,-0.39818792294459954,1.6549979190491755,1.4046632508423667,1.6112110476990869,0.13226315,-0.0797514
28,-0.3805671855262362,1.9976035159401024,1.2335601160910468,1.412179839978482,0.11375923,0.11676112
29,-0.3705003041952806,2.0523488591581085,1.2919406751778464,1.369014744707057,0.044254184,0.16856578
0,0.0333333333333334,0.2388888888888888,1.5707963267948966,1.5707963267948966,-0.048984095,0.20012036
1,0.032899590189592785,0.21516406270103489,1.670856506624494,1.5319619326622262,-0.06446619,0.34197325
2,0.0308623673703287,0.18866488645171142,1.8418431291964392,1.4491338751389689,-0.022962801,0.36344013
9,-0.03066226343322653,0.5715387330426713,2.1518112877991538,2.0046283359862493,0.13731872,-0.19552055
10,-0.06079359105692427,0.6321893955319701,2.0540510127928595,2.0533655194809795,0.18749472,-0.21751025
11,-0.10543767386129267,0.7151308726888114,1.9452958861973624,2.069264357814622,0.19537695,-0.079060525
12,-0.1507717583888773,0.8013114071050023,1.9057656238463263,2.040272580903115,0.18972379,-0.08205947
13,-0.19225615154465797,0.8862213702054764,1.8647358874466757,2.0096897444247013,0.18336537,-0.08103365
14,-0.2297223766892693,0.969436650176716,1.8242190639164786,1.977567711206231,0.17964056,-0.12376246
15,-0.2639742135811117,1.0521945592753306,1.7623378346350531,1.94726801599106,0.1773709,-0.12570712
16,-0.29489511213316166,1.1347753596376833,1.6994842747834067,1.9096167038919738,0.17599192,-0.11237037
17,-0.3220425797485746,1.2175840458723795,1.6432990888741354,1.8649891771973912,0.17512876,-0.09480095
18,-0.34509452836347754,1.3009187394179484,1.5958986143257956,1.8164032400877612,0.16938879,-0.10776085
19,-0.36362416045215323,1.38259874445284,1.5420181910183768,1.770948795071124,0.15391894,-0.08452931
20,-0.3770657364722912,1.4573175047162485,1.4997535357859473,1.7267130730976725,0.14008534,-0.059539497
21,-0.38634741786916205,1.5256780778030663,1.4699837873366217,1.6852425313563153,0.13511902,-0.065502405
22,-0.39273542112139587,1.5920919177437742,1.4372325847533087,1.6482897210103409,0.13297318,-0.07306275
23,-0.39668962458641277,1.6577364635082832,1.4007012108948569,1.6135631687960257,0.1337395,-0.08144489
24,-0.3983849858004052,1.7238992547987213,1.3599787662413458,1.5790333434767287,0.13748755,-0.090474814
25,-0.3977278237818748,1.7919258105838582,1.3147413591530661,1.5428871066618794,0.14442003,-0.10018295
28,-0.3784249930276086,2.0033201251551027,1.2341956059124808,1.4073979271558903,0.11314084,0.12380898
29,-0.3681496751457366,2.0577622867718666,1.2961000959065299,1.364506523138582,0.03827045,0.174598
30,-0.3639592683610137,2.0763371292944526,1.38339909265307,1.3348318180773446,-0.03335788,0.11384103
0,0.0333333333333334,0.2611111111111111,1.5707963267948966,1.5707963267948966,-0.04058805,0.176947
1,0.03301984001832838,0.2414029397133084,1.659269825616155,1.5373018582295952,-0.053635627,0.30044037
5,0.041558431226886204,0.3144947071186325,2.213573665418897,1.5680459084497274,0.16629536,0.04678023
6,0.036375212469001834,0.3849442867561011,2.2369637797263007,1.7137838371618583,0.17720558,0.0058264136
7,0.019707996773899672,0.46270312401074987,2.2398769865420203,1.8431860775448854,0.1589402,-0.057474464
8,-0.003817550608631825,0.5329859389951181,2.2111397544529776,1.9385432084061673,0.11996725,-0.09836733
9,-0.026157470329931137,0.5859529266056503,2.1619560877468924,1.997531458326652,0.1278898,-0.1701372
10,-0.05366359953608265,0.6423999248737328,2.076887489357267,2.0460099975778046,0.18412325,-0.22549358
11,-0.09723299015457834,0.7238538126008338,1.9641406993058066,2.070829669044194,0.1922551,-0.08355823
12,-0.14229533366201713,0.8085738788863115,1.9223615835097174,2.0474549118115317,0.18729398,-0.08823222
13,-0.18405225710216236,0.892111622129581,1.8782454739001135,2.0203178117097496,0.1829717,-0.08869609
14,-0.22241232928958377,0.9747682001129486,1.8338974277165274,1.989596933714092,0.1792722,-0.12861028
15,-0.2575873365391394,1.056949934045293,1.7695922861483435,1.959142418702745,0.17703506,-0.12899116
16,-0.2893853923586181,1.1389934574852192,1.7050967077401022,1.9206582863775437,0.17568913,-0.114753515
17,-0.3173374357532786,1.2213265226817414,1.647719950475965,1.8749378188886738,0.17485708,-0.09663847
18,-0.3411157887205144,1.3042569878261001,1.599400715031896,1.8251952664413154,0.16870043,-0.111863494
19,-0.36024996371572804,1.3854159911357413,1.5434689680722098,1.7790014741192175,0.15366188,-0.08766699
28,-0.37578446195199944,2.0104160480316096,1.2355389902975897,1.4014856802127706,0.111926615,0.13286248
29,-0.36529964977226387,2.064271394353208,1.3019702295449118,1.3590453138219756,0.030344091,0.18153256
0,0.0333333333333334,0.2833333333333333,1.5707963267948966,1.5707963267948966,-0.034451723,0.17287658
1,0.033077759256864694,0.26665694791880296,1.6572346175697188,1.5386819171384203,-0.04384797,0.27129674
11,-0.0922293478311357,0.7404353927076133,1.9797069365766387,2.0712044023697933,0.1886615,-0.08750439
12,-0.13674949794595898,0.8235268531957003,1.935954743125711,2.0528048491146444,0.18435286,-0.09292936
13,-0.17846388593766183,0.9055339436351132,1.8894900615003447,2.028752830076156,0.18145497,-0.10002524
14,-0.21732275552262462,0.9872089969167462,1.8394774431970458,1.9999264157357257,0.17869106,-0.13416246
15,-0.25320421411680744,1.0687657167477846,1.772396215298448,1.9688106972926909,0.17656219,-0.13150623
16,-0.28563017156771575,1.150255712896599,1.7066430980947356,1.9289128579114838,0.17529385,-0.11591402
17,-0.3141108979011699,1.2321246367640482,1.6486860896137099,1.881721641486478,0.17451714,-0.09722012
18,-0.33832820037536426,1.3146785620080363,1.6000760282066206,1.830682595978668,0.16661772,-0.11608359
19,-0.357660428898938,1.3947155924934,1.542034232118402,1.7843623908427362,0.15230888,-0.090400755
20,-0.37186173349078244,1.4683733528805443,1.496833854415689,1.7381999878483414,0.14087364,-0.067987174
21,-0.38188737877593393,1.5369146143511359,1.462840267517839,1.69427189722795,0.13701609,-0.07281184
22,-0.38885389520915153,1.6040897711752744,1.426434346535478,1.6541395640422354,0.1359779,-0.0790962
23,-0.3931558727144655,1.671067751107815,1.386886247494493,1.6156940379108782,0.13779789,-0.0864636
24,-0.3949037272659488,1.7390972235219386,1.343654447295938,1.5770925396171742,0.1426146,-0.09478274
28,-0.37188367690190055,2.0229695330045634,1.243135848143373,1.3907761048891527,0.10481847,0.15306266
29,-0.3615441178478251,2.0734294894129084,1.3196671764042716,1.3501405148263774,0.016160756,0.17402098
30,-0.3596063920458485,2.0815114344624384,1.406677664318357,1.3219019381451633,-0.042977214,0.08820593
0,0.0333333333333334,0.3055555555555556,1.5707963267948966,1.5707963267948966,-0.034519173,0.21230006
1,0.03302616314359718,0.2891240700459495,1.6769463578846793,1.5313946561737033,-0.036571532,0.2706703
14,-0.22047216281822796,1.0150859742440188,1.8272482911732535,2.0107755102236204,0.17743817,-0.13931528
15,-0.25669772471346347,1.0956287907278561,1.7575906525042395,1.974479172159918,0.17571142,-0.12990752
16,-0.2891249261070455,1.1764132157743523,1.6926368931916098,1.9295553274533737,0.17469531,-0.11208242
17,-0.31732669232599864,1.257840873458402,1.6365956823017935,1.878609510704907,0.17333832,-0.09735802
18,-0.34101449445008797,1.3398222279985643,1.5879166732218604,1.8257491978252276,0.16137356,-0.113324285
19,-0.35933029187746546,1.4173579485119299,1.5312545309450964,1.7793203153088002,0.14853327,-0.089456916
20,-0.37280605870846195,1.4892002650620506,1.4865260730173926,1.7331713478341053,0.13992637,-0.07245964
21,-0.38240939866092305,1.5573072248879165,1.4502962539580206,1.688900403945739,0.1372723,-0.07691753
22,-0.3889850088048563,1.6246007000707023,1.4118374894049506,1.6476143046946123,0.13737509,-0.08284405
23,-0.39282670765310806,1.6922342820113,1.3704154650357108,1.6074123633429074,0.14032184,-0.08995244
24,-0.39395376543438015,1.7614497648127698,1.3254392455008368,1.566579828928731,0.14631814,-0.09817439
28,-0.3669965984991591,2.0436240955281915,1.2647737423565726,1.3719344192788758,0.08362901,0.18325965
29,-0.35802647526587705,2.0840052249575765,1.356403567889009,1.3356288111975743,-0.010795273,0.14582005
30,-0.35922017733162215,2.0792800940850853,1.429313593604837,1.310139435430037,-0.055191964,0.05723998
0,0.0333333333333334,0.3277777777777778,1.5707963267948966,1.5707963267948966,-0.028324194,0.25252932
1,0.03305179620080962,0.31476542866753787,1.6970609883454184,1.5248889405543502,-0.027941033,0.26652512
14,-0.22334340161482008,1.0491873341355529,1.817284987368856,2.01600421758467,0.17620757,-0.14552805
15,-0.25957364880010647,1.1289476191434382,1.7445209632304053,1.9766808228898916,0.1748313,-0.12910214
16,-0.29179311320236356,1.209144468445881,1.6799698928978781,1.9281577185835421,0.17403473,-0.10882807
17,-0.319594550168233,1.2901800484735018,1.6255558590081076,1.8743910645384498,0.16914624,-0.115148395
18,-0.3424543837239472,1.3703125338568674,1.5679816613581519,1.8227076083276172,0.15676072,-0.107753634
19,-0.3598559606590162,1.4454892965531438,1.514104844131742,1.7736113992603595,0.14470372,-0.08281559
20,-0.37248924459460264,1.5153895103470927,1.4726970503714423,1.7258479915683236,0.1403647,-0.07837084
21,-0.38158784700445186,1.583750502008247,1.4335116306927542,1.6806223380238936,0.13916999,-0.08249557
22,-0.38762065704089255,1.6519721078965497,1.392263845601354,1.6374466098805107,0.14072505,-0.08813894
23,-0.3907567693195003,1.7212154677335831,1.348194376626287,1.594617155029663,0.14518765,-0.09511757
24,-0.39088910339451577,1.7927467300860938,1.3006355921414237,1.5505328511652077,0.1528629,-0.10344455
25,-0.38760551777972146,1.86796963169871,1.248913318910871,1.5036049963725198,0.1612209,-0.09780297
26,-0.38024301192057414,1.9468817293188396,1.2000118354943137,1.4520473961612046,0.14642394,0.035170823
27,-0.3696811648326653,2.0172511689591133,1.2175972471621375,1.3947195856519703,0.118824005,0.14801577
28,-0.35803403714583515,2.0742075831820106,1.2916051308300833,1.3475951227463632,0.04180386,0.20285793
29,-0.35302812547729634,2.094607567805694,1.3930340940740447,1.314647552666772,-0.029359259,0.107657045
30,-0.3567154952873395,2.0811549554718267,1.4468626166370253,1.2911324669436506,-0.06181501,0.03207898
0,0.0333333333333334,0.35,1.5707963267948966,1.5707963267948966,-0.020926766,0.29296014
1,0.033118664470608045,0.34104948869618223,1.7172763953593115,1.5188552450960673,-0.018976517,0.2614599
2,0.032717620819431616,0.3357014169990563,1.8480063388731818,1.4681440539234185,0.0004638955,0.364645
4,0.04004277092997878,0.39413707258589115,2.1769070337202887,1.4819455448287275,0.14583722,0.12544525
5,0.041334617049518976,0.4555569310556707,2.239629657068525,1.6142221090244522,0.16779934,0.03861484
6,0.03283363814808205,0.5270142044711347,2.258937076726232,1.757463519075717,0.17524691,-0.026358932
7,0.01304680882710068,0.603511732112379,2.2457576105978827,1.8828860037177566,0.13625589,-0.090316564
8,-0.009118511270937841,0.6632838359889656,2.2005993286755423,1.963812518413653,0.11514533,-0.085917085
27,-0.3618103262442209,2.0460696268559064,1.2539645890381674,1.3685977355227317,0.09424201,0.19448787
30,-0.35790538010025824,2.069041905401715,1.4607137004521231,1.2804374972571586,-0.06514691,0.019736618
0,0.0555555555555556,0.15,1.5707963267948966,1.5707963267948966,-0.06991546,0.25556344
1,0.054739198423202275,0.1163684651366761,1.6985780457642417,1.5181379082304587,-0.06845541,0.35660177
3,0.05595948073808678,0.11332898044148479,2.060080469646726,1.4047604868104602,0.12792163,0.19307134
4,0.06240926715329147,0.1696454551572591,2.1566161374237875,1.5084765708710681,0.1558007,0.080631435
5,0.06189645251416162,0.23618190363768865,2.1969318548825125,1.643715038146054,0.17076698,0.021751165
6,0.05121419709372111,0.3111460033643239,2.20780743757752,1.774562443271224,0.17693734,0.0016364753
7,0.030022386986331227,0.3905716581564414,2.208625675239835,1.8828354230139481,0.16559955,-0.017248333
8,0.0025622064403066904,0.46495470257921284,2.2000015089896063,1.9618570199911793,0.1271572,-0.0940063
9,-0.022558830397898584,0.5211824343045931,2.1529983590033392,2.016352942678155,0.14058417,-0.18607
10,-0.05411094499502385,0.5830905687385008,2.0599633614209036,2.062352680417504,0.17966995,-0.24767897
11,-0.09780474145155595,0.6622798349723109,1.9361238787558417,2.0804793974747113,0.20252955,-0.07552788
12,-0.1453535844586942,0.7510935469508556,1.8983599404480795,2.0441279728937864,0.19517876,-0.0788545
13,-0.18810736767374736,0.8382721271197192,1.8589326898243765,2.0091259168397073,0.18685219,-0.065378994
14,-0.2260256505122051,0.9230526128814468,1.8262431929495673,1.9737409077024692,0.18171242,-0.10009581
15,-0.26026263988186676,1.0068392730920228,1.7761952886965613,1.942718547880584,0.17883188,-0.12023318
16,-0.2912700812829362,1.090302744464355,1.7160786996271948,1.908968169152962,0.17705926,-0.114183724
17,-0.31877511656424456,1.1737597821788803,1.6589868376639227,1.8685192183634243,0.17595011,-0.09907678
18,-0.342419517263738,1.2575317497628304,1.609448448815618,1.823054427548322,0.17493244,-0.08382651
19,-0.3619868721958978,1.3416861888499139,1.5675351927664618,1.7757207181120622,0.16050377,-0.09340921
21,-0.3868931344010995,1.490858969544527,1.485760019221578,1.6953482486198705,0.13521898,-0.057322472
22,-0.39396315474822324,1.5572519181513644,1.457098783054624,1.6587230508647912,0.13116583,-0.065222085
29,-0.3785400475767965,2.0191548741733625,1.265058354535375,1.3940419659470487,0.09305954,0.14391796
30,-0.36961711586621093,2.064124668503483,1.3370173359897475,1.3586781940356576,-0.0043901503,0.1509099
0,0.0555555555555556,0.1722222222222222,1.5707963267948966,1.5707963267948966,-0.06151937,0.23239008
2,0.05243127263698291,0.11441656863639867,1.8650773922589163,1.4335622631757,0.020961355,0.37004274
3,0.055305479830263585,0.13268187625793137,2.050098762908254,1.3988507295346304,0.12346701,0.21034653
4,0.06211162282019448,0.1875992478449545,2.1552720303323607,1.49642968089781,0.15363249,0.08885199
5,0.06241418185836957,0.2529552293307257,2.199698024490152,1.6313561647946608,0.16980556,0.024917781
6,0.05268587575406742,0.32711027208227694,2.2121569151666503,1.764664038850698,0.176624,0.0018664896
7,0.03228625667189939,0.40616268985955206,2.2130901599910597,1.8761570430139185,0.16777648,-0.018898726
8,0.004903477605643099,0.48142929207712315,2.203640797236238,1.9587967245428668,0.12808363,-0.0929164
9,-0.020232830972087692,0.5380450364063504,2.157182597615991,2.014690157054836,0.1339046,-0.16994628
10,-0.050089484229693726,0.5969880794871023,2.0722094560649733,2.0596562069417788,0.17904001,-0.24835429
11,-0.09354620110666186,0.675858828206927,1.9480323130872588,2.0817828225951702,0.19974753,-0.07785526
12,-0.14078125837443123,0.763391703370834,1.9091046834972243,2.049147423586019,0.19367059,-0.083378434
13,-0.18377571478479948,0.8496946846805201,1.8674154664066176,2.0163467116844873,0.18591462,-0.06951076
14,-0.22216589336901188,0.9337841195750244,1.8326600874450545,1.9817937247610777,0.181104,-0.10824537
15,-0.2569935351505457,1.0170314220070027,1.778537401058946,1.9510867928876845,0.17835936,-0.123677224
16,-0.2885562568041948,1.100001619651891,1.716698789098535,1.9161724173811794,0.17668273,-0.11553696
17,-0.3165205950059952,1.1830451083796927,1.6589303101089339,1.8742659330677618,0.17564067,-0.09953973
18,-0.3405275677661085,1.266486036924252,1.609160446622644,1.827471252342843,0.17361456,-0.09014538
21,-0.38540395304080105,1.4976306994131647,1.4828665340926985,1.697234748109031,0.13557163,-0.06050706
22,-0.3925907432948189,1.5641594138609534,1.4526130045440535,1.659846605746569,0.13204256,-0.067994684
28,-0.38497587189803684,1.9714920289995415,1.2248132462289671,1.4322837941837219,0.1216706,0.0881221
29,-0.3753173230243537,2.0300239129158597,1.2688742960479598,1.3853948968633134,0.08234589,0.1556143
30,-0.3670990142586417,2.069799589918538,1.3466814468291144,1.351382113827088,-0.010568999,0.14493173
0,0.0555555555555556,0.1944444444444444,1.5707963267948966,1.5707963267948966,-0.05312331,0.20921674
2,0.05277151136118002,0.14061386159708905,1.8530918965723853,1.4416215668208467,0.010079041,0.36840692
3,0.05484392549801557,0.15404026407746507,2.037295357384954,1.3970838751715626,0.118246645,0.23048668
4,0.061809771094855644,0.2075154959121659,2.152538695433412,1.4864094931205138,0.15101832,0.09877834
5,0.06281187428394737,0.27166080357490613,2.2019278640535216,1.6197820713792812,0.16861743,0.028989643
6,0.05398986685550845,0.34494329470591384,2.216422685482774,1.7549774787005126,0.1761841,0.0026327372
7,0.03438122825797438,0.4235577440064312,2.2177390540626387,1.8694842139694914,0.16969922,-0.021276742
8,0.007129901195562011,0.49957139191563754,2.2071006829526763,1.9557787612804727,0.12875476,-0.09152177
9,-0.017968318429891723,0.5564632989883677,2.1613397980716567,2.0129386282852875,0.12694436,-0.15339199
10,-0.04607425203151444,0.6123255843866086,2.0846438045289855,2.056585264019378,0.17419776,-0.23506513
11,-0.08816931827024435,0.6890086854464684,1.9671112383392195,2.0820785637593264,0.1960198,-0.08806208
12,-0.13494927033387297,0.7748884747601772,1.9230801994588713,2.0560818324172474,0.19109187,-0.09100047
13,-0.17814504022627348,0.8597586675920696,1.8775799656894545,2.026259575106194,0.18505415,-0.07586965
14,-0.21723678897308557,0.9430868676044638,1.8396451408651213,1.9924174896612543,0.18051296,-0.11562812
15,-0.2528314958597413,1.025701862630785,1.7818310792234282,1.9614520917791405,0.17789498,-0.12702295
16,-0.2850939525328893,1.1081086425851334,1.718319603302751,1.9251055452941868,0.17630953,-0.11706057
17,-0.31364676939161007,1.1906820988746107,1.6597893173482756,1.8815767352247792,0.1753329,-0.10026333
18,-0.33813567320431137,1.2737467681361476,1.609657653668199,1.8333141799326889,0.17247275,-0.0957143
21,-0.38377794909643637,1.5032329383547045,1.4798596734788756,1.6999510373918976,0.13617362,-0.063519
22,-0.39113920074944913,1.570002246590326,1.4481001729753356,1.6615093043636782,0.13312295,-0.07054654
23,-0.3959361464591725,1.6356233843126748,1.4128269041564803,1.6260326227013593,0.13295487,-0.07853705
24,-0.3984357865844771,1.701350830379204,1.3735583807018141,1.5914102767584062,0.13571033,-0.08723441
25,-0.3986343571672825,1.7684971075472595,1.3299411768701415,1.5557912377726002,0.14154468,-0.09660408
28,-0.38217669940506505,1.9820626437010753,1.2225516075876097,1.4238054074057866,0.12069326,0.10199168
29,-0.37209102419924556,2.0400608643915863,1.2735474492099623,1.3768257223556024,0.07166052,0.16692603
0,0.0555555555555556,0.2166666666666666,1.5707963267948966,1.5707963267948966,-0.044727206,0.18604341
1,0.05518946272321176,0.19495831431574948,1.6638180325415473,1.5351412581378572,-0.05890286,0.3172319
2,0.053459099294013906,0.17032929387956675,1.8224339793112616,1.4603054024531155,-0.011654578,0.36513996
3,0.0539570911724759,0.17363967581785852,2.0050039599325995,1.3975690416043705,0.10771371,0.27155563
4,0.061050649525842285,0.224418138483509,2.140781776109014,1.46859034380313,0.1457201,0.119413346
9,-0.013905574154835856,0.5726243007881946,2.1694215844061713,2.0081169091449107,0.11796945,-0.12957117
10,-0.03963940287899437,0.624530906952202,2.1046359995987753,2.0503838002996555,0.16264182,-0.21291468
11,-0.07854131826654087,0.6960642574966905,1.998178661861692,2.0811123774384592,0.1913299,-0.107064664
12,-0.12474089389072447,0.7798749581568822,1.9446463296797614,2.0660203688604004,0.18837325,-0.10408771
13,-0.16843448877813486,0.8631266303364102,1.8926024744894843,2.0408032460192667,0.18477717,-0.08596718
14,-0.2087465230259213,0.9457745246857915,1.8496188829329352,2.0078798818496195,0.18018308,-0.119169384
15,-0.24549438106989946,1.027676706886877,1.7900341908123831,1.9758364971447848,0.17758761,-0.12999186
16,-0.27881483492144976,1.1094542859480543,1.7250382612135748,1.938221028775364,0.17602977,-0.119547874
17,-0.308327082109295,1.1914833225906116,1.665264324345861,1.8933516670771762,0.17508222,-0.10235891
18,-0.3336807688737306,1.2740900454098671,1.6140848706152777,1.843750302013915,0.17211974,-0.09826401
19,-0.35454707337879643,1.3563978416800735,1.5649528662350516,1.794421218663864,0.15820977,-0.09722692
20,-0.37016707409307037,1.4329234664860713,1.5163394073632102,1.749695534969617,0.14457582,-0.07427761
28,-0.38016636713780266,1.9869814457539812,1.2198379645731787,1.4195793770111262,0.1211481,0.10928026
29,-0.369775171427597,2.0451502869097498,1.2744780937817435,1.3720160051486403,0.06857831,0.17479415
30,-0.3624826002575016,2.0782866182889546,1.3618751699712615,1.3387982791639097,-0.018878564,0.13718495
0,0.0555555555555556,0.2388888888888888,1.5707963267948966,1.5707963267948966,-0.036331147,0.16286999
2,0.05408081435973965,0.20065343522080997,1.7901176373150687,1.4787660963387026,-0.03443838,0.36171514
3,0.0530982398356806,0.19287798776187431,1.970975206294332,1.3999805718398393,0.09507898,0.31386477
4,0.060092915975917816,0.24005923324336376,2.127907590070043,1.4503606645492186,0.14017689,0.14111653
5,0.06356230226531037,0.2999596385300339,2.198465854921613,1.5731265841862998,0.16315252,0.049275726
6,0.05832872349227718,0.36984450988242845,2.2231037179615836,1.711945625226167,0.17405039,0.0083813965
7,0.04222623387843638,0.44668058102163155,2.227294416227613,1.8363748792817292,0.17704123,-0.01135692
8,0.016191108443442823,0.5258154593674037,2.2216159562256674,1.935439631579821,0.13698922,-0.0876416
9,-0.009370849027997265,0.5862978503220045,2.1777951578286032,2.0015101438799245,0.108867384,-0.102650166
28,-0.37857381814291174,1.9888380304303377,1.2168860445406775,1.4176968188971446,0.12238358,0.1129508
29,-0.3679402626370022,2.047559801953858,1.2733614454653601,1.3692937451011977,0.069678105,0.18076134
0,0.0555555555555556,0.2611111111111111,1.5707963267948966,1.5707963267948966,-0.027935065,0.13969669
1,0.05538876011046313,0.24749590793723006,1.6406446705248694,1.545348387416914,-0.0373111,0.23444895
2,0.05459574028303773,0.2312484145044598,1.757869147756372,1.495945354887311,-0.04413744,0.35920033
3,0.053087772702248126,0.21785088490243684,1.9374693120506148,1.4127408936455002,0.060827013,0.35169917
9,-0.003302059691697043,0.5955832010803553,2.188538291552339,1.9913847344234445,0.10595389,-0.08492854
10,-0.025425934169703745,0.6422857422493956,2.1460740203645567,2.0324777715807087,0.1362283,-0.16006556
11,-0.05681541079723708,0.7021119420005798,2.0660412395980696,2.0709277314376573,0.181694,-0.14259407
12,-0.1010197100903236,0.7817199224613822,1.994744204976831,2.0803504843610923,0.18265465,-0.13008252
13,-0.14523069281310283,0.8617924307646345,1.929702946045671,2.067551204214284,0.18179399,-0.105647236
14,-0.18735959122745421,0.9420620476192814,1.876879327991281,2.0394350200710716,0.17997593,-0.12335983
15,-0.2265955522608985,1.022674432516177,1.8151994133975844,2.0066440195741784,0.17724541,-0.13672778
16,-0.2623176424255393,1.1032352647519412,1.7468355233457427,1.9681939999381657,0.1756328,-0.1265864
17,-0.2941335474319519,1.184138240942715,1.683542319634233,1.9219218213680167,0.17467909,-0.10886094
18,-0.3216676165862868,1.2657403534968998,1.6291118497636656,1.8703741486013057,0.17248373,-0.09961587
19,-0.3446043757167736,1.3475292287185963,1.5793039138105254,1.8181662522565738,0.16002771,-0.10850909
21,-0.37499255029263273,1.4958789361532367,1.4821855659273009,1.725862434819974,0.13944994,-0.07150081
22,-0.384094463211265,1.563847997902733,1.4464351619270186,1.6822804522447077,0.1369458,-0.076366246
28,-0.37723939768752,1.9889125889310928,1.2134447480228285,1.4175151664492134,0.12416019,0.11421302
29,-0.36640997663778885,2.048445775109016,1.2705512578275542,1.3680012190007416,0.07366852,0.18555725
0,0.0555555555555556,0.2833333333333333,1.5707963267948966,1.5707963267948966,-0.021734357,0.14089674
1,0.055427680736184884,0.2728181946193308,1.641244695582662,1.545628619497027,-0.027684823,0.20837589
2,0.054891468040067386,0.26093874698448105,1.7454326386239867,1.503702700224628,-0.03922449,0.34371912
3,0.053659719096413275,0.24885325762156119,1.9172922010209899,1.42704648901875,0.04052258,0.37298313
10,-0.022343681998436546,0.6627948700017794,2.1521287644889693,2.029562998944364,0.13425088,-0.13877192
11,-0.05302980171345614,0.7217641557918062,2.0827428037908415,2.0675759115410632,0.17745186,-0.14702931
12,-0.09615466068590228,0.7994842778393374,2.009228148558412,2.0827838410469597,0.17917356,-0.13415518
13,-0.13991059939618994,0.8778863796505599,1.9421505565431456,2.073979628481178,0.17893492,-0.10966426
14,-0.18202283127597904,0.9566319108314597,1.8873184258725981,2.0483358997145364,0.17914821,-0.13549736
15,-0.22190559100299004,1.036564206882905,1.8195697451618056,2.017054807795391,0.1766243,-0.14197722
16,-0.25829245070530876,1.1164643047088225,1.7485811347749571,1.9776497751190607,0.17513457,-0.12872049
17,-0.29068515946220885,1.1967900075947082,1.6842208887126784,1.9297683856068166,0.17426647,-0.10966438
18,-0.3186959936834651,1.277918786753655,1.6293886984374861,1.8766389979306215,0.17070377,-0.10829127
19,-0.3419007708283959,1.3587097391227112,1.5752430642631392,1.8242511511709356,0.15851462,-0.10976648
20,-0.3596670032516085,1.4347705551289103,1.5203598226096968,1.775975585066028,0.14616884,-0.08519077
21,-0.3726259879933754,1.5054063633148662,1.4777644361045699,1.7286994030795566,0.1402408,-0.07609749
22,-0.3819213442275494,1.5736883126075585,1.4397156919029097,1.683767198644379,0.13849139,-0.080337375
23,-0.38816232117994115,1.6415767729884525,1.3995470042016844,1.6412614021975607,0.13949102,-0.08608529
28,-0.37255688902572,2.005862734426721,1.2106126929309706,1.4038030704628033,0.12250551,0.13630915
29,-0.3610451557870308,2.064519662845477,1.2787672663715224,1.3543513045163558,0.05632607,0.20351353
30,-0.35451103103809056,2.091822934931669,1.3805240328100066,1.3198592783904555,-0.023022756,0.12053469
0,0.0555555555555556,0.3055555555555556,1.5707963267948966,1.5707963267948966,-0.02057311,0.18031485
1,0.05540620295784813,0.29584323446128225,1.6609537536886076,1.5387365783310356,-0.020123139,0.206884
2,0.05500373130492162,0.2879792355707726,1.7643957520511488,1.4984781488653538,-0.029822938,0.33614343
3,0.05423247628963726,0.28052333739993335,1.9324674690749983,1.4280638251884996,0.05382806,0.36998636
10,-0.026055098132401887,0.6992327852018119,2.1502786661174635,2.0356475400226337,0.14331752,-0.13561812
11,-0.059222092748142406,0.7621052757139176,2.0824696059015135,2.0725639830514586,0.1735364,-0.1521571
12,-0.10176585029861834,0.8379502067643062,2.0063910568740706,2.087040698680379,0.17578048,-0.13330755
13,-0.14495910993358757,0.9147098468854941,1.9397372836854796,2.076882606186601,0.17619658,-0.11807543
14,-0.1866622902615351,0.9921442490774554,1.88069956848887,2.0511117792790157,0.17763197,-0.15053686
15,-0.2264165729076993,1.071324471676982,1.8054311359908919,2.0189467848581844,0.17555624,-0.14415082
16,-0.2625259180280486,1.1506041886356708,1.7333557243135314,1.975990540528937,0.17437154,-0.12596515
17,-0.29443089269892664,1.2305124488769337,1.6703731502082686,1.924776226734519,0.17368886,-0.10544804
18,-0.32179287031871007,1.3113987022591975,1.6176491315152983,1.8693368552214735,0.16648553,-0.12607142
19,-0.34396892794717515,1.3904296965975085,1.5546134198692183,1.8187962602614844,0.15371048,-0.10347557
20,-0.3606576121892811,1.4640841418940396,1.5028756345298628,1.7683760932498958,0.14347306,-0.07971877
21,-0.3727629584625764,1.533365191935882,1.4630162502315383,1.7195456825422042,0.14055869,-0.0818679
22,-0.38142727361411904,1.601865420981936,1.4220822984960417,1.6738714158086874,0.14031622,-0.08587983
23,-0.38700664851362604,1.6706586078985355,1.3791423822429518,1.6296260423101785,0.14283483,-0.09142795
24,-0.3895830805393252,1.7409183492989502,1.3334284062173705,1.5852210501544912,0.14832117,-0.09839904
25,-0.38895810087297694,1.8139348226287135,1.284228884675775,1.5391229389193288,0.15714951,-0.10686576
28,-0.3651004491590546,2.0347509050955943,1.2394478107478957,1.3794996459862008,0.10416086,0.17493501
0,0.0555555555555556,0.3277777777777778,1.5707963267948966,1.5707963267948966,-0.014037125,0.2205624
1,0.055444144423135555,0.3216015581191365,1.6810775260117392,1.5324409017109362,-0.011411071,0.20248234
2,0.05525709088088131,0.3182247533132282,1.782318697371755,1.4954128736170185,-0.013134159,0.32450703
3,0.05529861018471669,0.31844115237458337,1.9445722113039832,1.4371891013401354,0.06512042,0.36585447
4,0.060124994755276454,0.3552967132640282,2.1274994472649436,1.4475681302079928,0.13203827,0.17063873
5,0.06388861283050906,0.41234275121838465,2.2128188098457198,1.5610534799095024,0.15965241,0.06068781
6,0.059594478848214144,0.47994366015734335,2.2431627149370055,1.7016514528361557,0.17243195,0.012083322
7,0.044402334328687273,0.5551970163404868,2.24920437584189,1.8316893487323573,0.17371936,-0.032470256
8,0.019228832968249406,0.6320012671969453,2.2329692477968077,1.9370627465226655,0.1320051,-0.08918163
9,-0.005411560870450709,0.6900232975621381,2.1883784318950514,2.0034429801678684,0.120534725,-0.08074978
10,-0.031365896108574196,0.7430774133188472,2.1480035419252257,2.0452796379755007,0.14588925,-0.10520485
11,-0.06561364817095808,0.8069609705781222,2.095401116707597,2.0770700797366546,0.16734593,-0.1776351
12,-0.10718047473955494,0.8798501650530162,2.006583564975534,2.0960304134068166,0.17183718,-0.1401678
13,-0.1500534582227242,0.9545465904601902,1.9364996636894087,2.084852109459858,0.17433195,-0.14459959
14,-0.19197388678021637,1.0308981561098292,1.8641998703267912,2.058710771507823,0.17614603,-0.1561341
15,-0.2317030930753422,1.1090724712863722,1.7861328209426741,2.021265853458012,0.17453754,-0.14159736
16,-0.267453840802001,1.187664766769121,1.7153341407564024,1.973038908075241,0.17363995,-0.120800614
20,-0.3614544934687606,1.494811464884748,1.4862187589195113,1.7592071785290408,0.143309,-0.085939854
27,-0.36751793307424235,2.009084508620938,1.19960663566855,1.401426625028894,0.12773114,0.14329778
28,-0.3552724710483463,2.070102035783939,1.2712555239584784,1.3486342604880517,0.06632511,0.22093517
0,0.0555555555555556,0.35,1.5707963267948966,1.5707963267948966,-0.006639749,0.2609931
1,0.055516409992475195,0.3478333477825345,1.7012928734209876,1.5265548867181293,-0.0044279248,0.22132206
2,0.05555810994560216,0.3484111105571457,1.8119539032366614,1.489020940114884,0.006551668,0.32685995
3,0.05658777012090692,0.3580974523502469,1.975383878746305,1.4440618019083498,0.08825292,0.34275562
16,-0.2727128308576907,1.228483846587697,1.6969564268973212,1.9672419321715708,0.17291695,-0.11529398
17,-0.30318039189333124,1.3076783116761472,1.6393094370749335,1.908911274206936,0.16656472,-0.13600174
18,-0.32829207809085925,1.3856950722504806,1.5713085691120963,1.8548301049012639,0.1553648,-0.118837625
19,-0.3476645230616992,1.4593803106742544,1.5118897567179541,1.8007084995507425,0.14462918,-0.088698864
20,-0.3619106356831621,1.52857893152313,1.467540324726377,1.7473286076011574,0.1438849,-0.09245658
21,-0.37250920590743264,1.5982278179438985,1.42131203512219,1.6964790768198923,0.14447512,-0.09401527
22,-0.37962320128093296,1.668682625465547,1.3743043998864035,1.6464984717823832,0.14773053,-0.09749934
23,-0.38328075056089655,1.7410515415211059,1.3255547295000891,1.5961557806261444,0.15391569,-0.102858126
24,-0.3832321922572012,1.816579638328158,1.2741256664183478,1.5441751482288837,0.16348386,-0.11020395
25,-0.3788918018972323,1.8967006042292958,1.219023690619741,1.4891727530203602,0.16672993,-0.06674573
26,-0.36977789394307725,1.9776610452389745,1.1856508264925818,1.4294673495272723,0.14295155,0.09329206
27,-0.35781846649170274,2.0459136958976916,1.2322968552496771,1.369577538434338,0.10562201,0.19487147
28,-0.3461982698877388,2.0966231665632034,1.32973259041575,1.3258305257258294,0.02090042,0.18078062
30,-0.348380800532947,2.0900856083138697,1.4592101807382445,1.275640658784692,-0.059898898,0.0231466
0,0.0777777777777779,0.15,1.5707963267948966,1.5707963267948966,-0.057262465,0.21831317
3,0.07883992720538352,0.12303353421068068,2.0450313175704817,1.4198719289977357,0.12349592,0.19972143
5,0.08402144883905842,0.24411218684465222,2.1875366354968886,1.642211844959578,0.16749613,0.024262756
6,0.07378691770119093,0.31794512027016036,2.1996680135515074,1.7688821980665843,0.1738517,0.0032299757
7,0.053495686335652395,0.3961857804361295,2.2012830014016966,1.874809443728546,0.17570457,0.004172772
8,0.02483173650340357,0.4754896831548851,2.203369387486253,1.9564138096450103,0.14427435,-0.06579861
9,-0.003508249467893067,0.539517637029472,2.1704700822618346,2.014804512725776,0.114613205,-0.09502062
10,-0.028743403739793002,0.5899527240861748,2.122959771254335,2.051888932807092,0.14035152,-0.1926792
11,-0.06235412831113689,0.6514534016349547,2.026620172956262,2.084887578837864,0.19404669,-0.18668136
12,-0.11033724076908982,0.7362526395759151,1.9332794929530959,2.0816842066824206,0.19530573,-0.07659042
13,-0.15630435893941216,0.8218136312975953,1.8949842835452895,2.0457723053876995,0.18887883,-0.07658231
14,-0.19778712398296114,0.9060771025715916,1.8566931272533278,2.0105908899511955,0.18237579,-0.09014833
15,-0.23505939020536304,0.9888056343164396,1.8116189623859267,1.9770165979971923,0.17900884,-0.124183804
16,-0.2689837478848106,1.0712566033588993,1.7495270604875426,1.9438036521118178,0.17696041,-0.12293747
17,-0.29939966206222995,1.15368978167826,1.6880583251502852,1.9036874331851399,0.17571317,-0.10875109
28,-0.3852278497135629,1.9542373151818393,1.2195042307165007,1.4452996841457622,0.13066876,0.059917122
29,-0.3755984751346645,2.01715684921607,1.2494627917793135,1.3955375182568703,0.10294831,0.14313078
0,0.0777777777777779,0.1722222222222222,1.5707963267948966,1.5707963267948966,-0.04886639,0.19513981
1,0.0773550290586918,0.14851837357560682,1.6683662320163588,1.5329363069910273,-0.06417708,0.33405113
2,0.07535617804009123,0.12189295201956299,1.835391798117433,1.4520616337423626,0.0223983,0.37025872
3,0.07792617915792667,0.14032770549587015,2.0205211574819426,1.4155843533579204,0.11513086,0.23239194
4,0.08409633581311478,0.1934769142050867,2.1367171267655234,1.4961359280582551,0.14782217,0.10135004
6,0.07611749294312285,0.32970425180250007,2.203201131024633,1.7508194304025526,0.1730848,0.004885882
7,0.05728468316079755,0.40731254912314097,2.205644072094236,1.8612818805963056,0.17547964,0.003078878
8,0.029681188849156694,0.48644757038344755,2.2071835110571723,1.9472475492058217,0.14851274,-0.0588997
9,0.0010570630843147327,0.5524353404849228,2.177733660736356,2.009025354208351,0.110153876,-0.077539325
10,-0.022846772363580653,0.6009623021553001,2.1389639983561377,2.045612014639471,0.12915264,-0.16920492
11,-0.05333148337430882,0.6575047851908906,2.054361538090978,2.0805469284588676,0.1900335,-0.2092028
12,-0.10050745340337143,0.7405528342495451,1.9497601399805884,2.0882887447823264,0.19320026,-0.0792177
13,-0.14673705544569682,0.8248958113607614,1.910151288905416,2.0557135923601373,0.18756345,-0.082039535
14,-0.1888903571497304,0.908175075772446,1.869131521382604,2.0226045356697853,0.18217564,-0.09400648
15,-0.2271446338686805,0.9903699703251098,1.8221282819893698,1.9894706393780828,0.17877409,-0.12780407
16,-0.262046015971972,1.0722913922491413,1.758226246633802,1.9560888690647869,0.17671826,-0.12609705
17,-0.2934010257138333,1.1542264229160464,1.6951777199890952,1.9153716337353257,0.1754789,-0.111435324
29,-0.37357101900861683,2.0213943872628697,1.248123780885015,1.391986914187481,0.10256962,0.15019323
30,-0.36354105581331336,2.0708182603559764,1.3232203955438475,1.3525544048351241,0.011804506,0.16905357
0,0.0777777777777779,0.1944444444444444,1.5707963267948966,1.5707963267948966,-0.040470302,0.17196645
3,0.07704239699442746,0.15985283695499003,1.986463346579347,1.4159615204228588,0.10409666,0.27541354
4,0.0833534299282321,0.2099948603487593,2.124170118072305,1.4776418980417874,0.1422975,0.122865885
5,0.0853015530203762,0.2715358531947061,2.185603060820375,1.5979540912373456,0.1626639,0.041866392
6,0.07851679838769031,0.3423407331652479,2.2065362567689757,1.7290176443959246,0.17198819,0.0077670813
9,0.006293552797098669,0.5662898571454635,2.1862731809404234,2.0017234146930925,0.11440369,-0.07821378
10,-0.018196033472994148,0.6166891466439463,2.147166290381227,2.0419135512036317,0.12386231,-0.14327994
11,-0.04712570919391885,0.6709133687420931,2.075526320436273,2.076167451118278,0.18560077,-0.20739916
12,-0.09311350482535698,0.7519931964369361,1.971826740601335,2.0911631700879862,0.18940027,-0.091695935
13,-0.13907945352174964,0.8345512778512933,1.9259787733342986,2.06542224397448,0.18508288,-0.09085539
14,-0.18164409853568653,0.9163391173451224,1.8805510784175734,2.035101764429979,0.18159178,-0.10291332
15,-0.22084403952094447,0.9978067951789977,1.829094418385301,2.0024788592816725,0.17829481,-0.13243917
16,-0.25666133825052806,1.0790466719528724,1.7628748352315764,1.968021221107637,0.17632006,-0.12868401
17,-0.28883445863938423,1.1603879109947028,1.698532828190599,1.9257751935382892,0.17514272,-0.11303553
18,-0.3169435788160779,1.2422196162263741,1.6420150632646422,1.8771701890391426,0.17441708,-0.09465107
21,-0.37312303477717285,1.4767090059284185,1.4928529048946242,1.7341996987494421,0.14009365,-0.06891301
22,-0.38283531124600956,1.5449181220761574,1.458396398523126,1.690631871253396,0.13664009,-0.07378057
29,-0.3708859192084793,2.0289806312320677,1.2528702254083495,1.3849180685935625,0.098299935,0.16332072
30,-0.36093821609101273,2.0763707764158856,1.3345305855062346,1.346283369568879,0.0046990067,0.16171646
0,0.0777777777777779,0.2166666666666666,1.5707963267948966,1.5707963267948966,-0.032074288,0.14879309
1,0.07757202134874104,0.20103396932525605,1.645192869999681,1.5433434495698395,-0.042554587,0.25114474
4,0.08251228787810354,0.22623810958222992,2.1114633763816695,1.4610776471565667,0.13683054,0.14421058
5,0.08557605711648912,0.28570574589715897,2.1835686648872237,1.5756910445428813,0.15990546,0.0521594
6,0.08046108415929883,0.35485330956331435,2.2096483642843108,1.7081316829910678,0.17088893,0.010871202
7,0.06505928816378721,0.43069128725902367,2.215083965161119,1.828190569834398,0.17481309,0.0016061366
8,0.04007345362401097,0.5092657878011237,2.215887033441339,1.924262012016687,0.15816061,-0.043126404
9,0.011051188466449584,0.5797032232696534,2.1943238312986235,1.9947994827979318,0.118246295,-0.07901874
10,-0.013931494803597025,0.6317837580413963,2.154814460375581,2.0385262486926092,0.11913747,-0.11936718
11,-0.04148883833365643,0.6839516929213105,2.0951308692481856,2.0719007599041137,0.17471604,-0.1865457
12,-0.08456280766402942,0.7602195875980985,2.001858019330774,2.092362489090511,0.18479387,-0.11386469
13,-0.13008056619008104,0.8406830066302212,1.9449256742980818,2.07673309284794,0.18262985,-0.104056925
14,-0.17320994697979153,0.9209301392863202,1.892897212007318,2.0499007596442063,0.1808399,-0.110191554
15,-0.21346365543435347,1.0014868373141184,1.8378014350917677,2.0173576676934175,0.17788538,-0.13692436
16,-0.2503466884334896,1.0819963247619586,1.7693392569806914,1.9817688392836412,0.17597269,-0.13158885
17,-0.2834856154426967,1.1626984531847924,1.7035448337581496,1.9380103831112014,0.17484684,-0.115100145
29,-0.368838009947746,2.0334674593280972,1.2554043168809752,1.3802472220046704,0.09606364,0.17189078
30,-0.3588929657099112,2.079796473125762,1.3413497070458273,1.3419062463305327,0.0011897907,0.15816672
0,0.0777777777777779,0.2388888888888888,1.5707963267948966,1.5707963267948966,-0.023678184,0.1256198
1,0.07765151950919352,0.22733127563576538,1.633606226244245,1.5482117300517149,-0.03179352,0.20989475
4,0.08070585661359762,0.23440006940350466,2.0945229987290244,1.430212255687981,0.13012077,0.17096505
5,0.08556777413851484,0.291057637795198,2.1800055215742926,1.5391877400724716,0.15641704,0.06553975
6,0.08298310743202005,0.3578344115289727,2.2127753953125815,1.6745600898760407,0.1696374,0.014437884
10,-0.008241729670086316,0.6405108710088917,2.1645591715958457,2.032839994152822,0.11100247,-0.09058514
11,-0.03352750787648237,0.6891683962186941,2.1192666004088263,2.064842799115885,0.16089101,-0.1744338
12,-0.07282905310054706,0.7593604118350702,2.0320497016098837,2.0924155306486973,0.18110874,-0.12959275
13,-0.11793143541420363,0.8381145884941549,1.9672533283617835,2.0864208159009023,0.18059938,-0.11569545
14,-0.16161678871120846,0.9170657465046465,1.9094056049969534,2.0641597620124816,0.17949978,-0.111412495
15,-0.2027646748538979,0.9964527712051477,1.8536993573096137,2.0326129667150696,0.17779395,-0.14120248
16,-0.240892246716355,1.0763677859620135,1.7830981175091605,1.9975331190532517,0.17582145,-0.13603374
17,-0.27527266006469664,1.1564779358304922,1.715081245699201,1.9536505753883264,0.17467467,-0.1191642
21,-0.36688800629892915,1.471159079978805,1.4965513656523566,1.7516286307664257,0.14199041,-0.07449862
29,-0.3675490010131558,2.0331403484669526,1.2486778358605246,1.3806234321927853,0.099732205,0.17181544
0,0.0777777777777779,0.2611111111111111,1.5707963267948966,1.5707963267948966,-0.015732594,0.10848394
1,0.077706773903278,0.2534500102393203,1.6250382969763617,1.5517757437086768,-0.02132219,0.17246024
4,0.07871281047929278,0.24975042999690394,2.0374577874925475,1.4188149684312903,0.11234414,0.24081875
5,0.08459872644222868,0.30165464432746003,2.157867164411817,1.4983758981024913,0.14702448,0.102246195
6,0.08499903675804855,0.36441372176954867,2.208990261950765,1.6267511468696427,0.16534796,0.029958338
7,0.07594790313352325,0.43620173799489215,2.2239694307234625,1.75950890993589,0.17300275,0.0033819973
8,0.0564233298094476,0.5132119832795803,2.2256604293969016,1.8728530268174817,0.17431083,-0.025922418
10,0.0011102304511257577,0.6510951025540992,2.1797979782011847,2.0190938199129826,0.112198874,-0.07333472
11,-0.023744776679401662,0.7003870892669922,2.143130616345678,2.0542832959588186,0.14399728,-0.13431051
12,-0.05817567524864169,0.7632371378508666,2.075975359478269,2.0856658894608233,0.17488678,-0.1506556
13,-0.10187109434367209,0.8392722238680189,2.0006475607540946,2.0949824800552896,0.17676102,-0.13130876
14,-0.14573493676863708,0.9161536324508242,1.9349931786444525,2.0810166126745107,0.1768938,-0.11672118
15,-0.18778589253111583,0.9937131464085308,1.8766325871136527,2.052724508983247,0.1775599,-0.14877072
16,-0.22755822948337331,1.0727773652982617,1.8022472272303443,2.018996330387785,0.17552382,-0.14275536
17,-0.2636063597656021,1.1520159693971705,1.7308695475247244,1.9751316542477306,0.17436108,-0.12488738
21,-0.36123589215084706,1.465392005865948,1.5016544173148016,1.7668647354849385,0.14339568,-0.07939431
29,-0.36506783237691626,2.035389061198783,1.2418337176230292,1.3786758629596172,0.10283481,0.17622924
0,0.0777777777777779,0.2833333333333333,1.5707963267948966,1.5707963267948966,-0.0091256425,0.10973346
1,0.07773779622185187,0.2789764720783646,1.6256630579617362,1.5519650657568558,-0.011636555,0.14626381
3,0.0772071365863904,0.26844195946939103,1.8165968219426016,1.4799353391472676,-0.007367462,0.36572877
4,0.07780606537471028,0.2731802363566924,1.9994612048056464,1.419987183486841,0.099949494,0.28907847
7,0.0786346580718382,0.4519748676219173,2.2281239638712744,1.7352116272843932,0.17180224,0.006472349
8,0.06107677579062566,0.5280103586630727,2.2313601384547095,1.8541902689930507,0.17392197,-0.024875373
9,0.03419090939353337,0.6055413702939828,2.21892245213059,1.9494942861616276,0.14143018,-0.058349818
10,0.006887998294485962,0.6681423658511468,2.1897475431349616,2.010949813866638,0.12120203,-0.07413006
11,-0.019604570050726196,0.7214027219912622,2.1526825139906745,2.0511425455953853,0.1351141,-0.084005415
12,-0.05154889577068032,0.7804404057763665,2.1106798062708716,2.079720352786125,0.16840369,-0.17532846
13,-0.09364164364061878,0.8535482862781162,2.0230155746128897,2.1015287269554896,0.17281789,-0.14415994
14,-0.13730960862208344,0.9284000162705239,1.9509356031802039,2.093232121692059,0.17450015,-0.12899402
15,-0.17988169899259648,1.0044281016469825,1.886438594260488,2.0673811510125413,0.17694831,-0.15559527
16,-0.22065475564847578,1.0826456802666633,1.8086409578707556,2.033101349738333,0.1750164,-0.14634773
17,-0.25762598015080546,1.161114532126209,1.7354670921948294,1.9877376678458976,0.17393218,-0.12695864
18,-0.2902492632131701,1.2403664851466851,1.6719877729800086,1.9343588803696372,0.17331928,-0.10599235
21,-0.35789053498270335,1.4721293572278715,1.4989110390332083,1.7737788253098852,0.14430644,-0.08465794
28,-0.3717895119528139,1.983952267685321,1.1967015425351004,1.422196306608893,0.13385165,0.11209059
29,-0.3602430664732337,2.047928847646963,1.2527468363430838,1.3665802888167915,0.09463249,0.19839916
30,-0.34975379082588953,2.0935489915580114,1.3519464145090918,1.326863727167238,0.0007555038,0.15859944
0,0.0777777777777779,0.3055555555555556,1.5707963267948966,1.5707963267948966,-0.006377034,0.14832842
3,0.07766428699002725,0.3011286868616634,1.8293581763890128,1.4813141138941164,0.0050997585,0.3623307
4,0.07887042679551418,0.3114270285688369,2.010523528852735,1.43123766578168,0.100868315,0.28430742
6,0.0853979639411373,0.42107771534559424,2.2141330103066306,1.613076612151677,0.16253819,0.03965223
11,-0.02445995228688453,0.7617302045774867,2.1512328247216086,2.060004386734428,0.13793881,-0.07870096
12,-0.0575728457956067,0.8218292441349686,2.1118823448803763,2.0862354395076346,0.16425179,-0.18349192
13,-0.09910919244259747,0.8929269116900109,2.0201363871481757,2.1076189583604776,0.16942091,-0.14423212
14,-0.14229738391424518,0.9660798950636126,1.9480203251030783,2.0976739725788303,0.17262514,-0.15251443
15,-0.18483272186120714,1.0411701166366742,1.8717631111529212,2.0722454162947423,0.17562649,-0.1606597
16,-0.22544906926532013,1.118570646735434,1.7914332608368735,2.033791383114238,0.17409934,-0.14409724
17,-0.26200233481339263,1.1964768972050166,1.7193846414473395,1.9841049694024184,0.17326272,-0.12235573
18,-0.29399699652369804,1.2754003782701193,1.658206776776586,1.9275464727389295,0.16973388,-0.11910677
19,-0.3208918723554363,1.354296646352503,1.5986533919957022,1.8709730935078293,0.16037345,-0.13138714
20,-0.34224972641064205,1.4302333529532314,1.5329598198321204,1.8183742150973274,0.14821886,-0.09800547
24,-0.38311821166225873,1.7119931649970952,1.3453102121737341,1.6141127412367533,0.15073407,-0.09959507
29,-0.3499943072129184,2.0835740620451615,1.2774264896896224,1.3369953013667777,0.059951823,0.22375455
0,0.0777777777777779,0.3277777777777778,1.5707963267948966,1.5707963267948966,0.00024990737,0.18859535
1,0.07779209731131878,0.3284939842955692,1.6650940040734152,1.5394725635042086,0.004661426,0.16331859
3,0.07850363462580023,0.33963533431241216,1.8605083311584334,1.482164651709714,0.031763516,0.35309055
4,0.08080660336332939,0.36172969786423853,2.0370536083963255,1.4545842263410724,0.10610454,0.26213458
12,-0.06555269675035388,0.8726542563639603,2.1025895113733153,2.1009439302474924,0.1608853,-0.18384984
13,-0.10712443439393973,0.9419217807829104,2.0106645906951766,2.1168721543725924,0.16677885,-0.15350673
14,-0.15018790228773266,1.0136148425211304,1.933911227681909,2.1035841251573832,0.17175102,-0.17162123
15,-0.1928342777937308,1.0881319222178132,1.8481006110694747,2.0748715754666534,0.17416818,-0.16168109
16,-0.23295018332364317,1.164678727908703,1.7672600681569914,2.0303725601416938,0.17308739,-0.13879612
17,-0.26867646586045346,1.2420660944342914,1.6978620077159743,1.9755147850857162,0.17251672,-0.11543569
18,-0.2996176009899919,1.3207463445129652,1.6401441628721098,1.9155391915859348,0.16553314,-0.14854571
19,-0.3251109217147483,1.3981453649365805,1.565871306755815,1.8614715783739726,0.15384087,-0.11901611
20,-0.344657794683073,1.470841828422705,1.5063632513072829,1.805315630970249,0.14570282,-0.09286502
21,-0.35922926509704134,1.5403902944328973,1.4599307412889342,1.7497145517550234,0.14554775,-0.097468376
22,-0.3700200594270883,1.6107283241109314,1.4111965532091002,1.696516369058105,0.1470511,-0.098260045
23,-0.37714932865181605,1.6823321929750426,1.3620665306833128,1.6437070905156406,0.15121914,-0.10115376
24,-0.3805625220720097,1.7563052766404978,1.3114896501090865,1.5902271291683716,0.15838173,-0.10616422
28,-0.35154502566770124,2.063251787714524,1.2482956136253218,1.3536902207486832,0.09380254,0.22417308
0,0.0777777777777779,0.35,1.5707963267948966,1.5707963267948966,0.00764738,0.22902611
1,0.07787056469120196,0.3546762538212709,1.685309381284986,1.533738460273589,0.010060117,0.20365614
3,0.07971418022688143,0.38078101883439647,1.9087822819736342,1.4845497320963152,0.073559895,0.3585517
15,-0.21073997488482388,1.153137452175824,1.8031378025796752,2.060983614857383,0.1728393,-0.1511186
16,-0.24894838901482724,1.2293947607179692,1.727578499415193,2.008450020053297,0.17217594,-0.12601277
17,-0.28242926095174314,1.3068902349572542,1.6645721132543425,1.9486181524879236,0.166572,-0.14898118
18,-0.31050048209612013,1.3837958558674313,1.5900815213706831,1.8920884992840115,0.15686938,-0.13559881
19,-0.3326632828051822,1.4573278780173997,1.5222821171071867,1.8345330195999565,0.14557914,-0.09709394
20,-0.3491262071535359,1.526225386717135,1.4737351472165923,1.7765531038553861,0.1474274,-0.105363905
21,-0.3618405838996507,1.5970443086446082,1.4210531945016722,1.7204653243889771,0.14908874,-0.10422251
22,-0.3706624009280528,1.6692989363252158,1.3689419413593154,1.664284868429907,0.15332966,-0.105358094
23,-0.37551930653605037,1.7440486985046628,1.316262894370828,1.607266285528882,0.16047809,-0.10884377
24,-0.37606743931388054,1.8225025621034625,1.2618410075691084,1.548498332772386,0.17108326,-0.114878535
25,-0.3716147078337825,1.9060867397932804,1.204401739933763,1.4868549239861484,0.17502517,-0.06795338
26,-0.36160629525924065,1.9908098728968666,1.1704250509527068,1.4211485338358563,0.14740896,0.11460072
27,-0.34852868097234185,2.060889992877378,1.2277254099634032,1.3566481024524888,0.105269924,0.22067371
28,-0.33621522064621895,2.111386494294755,1.3380622650173049,1.31138679694342,0.022945374,0.18362755
0,0.1000000000000001,0.15,1.5707963267948966,1.5707963267948966,-0.044609547,0.18106283
2,0.09843986294467794,0.11015958959780897,1.817966484525476,1.4678867016571713,0.033925395,0.37199146
3,0.1012359917134735,0.13339925828714602,2.003962212302957,1.4374701783887838,0.11174151,0.23513658
6,0.09799857857532254,0.32102793984841976,2.190870509543691,1.748688983080218,0.16995633,0.007252753
7,0.07978030569834575,0.3975965677515901,2.1944968859341483,1.8548663751196928,0.17250367,0.0045769215
8,0.05321978372265289,0.4756947812982047,2.1967853466656546,1.9383075309589466,0.17552817,-0.033721864
9,0.019708147987719075,0.5541993393605918,2.1799244145539145,2.005968891713136,0.12488491,-0.054628134
10,-0.007310126164317267,0.6093732555059317,2.1526103476670126,2.044051474503433,0.10884353,-0.096205056
11,-0.03263549187497772,0.6570036960652934,2.104507819810186,2.072566057272329,0.16122074,-0.18436852
12,-0.07249360927941162,0.727279775894855,2.0123235593226294,2.0956692410286633,0.18710846,-0.113057494
13,-0.11892294677616486,0.8085767625730129,1.9557948122408728,2.0815261235823925,0.18484129,-0.10781202
14,-0.16305299103774248,0.8895953507755926,1.9018888036396842,2.0561134844941478,0.18195036,-0.090761214
15,-0.20395935237985793,0.9703528807274374,1.8565081963923316,2.022596818854156,0.17886782,-0.13418022
16,-0.2416343160778822,1.0511416207432427,1.7894180874016623,1.9899866408934932,0.17660959,-0.13512173
29,-0.3740633544177856,2.0102583939446173,1.2248149077084403,1.4010224961532602,0.116275385,0.13631785
30,-0.3630762677369508,2.0660873890267717,1.2929738322880606,1.3557297221981108,0.03931324,0.19242227
0,0.1000000000000001,0.1722222222222222,1.5707963267948966,1.5707963267948966,-0.03621342,0.15788946
2,0.09864743830221032,0.13526774851754028,1.7842196534064154,1.4822388545827878,0.011034712,0.36855057
3,0.1000795014856006,0.14769595991821122,1.9684949378159384,1.4337271272746124,0.10050027,0.279181
8,0.05935151933244898,0.4815233515122916,2.2003413001683096,1.9247180698763449,0.17752638,-0.034849644
9,0.026448675140223483,0.560996100771712,2.182916478314672,1.9973554670189178,0.13083455,-0.04478559
10,-0.001403783752386801,0.6189478334995481,2.1605236838248114,2.0379467734178114,0.10115469,-0.06314546
11,-0.02456522650447729,0.6633249475753784,2.128950954475675,2.064066417188562,0.1453766,-0.15892527
12,-0.05998172466802783,0.7266759277423146,2.049488321938787,2.092643981300853,0.18234125,-0.13497922
13,-0.10562829353228567,0.8058644706933635,1.9819987128165106,2.0914041092804827,0.18233769,-0.122764975
14,-0.15029148159701985,0.8853555278478886,1.9206162254002432,2.0718755890541356,0.18074188,-0.09938669
15,-0.1922979391609815,0.9649480572484196,1.8709228793766837,2.040045363933847,0.17887357,-0.13487527
16,-0.23133849774499093,1.0450648135728011,1.8034852455046515,2.0067054466803667,0.17651537,-0.13826427
21,-0.363866770463614,1.4435259548444748,1.5127099762347083,1.7644401158245449,0.14421132,-0.07849118
29,-0.3729151662745133,2.009615828920548,1.2176006148245673,1.4009072396310311,0.11917476,0.1386052
0,0.1000000000000001,0.1944444444444444,1.5707963267948966,1.5707963267948966,-0.027817398,0.13471614
4,0.10479418154643487,0.21178871801207425,2.09508012334374,1.4691689641648185,0.1334335,0.14757198
5,0.10758750546345432,0.2706425774124855,2.168866113820348,1.5761613744770617,0.15664147,0.055118382
7,0.0881155178291988,0.41373731383333834,2.203020573654447,1.8189256190358436,0.17185259,0.0029108524
8,0.06434492531895572,0.49129275617434115,2.2044759998705725,1.9128158899316379,0.17794812,-0.036705077
9,0.03225305187292206,0.570966023087277,2.1861234615233283,1.9897300360121972,0.13641457,-0.039903313
10,0.0036162591274356663,0.6314900416276552,2.1661718050625662,2.033283347957007,0.1078523,-0.059713423
11,-0.020892163026121097,0.6788489665379596,2.1363150934365134,2.061645963852568,0.14151412,-0.13873598
12,-0.055153415355132525,0.7405120660343065,2.0669471035387854,2.09034364832865,0.1786433,-0.14120647
13,-0.0999527254893653,0.818070927793164,1.9963438669827323,2.0951003141514164,0.17949963,-0.12791792
14,-0.14440487175123176,0.8961453033668544,1.9323849091914038,2.0792528356633335,0.17855427,-0.103885084
29,-0.3696585315711519,2.0191377352128352,1.2219846109536032,1.3931917883843643,0.11657637,0.14979814
0,0.1000000000000001,0.2166666666666666,1.5707963267948966,1.5707963267948966,-0.01942128,0.11154276
1,0.09990871683758519,0.20717527976872038,1.6265677074578146,1.551007541424442,-0.026285633,0.18538024
6,0.10548836942289336,0.3416826112430506,2.196689353385244,1.661708460780805,0.16526344,0.021473259
7,0.09406509799393296,0.41462769970765934,2.2074259827521185,1.784799592807136,0.17106397,0.0031488836
8,0.0729631227946651,0.49151952558648665,2.2090004245426993,1.887341175718011,0.17928028,-0.039104998
9,0.04256436751734242,0.5718463464406067,2.189447925486837,1.9723861263657745,0.14924517,-0.031436205
10,0.012224541949532434,0.6383243396486759,2.1737298230316977,2.0227208459669286,0.11668256,-0.053141385
11,-0.013803671477023507,0.6896927300224085,2.1471591303732733,2.054921245481635,0.13178784,-0.101664245
12,-0.04520046280635648,0.7472086562402458,2.0963270078089575,2.083097772002589,0.17375417,-0.14966753
29,-0.3669754205078301,2.023815520806112,1.2180342684176306,1.3893646908481878,0.11744229,0.15767168
0,0.1000000000000001,0.2388888888888888,1.5707963267948966,1.5707963267948966,-0.011025228,0.08836943
1,0.09995977629905424,0.2335106149938699,1.614981041350637,1.5555323193095396,-0.015576214,0.14433876
8,0.08334977457014911,0.48469239897329114,2.2138425270703177,1.8468964516258009,0.18061715,-0.038882107
9,0.055856886326061166,0.565593194862863,2.194401473799024,1.9437210222075827,0.167272,-0.018363982
10,0.023691400904606044,0.6404914651273829,2.1852194825795035,2.0057579989308336,0.12667537,-0.045953453
11,-0.00370683692406577,0.6964405748247278,2.1622427562859396,2.044376361040109,0.12055438,-0.060191065
12,-0.031750401284777525,0.7492220851918479,2.132147223749433,2.0720306579874275,0.15146762,-0.11147815
29,-0.36642131726083055,2.017087160300396,1.2015811214831214,1.3946035286156857,0.12532546,0.15317237
30,-0.3540131209084231,2.0769587205997926,1.278167308368955,1.342919249244132,0.05663184,0.21969998
0,0.1000000000000001,0.2611111111111111,1.5707963267948966,1.5707963267948966,-0.003816612,0.08111054
1,0.09998800406320545,0.2593136411126652,1.6113515953209738,1.557112227058515,-0.0055588186,0.11306235
3,0.09979012901576213,0.25405232859151367,1.7578259939935545,1.5050284424333482,-0.0044131204,0.29126236
4,0.10006295484587077,0.25695262320749596,1.9034571732070784,1.4569789189275355,0.07368425,0.3698457
6,0.10772782422553148,0.3539395259871201,2.1769013489272933,1.5636873699433642,0.153094,0.067325115
7,0.10383250618289319,0.4202171472068955,2.210563906529222,1.6907346855713679,0.16611372,0.01758483
8,0.09023542487683854,0.4936405807227273,2.2193563217904906,1.8113535688101905,0.18001477,-0.034167916
9,0.06562713308960227,0.5740425707061888,2.202272363999162,1.9176698994858445,0.17094216,-0.019798726
10,0.03459806731636206,0.6507028161973498,2.1923730010774474,1.9891429096371014,0.13932106,-0.03177598
11,0.005362942927643635,0.7124834199011655,2.176485010483537,2.034025679441652,0.13050942,-0.057744086
12,-0.024498412331217717,0.7696864759204528,2.1476129675891737,2.0675009326918357,0.13882269,-0.078942835
13,-0.05824594509465677,0.8300250967621364,2.108141549923692,2.0915415697974074,0.16415541,-0.18084726
28,-0.3729131544396727,1.9552319875735422,1.1812260533359389,1.4479305536249558,0.15640455,0.036489874
29,-0.36108940448927546,2.030114307698862,1.1994709903982024,1.3841265431303154,0.12517244,0.16986048
0,0.1000000000000001,0.2833333333333333,1.5707963267948966,1.5707963267948966,0.004251726,0.08245295
1,0.1000154781283299,0.2855710667924134,1.6120228032257895,1.5572552893982061,0.003945008,0.099719554
2,0.10006769898636725,0.28797181591946147,1.6618825803187232,1.5412782517354402,0.0026949793,0.13961385
3,0.10016992865670349,0.2904556826722744,1.7316895062711577,1.5190846951248298,2.6851892e-05,0.21518804
4,0.10038255106588853,0.29347022034022,1.8392835269358496,1.4846952575881105,0.036413867,0.3466889
6,0.10693270057539625,0.36695679295156935,2.1468043188240866,1.5174413404788734,0.1409511,0.114604205
7,0.10654686429551115,0.42835872345509957,2.2041064212706427,1.6340393360540562,0.16044122,0.038118154
8,0.09745676998040484,0.4984646058837095,2.2231654981758933,1.7600367581998968,0.17785278,-0.02886632
9,0.07715701493163714,0.5773516096889818,2.208732337751661,1.8781461855986108,0.17204088,-0.02045533
10,0.04884988760357453,0.6546181240021643,2.198504672446523,1.9611402300289011,0.15761507,-0.016595304
11,0.017478197374490075,0.7249197447461282,2.190207020440374,2.017031346911316,0.14129959,-0.038194925
12,-0.013895336966586538,0.7870996955113541,2.171109558143888,2.056796779487553,0.12066824,-0.032796413
13,-0.042554937197484814,0.83971337530423,2.1547113517907004,2.0809831906626584,0.15381461,-0.1886107
28,-0.36864926012472804,1.9601926294819978,1.1714643398907523,1.4452778852664196,0.16117541,0.040040463
29,-0.3561316199377995,2.0371862537052,1.1914845714953284,1.3780085909055249,0.12793422,0.18217534
0,0.1000000000000001,0.3055555555555556,1.5707963267948966,1.5707963267948966,0.007819012,0.11634207
1,0.10004001356731823,0.3096854026139161,1.6289673606541495,1.5519281015496578,0.013523683,0.10824898
3,0.10061934132900367,0.32593673344157553,1.7490280727532248,1.5198255987180884,0.023195993,0.19546245
4,0.10147480564523997,0.33980213324684877,1.8467592979457716,1.499611961685379,0.060927484,0.2953058
5,0.10397926698934638,0.37351791424829384,1.9944121922042708,1.4965248849853456,0.095601335,0.2924052
6,0.10662721926559451,0.42179517696361374,2.140614786246095,1.538469900955749,0.137034,0.12907377
7,0.10527815762322658,0.48259190312149597,2.2051516706731658,1.645651490727451,0.15808573,0.046925396
8,0.09563440887705539,0.5520347024687551,2.2286143685367445,1.767075788142462,0.17452079,-0.016691267
9,0.0752846387189605,0.6294568389823504,2.220268734791551,1.8820677529746754,0.17378438,-0.018212557
10,0.04633800286250485,0.7072227633644791,2.2111624563720564,1.9674330639276951,0.16529644,-0.025055707
11,0.012838332318853962,0.7805538004154112,2.198634603121553,2.027769151324258,0.13737842,-0.003614843
12,-0.01821631990446957,0.8408978185402334,2.1968271816757063,2.0629569097586757,0.11774405,-0.08655271
13,-0.046613557060927104,0.8916811037576365,2.1535508270051817,2.095838930894541,0.15247548,-0.19862452
14,-0.08603304410480789,0.9569818608408167,2.054238566258226,2.126386781296485,0.16059613,-0.16982242
15,-0.1286441245661531,1.0255374540596742,1.9693273539331297,2.1237557998979764,0.16726948,-0.18163815
28,-0.3560724557948382,2.0149338999454796,1.1721993620183806,1.4003954884122944,0.14074495,0.1541249
0,0.1000000000000001,0.3277777777777778,1.5707963267948966,1.5707963267948966,0.014537014,0.15662834
1,0.10009827417629778,0.3354376429553946,1.6491104970362525,1.5459915431209852,0.018775482,0.14725426
2,0.10046094964403808,0.3458099365493595,1.7227376262333731,1.5264078933422462,0.033412628,0.15033329
3,0.10136793290064978,0.36379526597816053,1.7979042688992362,1.5153048159841591,0.056479376,0.20786105
13,-0.06965924458996359,0.9797218014998115,2.0998735512283186,2.121973991149789,0.15318777,-0.19436166
14,-0.11057740135711558,1.0450483209370487,2.0026927227762084,2.134089378929345,0.16223437,-0.19330594
15,-0.15372571055259532,1.1142389018961725,1.906039753058229,2.119006339453184,0.17026699,-0.18060848
16,-0.19663000320271878,1.1874108140969366,1.8157355124738555,2.0807356280012814,0.17234246,-0.15821901
17,-0.2361728258379709,1.2626702326329373,1.7366260076549391,2.0271620558006114,0.17028944,-0.14219025
18,-0.27071774072143856,1.3386874057365992,1.665530883767877,1.9669745258602744,0.16458218,-0.17314193
19,-0.2998079454739746,1.4141609266702153,1.5789599205043654,1.9090496422591592,0.1539151,-0.13481823
20,-0.32245824322470523,1.4855834364623193,1.5115508074548583,1.8465238716455268,0.14857225,-0.1077584
21,-0.3398472249617833,1.555462109475946,1.4576716060426573,1.7832535437034622,0.152583,-0.1195046
22,-0.35322898808086567,1.628451778506679,1.3979193056609969,1.7210927233098168,0.15658092,-0.116365045
23,-0.3622136351916838,1.7040478638143444,1.3397367830064635,1.6573416619458163,0.16323917,-0.11591023
24,-0.3664670334541752,1.7833455436257144,1.2817816669729094,1.5917808366507964,0.17305952,-0.118444085
25,-0.36535560869563705,1.8676271177565598,1.222559624412332,1.5238694875507057,0.18684307,-0.12436816
26,-0.3578214350455008,1.9584558329480337,1.1603755439308028,1.4526838248070364,0.17797554,0.0072261393
27,-0.3443179522342626,2.0434530238213156,1.1639886135843138,1.377808247143098,0.14143279,0.19142738
28,-0.32880907599106407,2.110445738125323,1.2597023035076003,1.3152941658021968,0.092525594,0.25978285
0,0.1000000000000001,0.35,1.5707963267948966,1.5707963267948966,0.021934431,0.19705908
1,0.1001836032018569,0.3615729500979965,1.6693258667972426,1.5404131324811132,0.027672421,0.18805724
2,0.100828564250933,0.3768969597459721,1.7633544887092452,1.518229850250353,0.0558164,0.18406004
3,0.10243057890414892,0.4062192668529482,1.855384507277284,1.515745161396865,0.10231712,0.22330633
4,0.10458466186460728,0.4577899720943933,1.9670376713064055,1.5447926689866678,0.113828465,0.21151483
15,-0.1771257510515156,1.1904096714256303,1.8463303978231291,2.1025835498415444,0.1725673,-0.17071399
16,-0.21859644064405293,1.2650118461381838,1.7609734023597579,2.052018995574624,0.17037009,-0.1534951
17,-0.2551168692268307,1.3402505314370152,1.684225850799356,1.9925261790552753,0.16466987,-0.18172356
18,-0.2861040765099555,1.414992810620507,1.5933640683677535,1.9336001670387148,0.1549798,-0.14631644
19,-0.3105915511368391,1.4862932640508049,1.5202058489110808,1.8692389927784034,0.14941776,-0.113345504
20,-0.3295177230971383,1.5559979477779275,1.4635330970075469,1.8030202568801705,0.15412337,-0.1251137
21,-0.344327737644888,1.629279761879835,1.4009762490775923,1.7375244473649143,0.1595994,-0.12509325
22,-0.35458484976294213,1.706023517363399,1.3384296233442168,1.6700286875583474,0.16706523,-0.12296054
23,-0.35976895728353625,1.7869193237286505,1.2769493545081954,1.5999684623919534,0.17772353,-0.124055535
24,-0.3591214223774161,1.8732569082608659,1.2149215872075896,1.5271733451038814,0.19244729,-0.12891349
25,-0.35144648510083565,1.9666120772474323,1.1504648412254195,1.4510085045034786,0.18311599,0.010342628
26,-0.3372325492309066,2.053846926297252,1.1556361551072936,1.3719745590932693,0.14497873,0.20351513
27,-0.32084162658782567,2.1223831043950567,1.2573937187579016,1.3071438868592637,0.09910627,0.26720622
