input_index,input_x1,input_y1,input_theta0,input_theta1,output_v0,output_delta0,output_v1
47,-1.0324741377435631,0.7933399812062031,1.358967171859515,1.375381727544902,-0.2000000099450167,0.2288147419151456,-0.2003486391510036
0,0.0555555555555556,0.2611111111111111,1.5707963267948966,1.5707963267948966,-0.13314918461655306,0.09196572826729815,0.09196572826729815
42,-0.8736546800616445,1.236595526802284,0.8622383636069828,1.076098451995562,-0.2000000088122399,-0.195414421560407,-0.1912964488651116
21,-0.3636393483534192,1.5496212948939312,1.393583836665233,1.703011565822364,0.1999462094608102,0.0548347609207349,0.1887805690898859
12,-0.2413755307244509,0.7256184873876841,1.7224929563355282,1.8936961506502268,0.1999342385523712,-0.1062529171961834,0.1988215093255629
4,-0.09998541361674272,0.5529912809697667,1.597490836926971,1.577243974376395,0.504802553007357,-0.08186964290566609,-0.08083086588294465
0,-0.0777777777777776,0.3055555555555556,1.5707963267948966,1.5707963267948966,0.4435299205771083,-0.19993393403441095,-0.19993393403441095
10,0.0126089855349112,0.6049486631412025,2.187968520949351,1.9306900128809663,0.1999868593394092,-0.0853246562079276,0.1912334177777441
1,-0.0342839421691927,0.4056199383964325,1.4743208750633068,1.583713380688217,-0.0274711348784713,0.5038379620430444,-0.0328075526699065
38,-0.7846943265697709,1.3947429863173766,0.9423324988126264,0.9570669140235156,0.200000009438404,0.212881423863473,0.1996646425516068
2,0.0753220658583621,0.3611905199059543,1.3214818284938552,1.5924415896761746,-0.0165956140927076,0.5104320864369578,-0.0296521506011221
37,-0.7425700310545514,1.4938340301188728,0.9450229060518598,0.8607904546071578,-0.1999999840198074,-0.3814055389567868,-0.2024997675538639
1,-0.05555949845656408,0.19340458790178994,1.5936999628928046,1.563108194577118,0.31750612643447995,-0.19994194855708977,-0.19887724149606698
0,0.0777777777777779,0.1944444444444444,1.5707963267948966,1.5707963267948966,-0.22411229162877597,0.17241837809627755,0.17241837809627755
0,0.0111111111111112,0.2833333333333333,1.5707963267948966,1.5707963267948966,0.3619618378537095,-0.199780030950674,-0.199780030950674
24,-0.3791111417222819,1.7938015653635937,1.2727127697201035,1.5197129126561677,0.199972755277197,-0.0094333564901619,0.1941342716633077
1,0.0777858381890828,0.20203071728953997,1.5773915025081973,1.568708174558987,0.10298858969832501,-0.19987468017048696,-0.19977771767785277
30,-0.3707955163070309,2.0063122006843925,1.4859790364311731,1.221495588173051,-0.1999822404062693,0.0895086150340593,-0.1906885392227951
11,-0.1316984129420974,0.7996743817890949,2.0245517567070523,1.884274985200376,0.1279179873576391,-0.2667344836139446,0.1229320859008988
40,-0.8262582871743726,1.3736630670854535,0.7404118649194809,0.9222573906223224,-0.2000000099593402,-0.1188056750554561,-0.1945537916113923
1,0.0548383372255547,0.2719850903248142,1.49788543518219,1.5805935355726664,-0.1998227278203225,0.2748297531286566,-0.2014101347124166
45,-0.9941955573830888,0.937332028511665,1.1913191161390628,1.3478939922084872,-0.2000000099288866,0.184264480113095,-0.2004267898357458
15,-0.1720134985205221,1.0477671956457586,1.7728977231904277,2.001151174022988,0.2000000099936981,0.0519219906518078,0.1936377532182453
16,-0.3346565858940817,1.111275828538346,1.594941975910299,1.7341894341638453,0.1999895608420197,0.0538034317512846,0.1973070271378152
44,-1.0078407596734933,0.9196401595877632,0.9998337264151176,1.386433748711628,-0.2000000049827404,0.3576211858240848,-0.1987230780837399
11,-0.1403410315495783,0.6524977216910531,1.872116381054095,2.021005689082534,0.1999846782566471,-0.1326241115736189,0.1997394810078121
35,-0.6183459361113414,1.6072104065700736,0.9169528702693766,0.9006323425046117,-0.1999994191740975,0.0965485614804663,-0.1998152185272514
16,-0.2841072445320617,1.1317785926432813,1.6532428601922202,1.8435951695721653,0.1999675603005504,-0.0610452895050382,0.1975106802210112
8,0.012644907465214811,0.6356268027371907,2.2479523116407556,1.928174999388122,-0.1403459502044761,0.19998428459772974,0.18543432271632398
3,-0.0513511487521839,0.2273789377643534,1.900549688683548,1.2887464659463237,0.1520187422771511,0.2347199631352616,0.137925634597575
39,-0.7415555759235415,1.472653827983574,0.8013610239194692,0.9080952128940324,-0.2000000099634844,-0.2129295632419472,-0.1965934985660374
0,0.0333333333333334,0.2166666666666666,1.5707963267948966,1.5707963267948966,0.2462540891317297,-0.19979092262004983,-0.19979092262004983
3,0.0749152745078294,0.3483674115542286,1.5321841995038792,1.5297583817538427,-0.1995928946220004,0.6115830602255676,-0.1994439486021307
4,-0.1142451456540747,0.4337743738818627,1.667060178695321,1.3070332331850836,-0.10980900180009,0.4798543475128995,-0.0858636112922764
23,-0.3699998311424483,1.767912013819016,1.3293161425843905,1.5605387309708054,0.1999103821049317,-0.2686772126689261,0.2007473711804301
21,-0.3766324955056734,1.6437607399564769,1.4266239778601504,1.575836569178081,0.1035605414862034,-0.2004035440713587,0.1053890117977013
35,-0.6271718083465795,1.621751974583227,0.8990321672713805,0.8800279589773475,-0.199999916909619,0.0675509169151647,-0.1998354345759299
47,-1.0219659918116804,0.8127269622952358,1.6177088513087678,1.3414735864828875,-0.2000000099748898,0.0625794183739438,-0.190711052415705
3,0.05369322618305,0.2204699281299986,1.8423857173930156,1.4516725293641706,-0.0466128474461209,0.3121338231440637,-0.0312124423229453
3,-0.0107158535161253,0.0622544713861335,2.1215739856115987,1.4221629434798335,0.0065851953182374,0.2078658887685207,0.0184208552194553
13,-0.2837475015415301,0.8695142217548296,1.6669910069832226,1.8261417739610468,0.1999771022152054,-0.0584808409037518,0.1983766397041717
26,-0.3498507937773823,2.0413452314525284,1.1242614335752927,1.4598976687272462,0.1999505569014761,0.1477213382431528,0.1839280072998304
8,-0.000365068305875,0.4082729598998774,2.270665458244527,1.8178731699881567,0.1999751392285225,-0.1459763842945009,0.1734373056083483
0,-0.0999999999999998,0.3277777777777778,1.5707963267948966,1.5707963267948966,0.0787592040541986,-0.318278907654263,0.0787592040541986
20,-0.3764566202998815,1.5231094147235682,1.45203524068416,1.6419195279547278,0.0490803472941545,-0.0447656210750159,0.0490431110463679
0,0.0555555555555556,0.15,1.5707963267948966,1.5707963267948966,0.30644761162759365,-0.199893028658937,-0.199893028658937
10,-0.1641114446446428,0.5374206191505987,1.8382264100943455,1.974590749301284,0.1999858792219357,-0.0894598205700306,0.1993455024289301
28,-0.3565607943625865,2.002193567708076,1.4343455997057857,1.2616921115907875,-0.0192535143909718,0.2395893513591055,-0.0148511874576559
26,-0.3276558737949026,2.0599312055910146,1.2779864537224483,1.363275184001714,0.0667039681765603,0.3612100619120973,0.0633845261125348
48,-1.0612590930920476,0.6912290220885057,1.6245400763857432,1.169363356828625,-0.200000009960998,0.3067660973169765,-0.1661505961644152
0,0.1000000000000001,0.2388888888888888,1.5707963267948966,1.5707963267948966,0.037091147065255986,-0.19979443148239204,-0.19979443148239204
2,-0.07698820986418387,0.15791553828243715,1.7070189855012048,1.5384792574514647,0.43165772977570704,0.02785124598902524,0.03469736921597401
18,-0.2858304693676898,1.375710621127722,1.620965168690085,1.848202683156847,0.1999290451704639,-0.2646665729927457,0.2007519536170635
3,-0.07621211805109344,0.17856806255415014,1.7003955144588714,1.562243613745568,0.36812356383973355,-0.19963314829011441,-0.19266154761826562
1,-0.07768597317864775,0.1882978725177989,1.6075948859241347,1.559819488251177,0.29653627743921396,-0.1998552556770835,-0.19821104040279894
6,0.0282969978694706,0.2432756621806865,2.193950154501928,1.801687227512924,0.1999879555644503,0.0238990294763796,0.1857117542998021
22,-0.3805926331777072,1.682199162723404,1.443058187938901,1.5420315982629451,0.1869755365190353,-0.2105029423107856,0.1881405219814852
1,0.09996316716578182,0.22915296865049423,1.592570991316114,1.5630612982471472,0.02387175581906065,-0.19984926570668923,-0.1996918208590139
21,-0.3778156335388041,1.532567684498828,1.483041381835419,1.6273469044366005,0.0670471057604884,-0.0569141345159572,0.0671686739606312
31,-0.4111456821927763,1.893154010643858,1.515332594011633,1.056569830626754,-0.1999113529622095,-0.2061203288918568,-0.1883685499416474
27,-0.3489065305868606,1.9916365468294244,1.5399963344240295,1.2047346742244611,-0.0967435145422433,0.1090032912999713,-0.0877708612902178
24,-0.364361372236808,1.8429211018541665,1.2996519231121315,1.5289069113696228,0.1999608342671816,-0.0774424826284048,0.1964889495707562
2,0.0754475270263622,0.4193733579870791,1.3527960695634371,1.59260601229543,-0.1993247934157909,0.2975124760662181,-0.2006871997906835
6,-0.07703672475608726,0.1959804768430963,1.6461393619563918,1.55956315078311,0.48355033905223577,0.1446486541208269,0.1482880577389322
0,0.0111111111111112,0.2388888888888888,1.5707963267948966,1.5707963267948966,0.39981577211291136,-0.1998291862253709,-0.1998291862253709
25,-0.29497144450725576,1.943316463091578,1.4363078489843177,1.3993335204848816,-0.3217732560578912,0.19998770029402316,0.1986615502333384
5,0.0572986015429299,0.2258976011704239,1.9382061115510032,1.2569424385272012,0.1594380274988553,0.3811600260849611,0.1478523839874312
10,-0.1673358949159093,0.5359242320890372,1.8341369214422447,1.9688919680702184,0.1999853155005215,-0.0876901215984653,0.1993503981748271
14,-0.28450895494524636,0.8829877136586625,1.6855916016638446,1.8327094934018193,-0.2357430625558117,0.20000000996042214,0.20129524836351168
2,-0.0310828353157633,-0.0240302858448015,1.9380387412401303,1.2570159438130295,0.1999582504845555,0.3670704887429372,0.1784637177148812
49,-1.01339024199828,0.7544632892899864,1.5998185732524006,1.4578893011317646,-0.2000000096861851,0.970242666144632,-0.184264599139647
38,-0.8584030777381685,1.313293329226513,0.8099631694758685,0.9737274596682624,-0.1935913014866788,-0.2024585673025687,-0.1877004118854538
7,-0.09942908387292264,0.3269594423923753,1.6473666532572846,1.5564056034335279,0.4708045210432311,0.19977852915669378,0.2032292081092878
0,0.0333333333333334,0.1722222222222222,1.5707963267948966,1.5707963267948966,-0.1999191914260114,0.4067251970426995,-0.1999191914260114
0,0.0333333333333334,0.3277777777777778,1.5707963267948966,1.5707963267948966,0.31800732758473066,-0.19973174241888458,-0.19973174241888458
7,-0.0261373168376746,0.5313776722021178,2.1837379745461383,1.5915977033847493,0.1999521783796645,0.0142441005945844,0.1667049404291664
34,-0.5712115579345001,1.6914894516120786,1.11990755865881,0.8422340492851833,-0.0782492612590367,-0.3830854468132789,-0.0857530845831401
32,-0.4606827348225959,1.823117108509393,1.433108528952047,0.950500919653718,-0.1999899157745245,-0.5369577737531723,-0.2020683235608327
0,0.1000000000000001,0.35,1.5707963267948966,1.5707963267948966,-0.3774983538941273,0.14159334122688672,0.14159334122688672
20,-0.3651397117668276,1.5108439879529227,1.4556791349482894,1.6463985440448914,0.0596749010573195,0.0078920770409597,0.0584432761643142
18,-0.2540208647131296,1.3235561720904676,1.731871249403091,1.8749779472434336,0.2000000099936681,-0.2782376292030545,0.2019237398609868
0,0.0333333333333334,0.3055555555555556,1.5707963267948966,1.5707963267948966,0.31367196508585893,-0.19990491426387783,-0.19990491426387783
11,-0.12492112418727087,0.6921593239218153,1.7755910575600975,1.6915429852524246,0.32770938947525147,0.1999910813281118,0.2020362132961671
4,0.05535665739889121,0.13656302321140612,1.5904136868801455,1.5621060609840764,0.548773323062917,0.10115885001639346,0.10267156186574738
43,-0.9945985382438168,0.973345940217559,0.8892137092551189,1.3197356120175072,-0.1999997739654044,0.2691032269217303,-0.1929802988857619
49,-1.0978559243200705,0.6136535753935505,1.8504236468939876,0.8913289429179517,0.2000000099626887,0.5029928716125819,0.1560308974789645
33,-0.5240777843334465,1.7264364698648738,1.060294699416572,0.918040827745652,-0.1999827550437904,-0.0074794379101345,-0.1980687624689061
19,-0.3503658968979389,1.4320780975275875,1.5535049152707534,1.706544359371891,0.199888245250443,-0.0699067522397147,0.1986176896848122
6,0.0581105310677646,0.2941240617565512,2.299635477407668,1.722273529160604,0.1999543055037186,0.0117024508058587,0.168181540748458
42,-0.9535371393842116,1.1270302498253466,1.01070689503846,1.2311246282923016,-0.1999999827584951,-0.026386302732127,-0.1945843207422346
14,-0.2686334358175216,0.9301380585188004,1.6753382212545564,1.860996434231924,0.1999828348634684,-0.0559762783219642,0.1975794077640088
0,-0.0555555555555554,0.1944444444444444,1.5707963267948966,1.5707963267948966,-0.09382804398824439,0.1331731943034651,0.1331731943034651
3,0.05855915949950427,0.2694045767336486,1.843865948268716,1.5488299386153503,0.32498493658182065,-0.07944365617301061,-0.0665613017640935
0,-0.0555555555555554,0.2166666666666666,1.5707963267948966,1.5707963267948966,-0.1459848140978977,0.19981138019172734,0.19981138019172734
25,-0.3600422662448628,1.9162451388472053,1.261845215827444,1.4786602094919623,0.1999064181310485,-0.1634855069491325,0.1987430261468828
0,-0.0111111111111109,0.2166666666666666,1.5707963267948966,1.5707963267948966,0.3687586470214103,-0.19981951277973756,-0.19981951277973756
0,-0.0555555555555554,0.2388888888888888,1.5707963267948966,1.5707963267948966,-0.19994013439657,0.4580140344587278,-0.19994013439657
7,0.0020660476743809,0.3549106355792165,2.2730764277564983,1.783296698212449,0.1999355330932922,-0.1028426072537381,0.1715923720295413
33,-0.5203525067052076,1.7322665421901997,1.1272915383193896,0.9160684251545146,-0.1999817807253574,-0.1263523792816422,-0.1981862815463735
10,-0.1277857362698191,0.600179750927109,1.8705041021721711,2.0746965902793093,0.1999666419191091,-0.1478674552590529,0.1988107489300098
6,0.0118040984099259,0.2427935373095093,2.3063676759453244,1.7470425851746758,0.1999408502454043,-0.1024847808087112,0.164034559393139
47,-1.0296854419405126,0.7802286936537957,1.6238223067977746,1.3215737936269372,-0.2000000099767733,0.0562873964622511,-0.1892584351373011
41,-0.8794088202876581,1.2982175561480505,0.6817209512744455,1.0700372571848478,-0.2000000081418101,0.1994314059629616,-0.192660664998831
26,-0.3481149421064411,1.992477841240139,1.193064442073577,1.410317165595734,0.1999583025692534,0.1705278283525323,0.1915822544660046
7,0.07831717804696477,0.31306148371069376,1.6472924892467002,1.5571872884006586,0.5520749108267626,0.20000000999348605,0.20415641793787634
0,0.0555555555555556,0.1944444444444444,1.5707963267948966,1.5707963267948966,-0.2005827059256199,0.19953881470929893,0.19953881470929893
48,-1.0670574814197205,0.6599046700118174,1.664131581585523,1.1336966654913412,-0.200000009954557,0.275960935750995,-0.1585563339863871
35,-0.6075380705332453,1.639091452239192,0.906242401254793,0.9313927663210652,-0.1999999127682132,0.0592077665321013,-0.2000855560398893
7,0.0835475302057784,0.3056810844456537,2.1200086717593454,1.640029845369589,0.200000009957183,-0.2791619878674105,0.1645103538884244
23,-0.3445166844396788,1.9344212299277157,1.3017250082639884,1.4284307417154287,0.1712109519534236,-0.0754132966112946,0.1707914250057585
46,-1.0204306736121522,0.8275409787802778,1.4910683915605984,1.34927166199953,-0.2000000098769576,0.0030564750457952,-0.1979495504058928
2,-0.05496898319968182,0.36754765324205163,1.634012064957295,1.5600189357470222,0.4090307849516366,-0.14796609315740694,-0.14453743618230844
11,-0.08297588735263599,0.895450664850524,2.4655299136739552,0.6886435900305614,-0.27674854629971435,0.1999697304652434,-0.06800986186786206
0,-0.0555555555555554,0.1722222222222222,1.5707963267948966,1.5707963267948966,0.36918106159707426,-0.19979142870246674,-0.19979142870246674
30,-0.3703544980570366,1.968721690472036,1.5823903397459205,1.1543738829979973,-0.1999839597585009,-0.2277338094308971,-0.1913960543383487
38,-0.6786652092758467,1.549723855234846,0.8599427971894272,0.8700396306586705,-0.2000000099634911,-0.1171635465399165,-0.1998715193731661
7,0.0339980446404144,0.3384507748784386,2.284851723197834,1.689369636458706,0.1999660697722444,-0.0017421701571973,0.1654498279547263
11,-0.0254619757320106,0.6944038085078281,2.145306192845388,2.008745087665302,0.1999872745045054,-0.1802342904103358,0.1956717394059382
33,-0.5031904493859858,1.7657882890772505,1.28986608238786,0.8736917845465904,-0.0628746726175892,-0.4911505519408006,-0.0773632924286327
13,-0.2357143766397034,0.8873656086523526,1.702322422517864,1.9332536830315137,0.1999750922716121,-0.0558822158637419,0.195945542166438
44,-0.97762906846926,1.042838197489124,1.039896784826576,1.3061345210396245,-0.200000009935035,0.3249586721491653,-0.2015033065664938
27,-0.3384345735651053,2.05997077852819,1.456324234585896,1.2922609066422837,-0.1996622640228463,0.087780965606889,-0.1955474421891409
6,-0.0540248098723995,0.2370231067080517,2.26018276525663,1.7350031758569469,0.1975516076396308,-0.2053876869905368,0.1606308613252111
17,-0.3317478469188151,1.287907561323161,1.6116813977801083,1.7335234034140306,0.1999941402114964,0.0342719867059892,0.198094927539823
42,-0.9805048047959586,1.0270272225714872,1.0868294983596465,1.3057152834846666,-0.1999997027938451,-0.0035680371128283,-0.1951502324072028
5,0.10217506242399489,0.3723819655304756,1.9467391120106932,1.5868934623378814,0.1057633493634738,-0.10087079108597914,-0.09068589414572881
16,-0.3305958448429205,1.1823517487859634,1.5929097398000254,1.7478022750161972,0.1999622882311695,-0.0308462270801311,0.1980442396536433
12,-0.2595268418644607,0.8305534010390901,1.6396960514079018,1.8732113159052632,0.1999904412493016,0.1177431743957377,0.1918379336295857
0,0.1000000000000001,0.15,1.5707963267948966,1.5707963267948966,0.1999174993829104,-0.2489113344568137,0.1999174993829104
21,-0.3746144363906774,1.5299505503584845,1.4784410992474362,1.620780517711521,0.199839633899282,-0.0132856418464001,0.1980070922615622
4,-0.0948098329867241,0.1773166714693602,1.9252814393075035,1.2936239242003755,-0.0705879697082059,0.2556244639722019,-0.0418738158242337
18,-0.2500565978108152,1.3222487241952117,1.7365035773715007,1.8835358228057373,0.2000000099458767,-0.2859597904186211,0.2020314516826931
13,-0.266984265042977,0.8171010837140081,1.6899885069726146,1.8562059908001545,0.1999926063832352,-0.0729872134334117,0.1984438347298864
35,-0.6410542148626776,1.587749432926807,0.9837297885763744,0.8588287840578407,-0.1056175588761001,-0.2061376187682456,-0.1073627890847549
37,-0.6707312266297792,1.553259440662384,0.8929581506862612,0.8778373849345183,-0.1999999918021681,0.1007377731992289,-0.1998248110603484
5,-0.10021941871548781,0.37647521214748986,1.586607301488999,1.5829345697684192,0.3769540421883062,-0.0985865448243177,-0.09844743511462142
44,-0.9757392145887528,1.0317707058334442,1.0553148113565731,1.3330924008234764,-0.2000000099530637,0.1693364027607601,-0.1969769853316052
0,0.0333333333333334,0.2833333333333333,1.5707963267948966,1.5707963267948966,0.2845145498094512,-0.19975880451378794,-0.19975880451378794
43,-0.9941129608866188,0.9706652485718754,1.1285935998080927,1.3151556333649956,-0.2000000041722061,-0.0640020795620532,-0.1953424269116107
0,0.1000000000000001,0.15,1.5707963267948966,1.5707963267948966,-0.24891133445678396,0.19991749938291045,0.19991749938291045
44,-1.014622306553424,0.8710464533038043,1.0580788006106094,1.4229467665654552,-0.0620160178013605,0.5639517787949695,-0.078056821294538
4,0.0768973571637617,0.1029112719360725,1.6899620148665715,1.520671927158224,0.0584882800819305,0.4198902323585821,0.0647265890497924
0,-0.0333333333333332,0.2611111111111111,1.5707963267948966,1.5707963267948966,-0.023504231910695932,0.11620258918021101,0.11620258918021101
30,-0.3807564851472244,1.9548638027781813,1.5808707314909762,1.134122921334252,-0.1999737183659776,-0.1482906178377564,-0.1867543543689565
0,-0.0333333333333332,0.2833333333333333,1.5707963267948966,1.5707963267948966,0.1911810567159892,-0.0929537523990896,0.1911810567159892
4,-0.1147563330083812,0.0715776237416724,1.95202882269896,1.1535669379281477,0.1273728900145225,0.2698927970172647,0.1082139614360934
24,-0.3744379525302331,1.8354331927474716,1.2908550325251122,1.4897937899552165,0.1998935439285474,-0.0268756232219566,0.1964821566338315
7,0.0957753264444865,0.2985585005974828,1.975776293711355,1.7440650232686603,0.2000000099567316,0.1476070637839242,0.1980446760890922
1,0.0303782245371431,0.1185432385425129,1.6939233713610946,1.4994729277970285,-0.0519863296001614,0.4197872046491958,-0.0428951580712237
3,0.09994915986004342,0.15426025069570995,1.5115895217226107,1.5896731298443114,0.25516561089306716,-0.18140168617118627,-0.1828393606491747
4,0.09542184409822518,0.4771403468150166,2.046686920619438,1.6836504651705386,-0.21699045101152054,-0.19989561721749008,-0.19457263343333533
11,0.07077559646854911,0.7549127350777791,1.8214195054632167,1.711069896916348,0.4876676670837501,0.20000000996142295,0.20415402015046988
20,-0.3424332829383231,1.5332944362588636,1.490508821307535,1.7111291925951997,0.0635623661299532,-0.0284873081380468,0.0626451357620112
6,-0.0292549883554081,0.2146552998745811,2.246904742137299,1.533431582942949,0.1999200259726407,0.0308922145046677,0.1531799924279293
42,-0.9655124962863876,1.0634894395746517,0.9209539506967048,1.193618305085124,-0.1999999692716659,-0.082061228859836,-0.1904014372148962
35,-0.5381347635054828,1.6914782848739818,1.206655333272057,0.851811858524589,0.2000000087463477,-0.3898254915222904,0.1739959479578983
1,-0.0555303007090108,0.3026075156582942,1.519003574488755,1.588408083509747,0.1699474547868582,-0.0713101851447111,0.1700328294158893
14,-0.270542591690351,0.9702197703343468,1.6819791129649744,1.8611568625407144,0.1999728918501915,-0.0674676962237369,0.1979738522751619
32,-0.4514984479069669,1.8435820673032504,1.45961068161645,0.9667188938756262,-0.1999909560480182,-0.3826820057067373,-0.1942932492840867
17,-0.3534089160995812,1.3125606062863917,1.5610880941288126,1.6977401332470512,0.199985808845836,0.0352979422287523,0.1976406135185229
12,-0.2147301142779097,0.7780391600114042,1.7246113642983114,1.9711868382056985,0.1999740834165381,-0.0510404457294825,0.1951714811926805
0,-0.0111111111111109,0.2611111111111111,1.5707963267948966,1.5707963267948966,-0.1997879936095623,0.3904692733694914,-0.1997879936095623
43,-0.8810902455412469,1.3042074797900314,0.8032588714073072,0.9791438938993045,-0.2000000099982659,-0.1998229154573456,-0.1934179297045158
37,-0.7577583290203108,1.4709151062509302,0.8988949299845613,0.841026546865511,-0.1999994047664438,-0.2696067340285636,-0.2012239241802088
45,-1.0095685937242027,0.8993649615590469,1.1682929601302574,1.4446090460779466,-0.0895836189029585,0.5503788892842817,-0.101200512222795
0,0.1000000000000001,0.1944444444444444,1.5707963267948966,1.5707963267948966,-0.24204140088377593,0.198515729678985,0.198515729678985
27,-0.3339519524249588,2.1351262258514057,1.1981221026968694,1.356213632757482,-0.0037537487194582,0.317086608099437,-0.0086989534697282
8,-0.0954288273846322,0.3891827965774861,2.1406629792628245,1.834610436071691,0.1999362565229632,-0.3204418361685737,0.1809904736543949
20,-0.3600837974586712,1.5505356296671209,1.5556539473395317,1.670383085203069,-0.0779786580551983,0.0112743305395544,-0.0775950788192389
1,-0.03324711790713036,0.22821552961494337,1.6177951730643905,1.556316380387158,0.3797664184246598,-0.19992935917765833,-0.19721835986160208
16,-0.2226740570867454,1.188968845741971,1.7084299297278385,1.9608712528878176,0.1999785233487433,-0.0112499596216341,0.1939213011417996
12,-0.14021776785540216,0.8070147236098194,1.8060144659342878,1.7152855220015377,0.2810878403175323,0.19997326723853073,0.2016975504453879
4,-0.10055151966268143,0.3275502247511731,1.5558834042792151,1.5732302819306314,0.4785751235091219,0.05303294544358191,0.052194829684767595
22,-0.3655013958864181,1.656937440180637,1.4562369224759657,1.6036801758436576,0.15710405898582,-0.2422905149721655,0.158958948062299
14,-0.2870239393995347,0.953965064876392,1.6472907254826183,1.8368869898370863,0.1999689411677335,-0.0285223234915258,0.1969231171400808
0,0.0111111111111112,0.35,1.5707963267948966,1.5707963267948966,0.4129433273309255,-0.19930205602238565,-0.19930205602238565
21,-0.3660875674065642,1.7223880200409778,1.447878961374668,1.581008185241607,-0.1339517622272433,-0.0841245283469721,-0.1316498366626188
22,-0.375858049282503,1.611146003842227,1.4641606469890125,1.5900094001587637,0.1461260044230852,-0.1784231312816756,0.1472098761095331
38,-0.8148662798812598,1.3717436301754156,0.8464577406518536,0.9128018145682232,-0.1991750041420043,-0.2774615184703164,-0.1968973842483986
8,-0.0935115980182526,0.4395707062118917,2.125497600138788,1.6538538027482916,0.199953821272062,-0.0506856583244145,0.1758204799607321
21,-0.3722309804218462,1.7371947278012765,1.3421650670156366,1.5223172234287778,0.1609296192823999,0.0573034455217756,0.1572984463273508
6,-0.0810926083425105,0.1997561024002692,2.182012236738409,1.4802910444696826,0.1998781904169949,0.0323472454254835,0.1547415385735313
0,-0.0333333333333332,0.2833333333333333,1.5707963267948966,1.5707963267948966,-0.09295375239908964,0.19118105671598923,0.19118105671598923
44,-1.010167831868049,0.8950506429450383,1.1353060825298102,1.4014655181313564,-0.1999999637557963,0.4779990065542839,-0.2055303169723021
3,-0.07882008372437749,0.16353461041621203,1.8023507220112727,1.4897368421748272,0.4170623783970064,0.0016346268332549311,0.014382024460017477
0,0.1000000000000001,0.1722222222222222,1.5707963267948966,1.5707963267948966,-0.34015337082150215,0.19977933404653134,0.19977933404653134
26,-0.3436639820450231,2.06212033400699,1.2393196141134193,1.364644175472607,0.0878703563796898,0.2909747697712276,0.0835441121625068
2,0.07702514036292199,0.21664082270807414,1.4632177295326665,1.5948506408201133,0.1583320762204788,-0.19984558687401277,-0.2001948584896661
10,-0.1070723202761482,0.7084807376085571,2.125462265513682,1.7722156365729589,0.1999844643180902,-0.2018210176132577,0.1806544108649508
33,-0.5325105919065599,1.711115230994487,1.0498646523221675,0.9216695579157556,-0.1999767700124462,-0.0017861391841659,-0.1983586465713524
13,-0.3067138515849075,1.4273935801852315,1.5669641582053402,1.7904474447905123,0.1999815045127574,-0.2343246047354867,0.200201519807578
11,0.0007931162599937,0.768986992081337,2.177069887490146,2.0228933126565742,0.1999775198625603,-0.1501834880349836,0.1952991346048471
10,0.0166767053757697,0.6354786164094667,2.228120184574125,2.0187286315941257,0.1999759555532611,-0.1771786733027256,0.1919250742214458
7,-0.044133894942108,0.4222253290094047,2.218782335243965,2.004694216999901,0.121764612781693,-0.3621978421330455,0.111289665016792
47,-1.040034805266084,0.7383099968552338,1.5606490083042774,1.2832164620933522,-0.200000009827088,0.1293301099615154,-0.1888101823796245
1,-0.0588652056132137,0.0523790416873495,1.7098334225538574,1.490373827470334,-0.1997690626673453,0.3701871953713385,-0.1869185923726891
18,-0.2505736661566294,1.3763639844497628,1.7500354694182603,1.7582911982374185,-0.03836705888632131,0.19998827122321927,0.20001313039936078
29,-0.3561976565665212,2.056784072796883,1.3493587393005253,1.2889195929176442,-0.1805457634288207,0.2663424656474569,-0.1786073355875398
25,-0.3647926140302263,1.8778897723902168,1.226139051334616,1.4484766807673144,0.1999594847734368,0.0247886784589368,0.1944907948307203
0,0.1000000000000001,0.3055555555555556,1.5707963267948966,1.5707963267948966,-0.3505973243934364,0.17297097277553716,0.17297097277553716
45,-1.023413471011093,0.8177706874216522,1.3492262078893429,1.3753276389956326,-0.1999999740593923,0.0608397021328275,-0.2000906317640842
36,-0.7041017369592263,1.5582120069560916,0.9413700326610298,0.8205240401054859,-0.1458889758846631,-0.3351372891117659,-0.1488651578022754
29,-0.360322265731111,1.9943174515871884,1.5549981774892452,1.2116559785588543,-0.0899180513916606,0.0744212382940895,-0.0821646807933587
0,-0.0333333333333332,0.2166666666666666,1.5707963267948966,1.5707963267948966,0.02282237895228195,0.09399769253898718,0.09399769253898718
45,-1.0342874749088644,0.7702553656535288,1.3818178566220318,1.3510190528553296,-0.1999999858127356,0.039978955130434,-0.1997820257519469
22,-0.3715110828005457,1.6561045373653407,1.4032163965554407,1.6309181275226756,0.1734064286462986,-0.1500525117625012,0.1723176962354985
45,-1.0274302055925566,0.8021330051313282,1.392002825369564,1.354736639227734,-0.1999999792903986,-0.0192048780111012,-0.1999326712049034
34,-0.5306660661343916,1.707860325241241,1.08427472202619,0.9340230408337964,-0.1999999145420076,-0.0940259861121104,-0.1991540492922227
23,-0.3747055674613249,1.7462405656422748,1.2455066234643877,1.5810542564846692,0.1999761575658868,0.0036601823562354,0.1887029870955871
41,-0.8747294443628137,1.3200348521226102,0.6669873704759474,0.9830006334580648,-0.2000000099603373,-0.0778852384362183,-0.1876758872800032
8,-0.0884129418416795,0.3868106687812266,2.034152950251302,2.0012149009237823,0.199926191319159,-0.3043013832045415,0.1988156214824754
28,-0.3575779606899198,1.986904618191592,1.444105603189462,1.2526249790865809,0.0006025100806057,0.2403507018570547,0.0051656766213574
33,-0.5149833538226286,1.7627654066603906,1.247131996786601,0.9154774201203048,-0.1997330673423483,-0.197386225727223,-0.1952756439460541
39,-0.8299471584391778,1.335091987609564,0.7874220423689533,0.9335812085590364,-0.1999998918123162,-0.0892577424089436,-0.1965674992260233
0,-0.0999999999999998,0.2388888888888888,1.5707963267948966,1.5707963267948966,0.4128710506616552,-0.1999399600884397,-0.1999399600884397
4,-0.0139032496497898,0.1252378554463382,2.150352116878256,1.3752584965068952,0.0842206010958713,0.1850570452324144,0.0731134281899903
2,0.0542297747081307,0.2391495308669521,1.6247399600991876,1.539419567952372,-0.040809848125279,0.4575895256543257,-0.0367619624332925
43,-1.0030437379431465,0.975191546020868,0.9713639747360664,1.6335381503162252,0.2000000098889453,0.1194488105936266,0.1503873692815441
28,-0.3318421326649295,2.0455986273762967,1.160352610452156,1.4823718300680808,-0.0016077765727807894,0.19999999261276663,0.1897705372109512
18,-0.2837293274933841,1.3748738843602506,1.687949164132788,1.8331078311713307,0.1999687278416593,-0.3262919871289768,0.2025854451688843
8,-0.0892140323028877,0.4678530502944161,2.1872253293295,1.5505766557771312,0.1999292282965376,-0.0466522800014642,0.1579881255882002
41,-0.9265902993046414,1.1522618460733451,0.8255765534344119,1.135497087530993,-0.2000000067490145,0.2206092343113342,-0.1971997738269864
18,-0.3246238537391305,1.4301582459118811,1.623904441768515,1.7515611953717105,0.1781243783903296,-0.1258248112438823,0.1782768485482836
17,-0.3232234676393179,1.244925212676273,1.569283658818356,1.7699362503234122,0.1999905913460515,0.1217250827876228,0.193552035073239
36,-0.7394192445394093,1.471996183890785,0.8564336756462468,0.8919553324535409,-0.1999281259229675,-0.0681820040308046,-0.1995598628748084
14,-0.252478824499683,1.0148729869844977,1.7116014998636593,1.8750294786744264,0.1999761220447537,-0.0945900805686542,0.1988505035217823
48,-1.042727721134285,0.736438925221875,1.5918731261531978,1.2690861875547432,-0.2000000099947284,0.3160543993423288,-0.1796454337389488
1,-0.0155020303656167,0.0986817766077753,1.761122729539296,1.4612656583666133,-0.1999557133911419,0.3615701593467395,-0.1803532414132828
16,-0.2361568747825471,1.1285350317959069,1.6558781917871443,1.9457927524772336,0.2000000099502884,0.1148450843589506,0.1883705897769124
12,-0.070121389697455,0.7829223202122969,2.0551890476402197,2.0594313005422507,0.1999818103701226,-0.3540920287470251,0.2001302252086219
11,-0.1439152832332052,0.8504631698472745,1.9426444373307272,1.9305342621213653,0.1999474682668075,-0.2541244376626594,0.1996250650393542
1,-0.0333010661812591,0.30586655924341105,1.5739695663240294,1.570435418719733,0.456976214307881,-0.0942141835753981,-0.09405209339594325
43,-0.983092992968938,1.0418526076454484,0.9501489988736512,1.3291143979399087,-0.1999996742100742,0.1597553923721978,-0.1917195780451712
29,-0.3583410217940883,2.0819092023428243,1.3816645795586169,1.2644955721318178,-0.1307971171029384,0.1411739164619086,-0.1282499761149567
0,-0.0333333333333332,0.1944444444444444,1.5707963267948966,1.5707963267948966,0.03769938502389991,0.15875211299120545,0.15875211299120545
7,0.0759124110200299,0.3121079045654988,2.122662156306236,1.8423274122819369,0.1998440943620669,0.0487289343810121,0.1933909748805955
23,-0.3716204267524081,1.6818450490995875,1.3679037266092,1.5711036827275586,0.1999710375855941,-0.1229520020335256,0.1983380255235732
3,0.0982060666104624,0.434430055889147,1.3100733409967278,1.6237861244274714,-0.0080700019848729,0.3350752741134691,-0.0180163067232496
3,0.055323028867648436,0.1445141237295069,1.5848120349135737,1.5637139441801693,0.590874917504086,0.09934467114897112,0.10056910212927463
2,-0.0085453125363618,0.1038458921033032,1.8824900150766544,1.2880579828863308,-0.1176023649584642,0.2023259420854422,-0.0860986173975009
48,-1.053508215390607,0.7080059704296278,1.6579091623348303,1.1988930845033487,-0.2000000099638933,0.2500183637762777,-0.1682203139588799
46,-1.0425920854159847,0.7383835243420276,1.33956297614005,1.3551946950720246,0.091886896306866,0.3631014625212406,0.0913081033389373
46,-1.021399572486574,0.8260013481319906,1.4747480214930655,1.359016238331804,-0.2000000087024307,0.0302182440818671,-0.1983131774080596
32,-0.4468302338748032,1.847063616546673,1.4590607275892302,0.9750581395880524,-0.1412152713750366,-0.2592511238393699,-0.1370588383852088
0,0.0777777777777779,0.35,1.5707963267948966,1.5707963267948966,-0.41075047818801097,0.14407837052087885,0.14407837052087885
48,-1.057753635528769,0.6988777815091987,1.6323640059526154,1.184013054327607,-0.2000000099632801,0.2755635201886587,-0.1682875111650267
4,0.051712642879697,0.2079238606748817,1.9984526289650475,1.3685664913271598,-0.0149263608093369,0.2784017289199607,0.0043374190720115
32,-0.4451602533835819,1.8193980729729304,1.5128624608648331,0.8801724879099976,0.0997981231273004,-0.5932218884008789,0.0454030077473607
15,-0.1825634730108009,1.098280471260088,1.7927239614088162,2.01168445859213,0.1999762519082362,-0.1685880633619549,0.1988635599732625
17,-0.3177046695238348,1.2373320438710176,1.6075127768394744,1.7737664321687547,0.1999676634615005,0.0833837496662026,0.1958305342968267
48,-1.0540974398638876,0.6968450574248409,1.473374542817088,1.3154272561361915,-0.2000000099524621,0.4246911693555795,-0.1908304314812983
12,-0.1557935620524492,0.7727255429694949,1.8368632835648533,2.046215474999316,0.1999919459828077,-0.1810227596494447,0.1993874008187369
28,-0.3608917925796112,2.009395202583877,1.4202869545827084,1.2637206857710588,-0.0277971734809798,0.2009939149737481,-0.0243231269839942
49,-1.104190730994826,0.5938760174901616,1.776644394303636,0.920146709528452,0.2000000099756641,0.6726398197434595,0.1818390346629986
28,-0.3348309547994126,2.0673231240009184,1.4781335100954034,1.2874849392925305,-0.1999721321521581,-0.0371505261006035,-0.1970529318166529
47,-1.0363689475542663,0.7537717944172296,1.581597363137777,1.3012057555097358,-0.2000000099619131,0.0836428528874555,-0.189874772638425
31,-0.4135644034236262,1.8831874640859931,1.4685234350304723,1.0523519991650108,-0.1999707693448721,-0.1354748165860205,-0.188378668025478
4,-0.1026482013516509,0.283488211331682,1.4002114970371382,1.5702063877388357,-0.0139131047940337,0.6203223485941716,-0.0242070030106114
10,-0.0994203221282558,0.5815327618468771,1.9184242582840063,2.079442115182675,0.1999881643215415,-0.0908594669248544,0.1988579252442691
6,-0.0762206576710639,0.1742426770365763,2.213369161125004,1.5002530376137826,0.1999928450336094,-0.0184161186002976,0.150055218095528
40,-0.8828571632177881,1.2552493375408125,0.8483565863721836,1.0038598204142448,-0.1066359631679034,-0.2156188275403046,-0.1020098176202545
1,-0.0154839391613768,0.0764747992655187,1.7603616552211294,1.461719070175851,-0.1998803157451021,0.3766978499326037,-0.1799496411624445
0,0.0777777777777779,0.2388888888888888,1.5707963267948966,1.5707963267948966,-0.28746119666940195,0.1544764426949534,0.1544764426949534
39,-0.7695314904237833,1.4552967993168635,0.8080567826962184,0.8891195655365494,-0.2000000084218653,-0.1082525399269943,-0.1984666862079721
6,0.07828060200300768,0.26050884269207386,1.5057173940029482,1.5980458668798874,0.649483621028714,0.19993461826040557,0.1930949804136526
26,-0.3430860979096864,2.0499652915411306,1.187426235071787,1.4083294484679476,0.1997284562136765,0.2293053393635387,0.1898507117099988
7,-0.0095952023642457,0.3082121464583514,2.2456462292430497,1.6279394257348343,0.1999495705071913,-0.0054584906154894,0.1626845001951338
22,-0.3762266650041641,1.6242829411160893,1.4399876536181568,1.5733046616849546,0.1867943322814554,-0.1393514897230976,0.1869890960042064
41,-0.7759878308749364,1.4626807933297368,0.8416934573089567,0.8880151695575164,-0.2000000099947531,-0.2280951684289403,-0.1987292801787277
11,0.0354351037811547,0.8496340218269833,2.506763996572702,1.1841238982943147,-0.18835744140466712,0.19998839849645053,0.030861820313532597
0,-0.0555555555555554,0.2611111111111111,1.5707963267948966,1.5707963267948966,-0.13206905872996547,0.1991717570533344,0.1991717570533344
10,-0.1524241977326326,0.5844162715591155,1.852644804577868,2.038522874829534,0.1999542742891669,-0.1803560289617766,0.1998430843411371
42,-0.969436814038011,1.0563572154334466,0.8862436748923892,1.2173700306518478,-0.1999998944172894,0.0128729312326293,-0.1895537611168119
49,-1.1057019808638902,0.6014846938249649,1.7951236538870157,0.8926911750314033,0.2000000099666534,0.6130704305204873,0.1720565610833229
5,-0.047713638667494,0.1203322379909372,2.169901392364112,1.2185929241597704,0.1999413458810545,0.1553907513984486,0.1287411378767844
1,0.05551087323007423,0.34116426692860563,1.549532321342502,1.5772614866867416,0.26190510648479914,-0.19992875764457554,-0.20057804723301143
36,-0.6543346399645035,1.5655885987728824,0.9826333505791828,0.8646211704951179,-0.1999998833538297,-0.2529371773824101,-0.2015868553182411
17,-0.3396024900307534,1.2484233679997927,1.601940701215461,1.7224826628192855,0.1999732406180155,0.0220973370401931,0.1982564358821044
0,0.0777777777777779,0.2166666666666666,1.5707963267948966,1.5707963267948966,-0.23589875468743174,0.166616393543175,0.166616393543175
23,-0.3601902415506702,1.7410399097672011,1.431438745747068,1.6583491568141375,0.0945573229780473,-0.4024624225831774,0.1011875754925834
41,-0.936638616905318,1.139086625859359,0.9499507898932356,1.1734883553960052,-0.1999999886824282,-0.0098092273140925,-0.1948064060699374
17,-0.3448336418891387,1.3823370389325194,1.6166132684752963,1.6984873280274222,0.1999428995878532,-0.0859994677301674,0.199976455240063
11,-0.0292513206962437,0.7220186775866613,2.139530847922761,2.089610715550775,0.1999801979010142,-0.4005290207718652,0.1977324565210837
27,-0.3310161556833729,2.0936421187119723,1.4073894229046833,1.3131148372701884,-0.1999187103506351,0.0747964507008092,-0.1983268632459017
15,-0.2876560790245865,1.3526549838630415,1.690830981865337,1.77577648069356,0.1999709939113344,-0.0552509786894018,0.1997187264761999
17,-0.3050882033119537,1.33259770371226,1.6520414761616022,1.7856166380781342,0.1999714893601545,-0.0562740687861744,0.1989396107558112
19,-0.3005607391558542,1.4205786618928953,1.5780864264517622,1.8161295280595915,0.2000000099933421,0.1932695115416989,0.1898029432104245
0,0.0777777777777779,0.2833333333333333,1.5707963267948966,1.5707963267948966,-0.3792818520132476,0.18031257198932615,0.18031257198932615
16,-0.318632472261141,1.162585039394311,1.609863156928549,1.772926080304407,0.1999552518359013,-0.0562262988410922,0.1982155650021641
6,-0.0992483633462743,0.2785882779393755,1.6552628341821807,1.5644514888755512,0.4704257652284775,0.10242563512592125,0.10626971895269889
20,-0.378011206335078,1.543244138893304,1.4081195922666936,1.6304090039863652,0.0498865855292339,0.047753414446919,0.0476063523605144
0,-0.0777777777777776,0.1944444444444444,1.5707963267948966,1.5707963267948966,-0.20553646666327713,0.19992106105418703,0.19992106105418703
14,-0.2704200482631873,1.0552869459413388,1.669976172460347,1.861897106577582,0.1999924007034879,-0.0489305844452923,0.1972537938367939
2,-0.031725512029464,0.0832093018602949,1.890069903610183,1.276065924366923,-0.1033722033123144,0.1722360783078941,-0.0745677424793118
11,-0.2037083943174516,0.6191563549735366,1.794905839114146,1.9357638445029817,0.1999935767815824,-0.1913308726193792,0.2006989662767684
34,-0.544210839838141,1.709686038461974,1.0445420890542798,0.909739994362932,-0.1999999135146695,-0.2408512399622453,-0.2014224049479677
26,-0.347250757668434,2.0075145481458225,1.1638148463031228,1.4473369414633666,0.1999591426418344,0.1895406899435828,0.1866738099290363
5,0.07820238287510525,0.2583073536685309,1.6351772668447833,1.5563341567490598,0.5573779494482791,0.13276459185991707,0.136742147157838
1,-0.033290059531804535,0.20864558277920722,1.5792529257622103,1.568635044101667,0.3711917195443272,-0.19983389924734085,-0.19942851520554128
47,-1.0460478928217796,0.7500050824136041,1.3333815970657596,1.356195370605076,-0.2000000097828797,0.5956396726506529,-0.2013067261991805
24,-0.3574817555876513,1.8453331681907323,1.3166551473668775,1.6004904228925174,0.1998825680803782,-0.177184639568067,0.196846831365844
5,0.106986310213093,0.3140027852684988,1.9350006760167269,1.5429071597136117,0.1770847459456138,0.22127400926009,0.1721013884687428
18,-0.3413071972859005,1.3127744812413835,1.6382194957732916,1.7012156067023425,0.1998463896030504,-0.3024559462293781,0.2013540693775499
18,-0.24481364418297,1.333152700040844,1.7442419337919652,1.8929129314217967,0.2000000099937244,-0.2984294658297354,0.2022142258294485
0,0.0555555555555556,0.1722222222222222,1.5707963267948966,1.5707963267948966,-0.14582178322542047,0.19914198241669304,0.19914198241669304
26,-0.3125863792292854,2.124866799170125,1.2894197864615666,1.3574420924230868,-0.0796430852930129,0.3310326019999227,-0.081708924692629
0,-0.0111111111111109,0.2833333333333333,1.5707963267948966,1.5707963267948966,0.02250910836967557,0.11937900198405126,0.11937900198405126
1,0.055425916867080066,0.2395276813018151,1.5494192550566535,1.575884012919801,0.2886565037970026,-0.19985939833987673,-0.20055324659925716
4,0.10046769504938659,0.2701395842535088,1.5210807407882552,1.5928964077402004,0.549087177207842,0.01764032494799336,0.013654937130980992
14,-0.1902295971292474,1.1013044041520894,2.1571977397959317,1.238920650882695,-0.0870515263504709,0.19974717046021537,0.1143677489103286
0,-0.0333333333333332,0.3055555555555556,1.5707963267948966,1.5707963267948966,-0.1929509034631797,0.19945797042985705,0.19945797042985705
1,-0.0153797894990063,0.1207058397574521,1.7551756503046194,1.464640656138075,0.0090561934001516,0.3488553962393252,0.0186701356709819
40,-0.9561176556399866,1.2198225321773155,0.5639677826389138,1.0726921446508595,-0.2000000079864112,-0.0666509843782424,-0.1714269874752546
4,-0.10375293467806918,0.330776844216356,1.6244029490463543,1.6305074096858347,0.38989736659474816,0.09195123033797936,0.0917115072532027
7,0.0830379531187582,0.3791484959957081,2.2425014726660826,1.5707323375803597,0.1999005022470952,0.1503972846515822,0.1658267886707947
29,-0.3709585890813292,1.9777801060074267,1.4805110443422471,1.2067581196810602,0.0487136882116942,0.0655693473188959,0.0486723853391776
0,-0.0555555555555554,0.1944444444444444,1.5707963267948966,1.5707963267948966,-0.09382804398824439,0.1331731943034651,0.1331731943034651
25,-0.3586146227313584,1.8984494253090056,1.1526928625747126,1.5175197028003238,0.1999629073159509,0.0807431589977287,0.1839216445556073
0,-0.0999999999999998,0.2388888888888888,1.5707963267948966,1.5707963267948966,0.4128710506616552,-0.1999399600884397,-0.1999399600884397
9,0.0139826892426402,0.5262360326506537,2.2484887213876377,1.9882952967795888,0.1999666129662349,-0.2062570303972767,0.1879294611842486
17,-0.3459485662121012,1.2803519965954548,1.5774866262599598,1.7060556918464116,0.1999709553014856,0.0710647819778594,0.1974093121468448
6,0.0769761819989627,0.3512451600776036,2.1692134240356795,1.3793644204714648,-0.0234770311548512,0.1548468127414821,-0.0055287681737959
42,-0.953922272628056,1.1465962064480355,0.8918235298140553,1.2258486261517036,-0.1999996926425174,0.0126567948662688,-0.189360736313722
1,0.10012147392067336,0.3461076777305047,1.5925585078683238,1.5654176056229767,-0.344249874524465,0.14044801994475323,0.13946208359269607
21,-0.3814047965327819,1.5831418290075558,1.434288669243721,1.5861198887346912,0.1999109322893189,0.0175390373903603,0.197345834811863
2,-0.03198072584784567,0.3821505566038575,1.6861948870544285,1.5670306209070746,0.3672472691075247,-0.1963062893760349,-0.19054822605335078
8,0.067859214862702,0.4174593149133919,2.0673162065759225,1.7864652274801616,0.1999947429638495,0.1515809890178407,0.1963603540358515
27,-0.3285120461611192,2.124028483465503,1.3700392944394222,1.3187590717956037,-0.1999836199197184,0.0306727679912778,-0.19956351124014
8,0.0200365660907376,0.4313457343659859,2.259775938006702,1.947505132745801,0.1999749658331714,-0.1612635013952869,0.1853495098586296
1,0.05549850564688233,0.32179071909493157,1.5481115589526038,1.5775545399573452,0.2602952497305954,-0.19983951110185494,-0.20051917409452916
1,-0.07772166861800514,0.30689167667866657,1.5867183255639414,1.566300989762916,0.3554165066938741,-0.1998194257397674,-0.19905216266432385
0,-0.0999999999999998,0.15,1.5707963267948966,1.5707963267948966,-0.29963551631299107,0.19976529693488188,0.19976529693488188
34,-0.5812252125151982,1.6743557329898282,1.1277336070316246,0.8501459727173092,-0.1468455207860489,-0.4011345156018244,-0.1522167202788704
29,-0.3622042626292804,2.015981505427052,1.436460113546972,1.2462683595447626,-0.068120120957299,0.113290992165485,-0.0647500446884205
0,0.0555555555555556,0.2611111111111111,1.5707963267948966,1.5707963267948966,-0.13314918461655306,0.09196572826729815,0.09196572826729815
7,-0.07242922716975926,0.22763164263683947,2.2185895414717693,1.6188993552250155,-0.4950919662291034,0.20000000995150422,0.1371597756973891
36,-0.6820010806486209,1.5416471567063026,0.9582818058337024,0.856546280117064,-0.1999998837409657,-0.2680145130625446,-0.2016877236534099
0,-0.0999999999999998,0.35,1.5707963267948966,1.5707963267948966,-0.449362583311237,0.18616524831525308,0.18616524831525308
0,-0.0999999999999998,0.2166666666666666,1.5707963267948966,1.5707963267948966,-0.4128075021401451,0.12677282556665864,0.12677282556665864
1,-0.0776502345931952,0.301631042372552,1.5936597372081618,1.565143896166579,0.36276819182676984,-0.19983744852035992,-0.19872188097775692
17,-0.3200120431210356,1.3030264208449471,1.620428214566681,1.763112769277886,0.199984235267502,0.0207706595085286,0.19765659830448
28,-0.3400433235116243,2.100537330985674,1.3780611567750154,1.302020906170747,-0.1994790601450531,0.0946056885916258,-0.1981839411039397
10,-0.12492959627871172,0.6136416314272615,1.648225849555109,1.6609872487786805,0.44404055637094364,0.19998090894943255,0.19939798289302238
32,-0.4527071226019695,1.8314634195160184,1.4529147532877276,0.951515157978662,-0.1999303150178349,-0.5043066653659747,-0.1995607004199132
2,-0.034132306500763966,0.23907781894310337,1.7365748857534387,1.5057450833002743,0.39763746926525295,-0.18174413649212406,-0.1678263510108371
12,-0.109025509071209,0.7884126646366929,1.8910224537085092,2.0983356264029625,0.1999818970692818,-0.1144839646277156,0.1980562195186647
25,-0.3414736820462736,2.023346631403085,1.2081876872968365,1.4337351951741046,0.1999374189644382,0.111792830222249,0.1923732304659916
34,-0.5706803648927555,1.6625395946336017,1.1023074926784735,0.8683198077891013,-0.0348661409523109,-0.3236617572556208,-0.0414203919641403
0,-0.0555555555555554,0.15,1.5707963267948966,1.5707963267948966,0.27807419151793966,-0.19975426361249268,-0.19975426361249268
11,-0.2103039019711571,0.7387988754211128,1.7341408210034062,1.983002639235392,0.1999253841608161,-0.1066930124860173,0.1963942193441393
8,-0.0976636812102381,0.3694264872080012,2.1374919703457604,1.82080511205897,0.1999500392041013,-0.2969417819838031,0.1807596479604077
39,-0.8439755917974125,1.32934863656378,0.7271371838803383,1.0022216583455257,-0.1999998806238133,-0.0065867536488813,-0.192301421366821
27,-0.321190671659982,2.137769516195729,1.3359349825493014,1.327787298528872,-0.1996070921361454,0.1841469961849675,-0.1994504312450559
16,-0.2378447315051611,1.1725943980563505,1.7110788185378751,1.928588198116036,0.199990649937923,-0.126098978772559,0.1979996553262932
8,-0.0266353286431503,0.4938361997259148,2.241708337928904,1.867673545444656,0.1999600766237287,-0.2072247349561907,0.1785635226726822
4,0.0321154961464357,0.1295271025351251,2.188035476070016,1.3284959780740673,0.1999627026140096,0.2132840985384815,0.1466900971507458
29,-0.3696982335289533,1.998477270829182,1.4354535533060089,1.234541844786002,0.0214647479025313,0.1139229624228549,0.0233064637450917
15,-0.3130042355716305,1.0023080599671188,1.642168150690756,1.770801380299012,0.1999912501121933,-0.1292232010482158,0.1999966114424104
21,-0.3620721942076213,1.5853721953916633,1.4403429548062934,1.666019257228695,0.1782813312591361,-0.1147247407287875,0.1763277956302693
8,0.07746938609466088,0.4343306898483026,2.250665617587768,1.8151179154664274,-0.03442828335233496,0.19998131531538615,0.17985832603103372
28,-0.37139764228615,2.0530995254139364,1.5337412391537386,1.191910412869984,-0.3620145957773765,-0.19999710188155798,-0.20056095900385829
18,-0.3530424997206503,1.319316148207809,1.609629277501777,1.683761628285004,0.1998597395713645,-0.2451857113017376,0.2011267708475345
15,-0.2708245014923641,1.06215280214217,1.6916475104199264,1.8457571326649416,0.1999674197131399,-0.1005718600625246,0.199141306399261
9,-0.08115857133526112,0.6103387409901695,2.243179414459018,1.7710408227616048,-0.36890547773596494,0.1997606937997721,0.16112889258268032
28,-0.354268290092703,2.0223422415591235,1.394916367257939,1.286115813818853,-0.0265330262176095,0.2760520351721315,-0.0233785986058291
0,-0.0999999999999998,0.15,1.5707963267948966,1.5707963267948966,0.1997652969348818,-0.2996355163129934,0.1997652969348818
42,-0.8144606040035838,1.3328474787300313,0.8272388315759885,0.9183070438655284,-0.2000000099742342,-0.0217926754114984,-0.1989730532274998
38,-0.7013832641403919,1.530369950480587,0.8429623648328216,0.8634393673639312,-0.2000000097457513,0.0523189080262697,-0.2000652063999658
0,-0.0555555555555554,0.2611111111111111,1.5707963267948966,1.5707963267948966,-0.13206905872996547,0.1991717570533344,0.1991717570533344
0,0.0111111111111112,0.15,1.5707963267948966,1.5707963267948966,0.38022983069613614,-0.19984198028788652,-0.19984198028788652
35,-0.606001120727616,1.6225601485517636,0.9277134031731986,0.902890812322572,-0.1999999152488708,0.0741631934203851,-0.1997542289808992
40,-0.8757554235068151,1.2860282169331745,0.6947176449734633,1.0178028605376677,-0.1999999192594453,0.1833999177857936,-0.1954748337151663
27,-0.3465626984604151,2.0759197111977143,1.2058199951795443,1.364588634475964,0.0979289895313281,0.2957351596363126,0.0920216631053655
37,-0.7270451982421108,1.4679407029845,0.8654318625988747,0.9548090210198676,-0.1999999173241862,0.1140622518845393,-0.200219720894153
10,0.08244182013567689,0.6846387763088334,2.408003574479679,1.5862121541253251,-0.30062578414463387,0.19995865865144316,0.114137080626491
32,-0.4702353637165014,1.8153390249797767,1.366357867652673,0.9100262450974196,-0.1778159298161907,-0.5445345391773148,-0.1836162746710226
24,-0.3742867225472092,1.822941534280708,1.2044014954899025,1.5191067620441498,0.1999406934661221,0.0842156815225492,0.1875143559025014
10,-0.12450734594083694,0.6216548417728591,1.7723106177617085,1.7134156538819785,0.28926575696232826,0.19995533651958317,0.20131129745820173
4,0.0133325016819427,0.0835118395196109,2.1120586903444147,1.2007432703152214,0.1745165324100978,0.2291761617053523,0.1250394770525704
31,-0.4083038454878789,1.8956513940279736,1.5235908166007492,1.0655276595953032,-0.1999440794382749,-0.1790565636760704,-0.1872500709217795
41,-0.8830021278534377,1.2959125380206034,0.6534690934399383,1.0407964526709834,-0.2000000080532855,0.0353620427207343,-0.1865200577225114
25,-0.3644725429332033,1.9183452575640425,1.2465093362511768,1.4253275388834092,0.1999246511232316,-0.0050963994164152,0.1968274170654503
2,0.0556752385555148,0.427723448769518,1.5820030756902437,1.5695813195937118,0.399608095509121,-0.05583535219924206,-0.05533467389209419
13,-0.2115889670902152,0.8458007474129878,1.7261879737115031,1.9690192903611847,0.1999767493807845,-0.0259001499367354,0.1947324195990239
0,0.0555555555555556,0.1722222222222222,1.5707963267948966,1.5707963267948966,-0.14582178322542047,0.19914198241669304,0.19914198241669304
5,-0.10179297009813013,0.1219811376652605,1.993212414668367,1.4243689892288554,0.24834870175465643,0.1999817255664853,0.18186701134170033
48,-1.0497002703149965,0.7291480797717146,1.6240086669738023,1.2052568674525015,-0.2000000099580787,0.2888225197116082,-0.1709753348732151
24,-0.3759971850499063,1.8065781742104516,1.2695017438660718,1.4936449613305638,0.1999379104055102,0.0077738858426678,0.1947636531505459
36,-0.6538039945065591,1.572818734491452,0.9655954684337452,0.8684704610495836,-0.1999999100881698,-0.2453552014549885,-0.2014365928702764
5,-0.0781216583262791,0.2653639268533958,1.6104130847987275,1.5534776983915126,0.5429446127928041,0.13668802270990765,0.1395561422618151
24,-0.36626619347104,1.849116032448361,1.3002438464666648,1.4768712910924064,0.1998605268118459,-0.0428365741605504,0.1975037570368152
11,-0.1325386910847632,0.8222478010731789,1.8835340502248537,2.076988645278522,0.1999140653304975,-0.3193433744862312,0.202324239884104
39,-0.7995474638772387,1.410064606675495,0.8725712326474857,0.8735483718372679,-0.1702395323238642,-0.3361164454313943,-0.1702066078015435
0,0.0333333333333334,0.2166666666666666,1.5707963267948966,1.5707963267948966,0.2462540891317297,-0.19979092262004983,-0.19979092262004983
22,-0.2892594940588919,1.5980244322351675,1.477418592748232,1.7382085175433104,-0.07766041151119188,0.19999539283850687,0.19523529501850378
14,-0.0830753694501735,0.9701017756166554,2.0451496110246543,2.0031562184255,0.2000000099487666,-0.314513589284949,0.1985033302313928
0,-0.0111111111111109,0.2833333333333333,1.5707963267948966,1.5707963267948966,0.02250910836967557,0.11937900198405126,0.11937900198405126
36,-0.675499828005063,1.5470474008355504,0.8806609791922515,0.8818942280400012,-0.1999999917445925,0.0908685532866922,-0.2000110460053691
42,-0.8844196772804871,1.2195311394721835,0.9481407444626232,1.153868636019841,-0.2000000099661406,0.2313836787511398,-0.2005092199728679
5,-0.09968551034509177,0.26033381180708176,1.6040921668198447,1.5650674032614402,0.5010739541052085,0.11390961765776005,0.11577782331979629
0,0.1000000000000001,0.3277777777777778,1.5707963267948966,1.5707963267948966,-0.3521421311467152,0.18248983633270013,0.18248983633270013
45,-1.0043875278959071,0.9329295848179694,1.0723153803046146,1.3987473539846185,-0.2000000090465842,0.3723197819422665,-0.2013775209534717
19,-0.3581686068173433,1.426141986294393,1.5995501872328184,1.6832155599067715,0.1998058717698873,-0.1460086332223543,0.2003271315864714
0,0.0777777777777779,0.2833333333333333,1.5707963267948966,1.5707963267948966,-0.3792818520132476,0.18031257198932615,0.18031257198932615
6,0.0122986448557359,0.2426887545883454,2.205495455826962,1.451717411440987,0.1999705574190414,0.1440490679086754,0.1556589043657235
29,-0.3629511729437359,2.0426564718107323,1.3910290076291494,1.2656019089506576,-0.0745220597404648,0.2125999665618254,-0.0712770454631383
31,-0.4044897556036246,1.9013120866709812,1.5359598491202044,1.072915906019569,-0.199961009312144,-0.1810852991351877,-0.1869931161351402
27,-0.3367893363430378,2.08557456643191,1.3055820851738438,1.3373066480110465,-0.0604389706100829,0.2933226423869703,-0.0613389559993556
40,-0.8958522098145376,1.204869352631261,0.8792299032540951,1.1037373461580977,-0.1999997848692503,0.1842391297651358,-0.1990822121679892
30,-0.3737459681611573,2.002125677307564,1.4800300748070798,1.216614239185201,-0.1999810384853038,0.0755430840372218,-0.1911159405622365
0,-0.0333333333333332,0.1944444444444444,1.5707963267948966,1.5707963267948966,0.03769938502389991,0.15875211299120545,0.15875211299120545
0,0.0111111111111112,0.35,1.5707963267948966,1.5707963267948966,0.4129433273309255,-0.19930205602238565,-0.19930205602238565
31,-0.4074130096451176,1.9215034853768092,1.530733343948203,1.0946126847110689,-0.1999849963306555,-0.1448012947934382,-0.1873826331968827
25,-0.3546021111228268,1.9473659593550536,1.27882555938639,1.429825566196742,0.1999106921933529,-0.1296833818882441,0.1995867233718393
39,-0.766103409116915,1.4545552408027422,0.8760886145249303,0.8650926555902483,-0.2000000098354206,-0.3205970563111943,-0.2003404389479099
0,-0.0111111111111109,0.35,1.5707963267948966,1.5707963267948966,0.3561175064547438,-0.19968190542199007,-0.19968190542199007
36,-0.6675041124829245,1.5479769838632051,0.9692331672991804,0.9156064042998108,-0.1999999178500926,-0.2076026094006117,-0.2008251759676523
49,-1.1035900022560483,0.5996385440408771,1.7964775633778982,0.9007927612687816,0.2000000099752755,0.6190806363106531,0.1733246232651198
0,0.0777777777777779,0.15,1.5707963267948966,1.5707963267948966,-0.2758509773530975,0.19960564908216105,0.19960564908216105
4,-0.1264539742884118,0.0854977221300774,2.0167056372450283,1.1458233131586837,0.0738987486104739,0.1862641123390573,0.0618493170790162
23,-0.360372967282778,1.7691889039902935,1.4199596596565902,1.607068177629344,0.1996406246203836,-0.1675261735170992,0.199272438815223
4,0.07657116507474979,0.2801070260466131,1.4504176811781981,1.5881970230633946,0.5555042923576387,-0.0038443468232707964,-0.011437424940524417
26,-0.3533722330341409,2.0233390021657973,1.206442351131674,1.3917585018427885,0.1996497606917776,0.2112710267056049,0.1923385443298375
34,-0.559811196999568,1.6800851066362446,1.0819838484171216,0.8955882399459516,-0.19999532059637,-0.1400127250129596,-0.1991258067672227
11,0.0808022553547135,0.7441785803169848,2.325189332456124,1.3624116783790832,-0.29840369220635443,0.2000000099479011,0.08975605342715207
0,-0.0333333333333332,0.2611111111111111,1.5707963267948966,1.5707963267948966,-0.023504231910695932,0.11620258918021101,0.11620258918021101
9,0.0724437659863187,0.5879772143330398,2.1563190613124035,1.871314715076728,0.199973578459056,0.103235708099131,0.194809322342895
0,0.0111111111111112,0.35,1.5707963267948966,1.5707963267948966,0.4129433273309255,-0.19930205602238565,-0.19930205602238565
2,0.0776874403859442,0.25002067663470184,1.6264336658961698,1.5906906212191392,0.10751193443921142,-0.19980563317532377,-0.19929381582789304
2,0.05585087889986664,0.2017771816367471,1.6629293459143977,1.5442311170647087,0.46626998640382344,-0.06416141646919629,-0.05818839813190939
4,-0.0888387618544243,0.4278093381722275,1.7848901991730663,1.371241517081421,-0.1134547397467811,0.3229599619597136,-0.0909045326639226
28,-0.3423929118076742,2.0795178517126334,1.414819011181649,1.2849823134443024,-0.1699745340852792,0.0832256140626542,-0.1674663264647981
2,-0.101736463607812,0.2933706161913335,1.3928263874094506,1.5966484456618368,0.1667117285810032,-0.1781833876904887,0.1668674883448452
8,-0.0349272463977278,0.4230620662740466,2.15587314492088,1.999380509115468,0.1999671428218341,-0.2405269164312904,0.1937748194564515
9,0.0374673897043092,0.728590494012465,1.758226816366835,1.6639084909669175,0.40854952213749923,-0.12076473512839436,-0.11638031492164304
35,-0.6182469659028691,1.63051611010716,0.8628004020634705,0.9387192983423044,0.0056508771302322,0.2564856992925671,0.0036892588875317
0,0.1000000000000001,0.2833333333333333,1.5707963267948966,1.5707963267948966,-0.3828280666889024,0.12651627597840148,0.12651627597840148
46,-1.0552811994286724,0.6779634659442431,1.3718942427266894,1.3452343374877258,0.200000009814141,0.5067422418698492,0.2012797489523287
1,0.0543668321597788,0.4012891481268253,1.4312762844356026,1.5963200814345082,-0.0566624966619194,0.1187961463764662,-0.0578442867157938
19,-0.3207316951637478,1.4262121164583834,1.6098134443511365,1.7701534988047751,0.1997840647840367,-0.0749999006483469,0.1984188471876103
0,0.1000000000000001,0.3055555555555556,1.5707963267948966,1.5707963267948966,0.172970972775545,-0.350597324393442,0.172970972775545
47,-1.0249668135416143,0.803621332736139,1.6011859121441403,1.327420678391268,-0.2000000099965347,0.0735947108560422,-0.1905622672614831
27,-0.3277364217626882,2.097891791571036,1.4286014190204273,1.3125171513247689,-0.1999755323275365,-0.0306474286882294,-0.198984623795545
41,-0.909444120111392,1.203464872580383,0.7539920267558999,1.086527252233176,-0.1999999837906053,0.2096771100558301,-0.1958882493605767
33,-0.5259717108951142,1.7331934936633346,1.1316181996713348,0.9046695714905024,-0.1999799829485651,-0.11979898077706,-0.1975475396329123
9,-0.1372885321373333,0.4443571013414478,1.9696773361962256,1.9116358602364725,0.1999922913636848,-0.2664618523032895,0.198109801907841
17,-0.26705835182843,1.21986319054588,1.7133007339666195,1.8567722202053731,0.2000000099664212,-0.2073503377732866,0.2009098223071422
0,0.1000000000000001,0.1944444444444444,1.5707963267948966,1.5707963267948966,-0.24204140088377593,0.198515729678985,0.198515729678985
3,0.10202914087581648,0.3739987984186368,1.7521163123336176,1.5536729843966932,0.4794810362065023,0.1997803544837042,0.2053122502472665
37,-0.7753483350709679,1.4440937016336657,0.9127439970176804,0.8565320558973993,-0.1188479151188818,-0.3703297732366376,-0.1207407972146547
0,-0.0777777777777776,0.2166666666666666,1.5707963267948966,1.5707963267948966,-0.15248996489396008,0.19994027393048325,0.19994027393048325
46,-1.028117683106408,0.7904224900931108,1.4835671850147625,1.3476202271929667,-0.1066231074214146,0.0661815302075765,-0.1047423934908382
32,-0.4538567809053253,1.8229389510309364,1.422811877920613,0.941841087859472,-0.1964135155018916,-0.5610947295137675,-0.2000881476116773
2,-0.1038735701624567,0.4873474392048269,1.1692029271563822,1.6137500387130606,0.1902061725914286,-0.0475705279585407,0.1737649490321269
0,0.0777777777777779,0.2388888888888888,1.5707963267948966,1.5707963267948966,-0.28746119666940195,0.1544764426949534,0.1544764426949534
1,0.07746061566835456,0.0805548603225717,1.585208342471395,1.562732819157657,0.304409326624387,-0.19985191004229247,-0.19911731636469143
0,0.0555555555555556,0.2833333333333333,1.5707963267948966,1.5707963267948966,-0.24815191941342127,0.14256461163591808,0.14256461163591808
33,-0.5076434116781545,1.743335365445879,1.1464118301800643,0.9304697460912452,-0.1999835269691703,-0.0837057471128812,-0.1971324474712397
11,-0.1839847661062937,0.6782392052707531,1.798392882958131,1.997345874293592,0.1999725199382823,-0.1420850733162487,0.1988360850403739
12,-0.15276525740005314,0.8472642076437423,2.1049048328438933,1.5147533756375868,-0.06125931995212211,0.197421592386573,0.1606199937446649
20,-0.3675572819757197,1.5670361471693035,1.4225585606161424,1.6776970504612752,0.0393111318646433,0.0506398956270439,0.0367605190426706
0,0.0333333333333334,0.2388888888888888,1.5707963267948966,1.5707963267948966,-0.1999195398148675,0.3072963520397338,-0.1999195398148675
1,-0.09998220382670253,0.2257527036507027,1.5830344157901148,1.5669615075952845,-0.2157774950120256,0.19984757863240796,0.19947496278421728
49,-1.0986020194742607,0.6242970052032816,1.7765620044013404,0.9196084255981865,0.2000000099680743,0.6383960197941758,0.1792018911916574
42,-0.9617420293518052,1.077773331911465,0.8983484588908648,1.1815898104882123,-0.1999999704578334,-0.086831571314284,-0.1896042207959956
17,-0.27946931648535167,1.1945503890658102,1.6807142971480715,1.8586316967085215,-0.19120538045815202,0.20000000996780035,0.2002268482980915
1,-0.05553432592532451,0.20246794053786799,1.5872429544713835,1.5656045626519273,0.4287572657205112,-0.19995401712497007,-0.19897951834306693
9,-0.0778837189669106,0.5983232906929025,2.10697455466103,1.969930769496299,0.1997103981884894,-0.4052047970772978,0.1923022369121283
47,-1.0445578318582598,0.7301148956989919,1.4898571435339991,1.3047154908362748,-0.1945165758936355,0.4089183201753326,-0.1836647191791698
47,-1.0463812661827905,0.722511670004924,1.5041186728622566,1.2955360412111327,-0.1550111258276259,0.3986580146800221,-0.143396171686897
6,0.10091591455090876,0.2555742020862488,1.6649044482645134,1.5614269501649694,0.4011514927639417,0.19951840249473482,0.20259478575667814
11,-0.1878186872785353,0.7066315112716322,1.7971047598436125,1.9796962378158736,0.199984117651895,-0.149333515546366,0.1993712461202146
4,0.0389426390137757,0.1051898026990008,2.060776023563466,1.2207391096597977,0.1999413329785994,0.3703275495445535,0.1610250097062064
1,0.0069121625608686,0.1872491837758352,1.7517772457654992,1.4665647954446133,-0.199916789520046,0.2614255386223105,-0.1844850272640345
44,-1.0059374376283008,0.9136743459625308,1.2437143522359235,1.3750127509766117,-0.1999999775522041,0.0497455170405832,-0.1989298016249982
26,-0.3466257782706808,2.0081512688139798,1.216197147798745,1.4007233315731826,0.1999600871123828,0.2099798972653902,0.1927126965600894
0,-0.0333333333333332,0.35,1.5707963267948966,1.5707963267948966,-0.20346872518089917,0.16655774522580905,0.16655774522580905
4,0.0999009632076866,0.2612859049279562,1.4744149577671157,1.6016291538253378,0.5850962219834343,-0.022805958275923927,-0.030044861983901563
14,-0.2832892905981556,0.91570537157788,1.665832874687548,1.832876326273278,0.1999932275282296,-0.0576316242292561,0.1981676803505557
38,-0.7752861558486144,1.4059087274465716,0.8620632958081305,0.9255178013664124,-0.1999999121326807,-0.0896986046843879,-0.1990286037935761
24,-0.365165917218825,1.84854928090091,1.2696122614434562,1.4675361659610748,0.1999036461742353,0.0078002351645153,0.1958475323869321
4,-0.0212734377683191,0.0917925521917095,2.1202888225260192,1.2604706313550955,0.14476827661156,0.2104771509342882,0.1104205502615958
0,0.0555555555555556,0.1722222222222222,1.5707963267948966,1.5707963267948966,-0.14582178322542047,0.19914198241669304,0.19914198241669304
38,-0.784016473780586,1.3969677059843355,0.8932340438753678,0.970059601320768,-0.1999999125603043,0.0202299852757651,-0.199565251580723
40,-0.8863563233841758,1.241114751733431,0.8250593323350182,1.001186299890593,-0.0931746882191464,-0.203971968476305,-0.0881592962000253
0,0.1000000000000001,0.1944444444444444,1.5707963267948966,1.5707963267948966,0.1985157296789734,-0.2420414008836401,0.1985157296789734
1,-0.0155783743162244,0.232310179320314,1.7653433864751609,1.458955445038915,-0.1465588167390467,0.2073805233440976,-0.1334785175908114
38,-0.7899914685822312,1.3898397036860382,0.8894156899315452,0.8951387066285716,-0.199999891012472,-0.3139105793993256,-0.1998169651631413
0,-0.0555555555555554,0.2611111111111111,1.5707963267948966,1.5707963267948966,-0.13206905872996547,0.1991717570533344,0.1991717570533344
2,-0.07783208327134354,0.1759267658416291,1.554709487655435,1.5753699375501355,0.46068466990876716,-0.1023129598651858,-0.10324285182659305
10,0.0520374088966718,0.6282801723696761,2.194519587978254,1.90247880216552,0.1999846651965214,0.0131980188477856,0.1918969576063817
6,-0.0093001684397111,0.3352535506117808,2.277895338626536,1.8884031855641992,0.1999518645469705,-0.1182260067651399,0.1804866114010631
20,-0.3422805924819442,1.533107206201765,1.5733041424112182,1.725937191763429,0.0231643070071725,-0.0308441969822667,0.0233639613249873
3,-0.085001273787696,0.1256007011053021,1.930977795926488,1.3710192591972394,-0.1615317190999911,0.2166414062285655,-0.1253552007528105
0,0.0555555555555556,0.15,1.5707963267948966,1.5707963267948966,0.30644761162759365,-0.199893028658937,-0.199893028658937
0,-0.0333333333333332,0.2833333333333333,1.5707963267948966,1.5707963267948966,-0.09295375239908964,0.19118105671598923,0.19118105671598923
5,-0.0892811191057724,0.1002090575656708,2.145615544539349,1.2809105380570889,0.1997741700932313,0.1355072331713118,0.1399371861211697
1,-0.03304173062994658,0.4059812851124322,1.6117689507689814,1.5619313307695457,0.37127671976736365,-0.1741744886535118,-0.17210863821606312
41,-0.9371502099943751,1.1399322361772883,0.8906988091295348,1.1570228369236604,-0.19999998734897,-0.0498802581246979,-0.191636180987083
8,-0.077371996445041,0.4128125792927426,2.0733845622832345,2.0195267241147623,0.199809496972316,-0.3658739007423355,0.1975502113980922
0,-0.0333333333333332,0.2166666666666666,1.5707963267948966,1.5707963267948966,0.02282237895228195,0.09399769253898718,0.09399769253898718
0,0.0777777777777779,0.2166666666666666,1.5707963267948966,1.5707963267948966,-0.23589875468743174,0.166616393543175,0.166616393543175
8,-0.14056792917651992,0.4415359329119277,1.9852307593403529,1.8531733218618753,-0.17292393132722444,0.19995259733996468,0.19593466869534698
3,-0.0553230080479347,0.0576248690438901,2.010002573724142,1.454210501028611,-0.0455375363991224,0.2694239543832016,-0.0244681062842802
2,0.05543844103080399,0.18409713893603707,1.570646258792081,1.5687113408553643,0.48529781776518083,0.019076793200091965,0.019170658575860765
35,-0.6598155292498947,1.579244367632916,0.8722985188478536,0.892860655534015,-0.1999844969815459,0.1010924397072884,-0.2001500746107625
19,-0.3577106536428447,1.5130834710165422,1.5429539515450448,1.6891081641779957,0.1315451305871732,-0.2673629102575837,0.1340363830644404
1,0.0545628069781769,0.3611636076540401,1.4314501238515192,1.6011123586591471,-0.1844701566437157,0.3409399850912517,-0.1875782599766031
8,-0.10820756544388739,0.4188662080499274,1.6802386250954608,1.646126310652767,0.3957371453576088,0.1999251667284262,0.20115854574537873
47,-1.041532713382158,0.7392918148278147,1.567861821232336,1.2795977032693124,-0.2000000098180305,0.1216096402828837,-0.1882905506186283
0,-0.0555555555555554,0.3277777777777778,1.5707963267948966,1.5707963267948966,-0.15973085538250706,0.027544650378791093,0.027544650378791093
1,-0.03344976665219871,0.24959976257129712,1.6288976213850024,1.5499127923907958,0.39115977284585673,-0.05114465604789393,-0.0478988460164773
0,-0.0999999999999998,0.1944444444444444,1.5707963267948966,1.5707963267948966,-0.4421779977812528,0.19962432587690984,0.19962432587690984
31,-0.4096317030587887,1.888452617557289,1.529225770773512,1.0392111356220577,-0.1999851635148539,-0.2656081354937103,-0.1889526529983957
14,-0.29547790711452,0.9522796791546224,1.6472622883148271,1.8184279988278835,0.1930422305391641,-0.0481918906362041,0.191042139163512
14,-0.255902580452112,0.9081920871603344,1.7393722921241406,1.8546923385142973,0.200000009993009,-0.2678076397887594,0.2017531300562708
18,-0.3408722955497366,1.3180166410610072,1.6085660470307492,1.7156975158569483,0.1998588366298906,-0.2069385987103534,0.2009257533580462
0,-0.0333333333333332,0.15,1.5707963267948966,1.5707963267948966,0.27462461624983053,-0.19975498186773072,-0.19975498186773072
36,-0.7048886581788049,1.521004574079747,0.9829730025442686,0.8078996074179999,0.0038690764306746,-0.2520908172744301,-0.000580995432251
0,-0.0777777777777776,0.1722222222222222,1.5707963267948966,1.5707963267948966,-0.1437248075799517,0.19993274291873195,0.19993274291873195
0,0.1000000000000001,0.3055555555555556,1.5707963267948966,1.5707963267948966,-0.3505973243934364,0.17297097277553716,0.17297097277553716
45,-1.003116237908227,0.9449452706509528,1.2023761209011583,1.3175630726278214,-0.2000000099903782,-0.018672057223416,-0.1984600704556846
18,-0.307455183593012,1.3512349912758257,1.6609313332486986,1.776720722162618,0.1997721905945454,-0.2201710368415763,0.2009781492457028
41,-0.9260136189193487,1.1580036526248048,0.8181477112787161,1.1362477942559974,-0.2000000065992238,0.2287397774626763,-0.1971204002879585
11,-0.0280577314213565,0.7014357581377356,2.1413358562305373,1.9827781103387216,0.1999904093221881,-0.1570884859716322,0.1950014001808398
23,-0.3779771905371323,1.7362707829410065,1.3539693904128358,1.5507478223125122,0.1998257325484798,-0.3268135910840489,0.2023589628872527
10,-0.1465645413502752,0.6197383198170606,1.8700848561543275,2.0309019761083644,0.1999745574119868,-0.1920773424857657,0.2004698753538371
36,-0.6448611507057777,1.5697289803648666,0.9864586836584416,0.8769612100147661,-0.1999999123403445,-0.2443433935363779,-0.201472295884545
38,-0.7604774300067001,1.4642944328640657,0.9266735511965698,0.862270165718875,-0.1999998862132118,-0.3686993343009108,-0.2019581575434209
22,-0.3364494064261447,1.6175970670631548,1.4936135531230397,1.732342585468342,0.1994716864349545,-0.2704753797243434,0.2002104046804195
1,-0.07777221308885904,0.3683039854947336,1.5727792950954775,1.5702143796319408,-0.23321423905281033,0.11263649129465003,0.1125763033736481
19,-0.3627129242300543,1.4311073840503024,1.5137532156543667,1.683958026021224,0.1998199976116125,-0.1735355054838476,0.1998720351542063
0,-0.0555555555555554,0.2611111111111111,1.5707963267948966,1.5707963267948966,-0.13206905872996547,0.1991717570533344,0.1991717570533344
30,-0.3644714349151635,1.9851510298215416,1.5040951210225917,1.1926480141591091,-0.1999852906012965,0.0360835347404758,-0.1892584913318874
0,0.0111111111111112,0.35,1.5707963267948966,1.5707963267948966,0.4129433273309255,-0.19930205602238565,-0.19930205602238565
0,-0.0999999999999998,0.3277777777777778,1.5707963267948966,1.5707963267948966,-0.3182789076541286,0.07875920405412452,0.07875920405412452
9,-0.0929381158510219,0.4823623556376585,2.158137366078865,1.6071299784811992,0.1999910410489187,-0.0593262268071565,0.1672858755767448
21,-0.3744016068351226,1.5578472614806371,1.4431316497783453,1.6442776583964864,0.1957340332184924,-0.0172856129323905,0.1921330474001198
11,0.07541016958200193,0.682613119792205,2.4653960376461588,1.5920628249876356,-0.5035582888690691,0.2000000099520182,0.0898586310283423
24,-0.3688215612006056,1.8077511386337264,1.266691358900255,1.5599810369329066,0.1999403056538448,-0.0317856522900606,0.1923213877029078
12,-0.2359329255046915,0.7395361690558926,1.722414347104026,1.9078237035358296,0.1999783662505298,-0.0921711640318631,0.198250075922245
15,-0.2148366603175819,1.0576161280597938,1.7280378673766077,1.9758890307090915,0.1999832156691517,-0.1031801286308052,0.1964033204707202
6,-0.07836774947138417,0.14650411770952895,1.607513766796563,1.5518477681677305,0.47844331681951824,0.20000000995333228,0.20235214685648184
6,-0.0945975015217422,0.2803800527806404,2.137821872967613,1.6009577617081727,0.199913375849472,-0.0198388404681219,0.1707742641887834
5,0.09994064028125747,0.2600377990841181,1.4703913499468433,1.6035267180376684,0.5594216119601206,0.023966684206244232,0.0163286953062627
16,-0.2989464313580189,1.2062383909553256,1.638961384746381,1.808598196081672,0.1999674444766286,-0.0370663403594007,0.1977229113877326
2,0.055495246585450055,0.1321456492163811,1.5803102451053004,1.5669086499960938,0.5233844071673182,0.0160545853962875,0.016754541289213297
48,-1.0601581488587477,0.695815226956267,1.591239243806664,1.1893819820152505,-0.2000000099942397,0.3472951471976852,-0.1704835432231576
3,-0.03767291752858703,0.5650263417552731,1.5880417423664115,1.6212590208654079,0.4962450671133943,-0.13579821199369216,-0.137371387792
34,-0.5796443110210229,1.6935697586761975,1.1422797613540392,0.8675901860402392,-0.1999956023581107,-0.2821304594398452,-0.2001503933482496
6,-0.1190984014923702,0.3198492724597983,2.011608204699764,1.1573038736396528,0.0903345990843272,0.2427267336065493,0.0776310093273131
47,-0.9908159373730848,0.994860368010516,1.0480569885992177,1.4543844464441007,-0.2000000099981067,0.4300406814356656,-0.2007125806660921
38,-0.8303411544928617,1.3892946319364523,0.6874936302336574,1.0173985278744069,-0.1999993958861629,0.0290258389437782,-0.1901543606885246
16,-0.3227985101257895,1.1501818659748648,1.632508510606321,1.7509356080078096,0.1999548830826749,-0.0953826959696412,0.1996812907777047
37,-0.7872832655803442,1.425192474859901,0.8705980071668982,0.8816991538220456,-0.1623918817444745,-0.240140648217291,-0.1621152974483699
22,-0.3641525749845219,1.614425534450074,1.370031052092714,1.6782881460431702,0.1997906072458344,-0.1290295048038756,0.1942879733959688
11,-0.1770985214699887,0.8533243323849592,1.8156387763925053,1.9835655368427405,0.1999340261892345,-0.1548546719597747,0.1997098548473206
19,-0.3444637995310356,1.4236866082893358,1.5135833917702763,1.7281101480802592,0.1998722760951197,-0.1268685984353308,0.1979914967781555
22,-0.3405805407208797,1.6492536786932743,1.500966439302556,1.703637402256287,0.197159886261746,-0.1855014567622382,0.1968583962147401
0,-0.0333333333333332,0.2388888888888888,1.5707963267948966,1.5707963267948966,0.12524897720683725,-0.06524887598343333,-0.06524887598343333
2,-0.09998014680831875,0.2405135754586148,1.5915013189103941,1.5641631745342697,0.13916604511708633,-0.19963988631535276,-0.19918488136275153
27,-0.3413457732792427,2.0490306712207627,1.2876061355699404,1.3471276600320008,0.0257037821268697,0.3683119946647585,0.0234673088206642
21,-0.3789720202661395,1.6791369236573206,1.462443977054841,1.5690030393654422,0.1007805563921359,0.0074328860633353,0.1001298700358292
1,0.10002393377343033,0.20522609603302686,1.584774156161819,1.5664678523001916,-0.02370699623876926,-0.19917652135332345,-0.19918654451538004
4,-0.0321610618316893,0.0687073463471728,2.202614136065051,1.3641479092370137,0.1993998544496944,0.1273427213311907,0.1427890114240218
47,-1.0256194447086262,0.7684934020527943,1.25460676484771,1.3369951849237425,-0.2000000099920897,0.6148477335903989,-0.2043815131385972
0,-0.0333333333333332,0.2611111111111111,1.5707963267948966,1.5707963267948966,-0.023504231910695932,0.11620258918021101,0.11620258918021101
28,-0.360833669794058,1.9910167218068573,1.4413565709367648,1.2498020406158454,-0.0055300361030042,0.2306279376724645,-0.0010380736661422
2,-0.055465326272731555,0.3028874487054799,1.5707642729839284,1.585462988180265,0.4855723972832307,-0.12345942103619853,-0.12415978777210698
15,-0.1398789778991088,1.050745514767311,1.83422540638721,2.041579619244946,0.2000000099539928,-0.003436154411414,0.1957865566519384
2,-0.03427214921797512,0.5329405562123637,1.531763961601313,1.5841524240380491,0.3715401713272194,-0.09293678663413013,-0.0947548325267355
28,-0.3308682800663612,2.061300674290258,1.505084283988292,1.2689241637842243,-0.1998255843608461,0.0624036617953985,-0.192819072634555
7,0.013658187800725,0.3702894273365461,2.286289341215715,1.9013332174569084,0.1999698097985232,-0.1764812747970864,0.1787078033879698
40,-0.8736280406294816,1.3083015462921086,0.6895374311025537,1.0519576515451985,-0.1999998962961716,0.2900008571099993,-0.1972898438673173
5,0.10352303662333853,0.127418420631595,1.9796159575369696,1.6026221648488637,0.1753842269333051,0.19996354428407304,0.1923775722708411
7,-0.1158341404084418,0.33841088372530376,2.0645817970810603,1.7473215063033851,-0.10540320069108809,0.19980521233376483,0.18654546019595597
18,-0.3126051161915864,1.3318392959598475,1.6520656882449982,1.7736564283312586,0.1998740863885059,-0.2660979556824936,0.2016259439531553
0,-0.0111111111111109,0.2611111111111111,1.5707963267948966,1.5707963267948966,0.39046927336936577,-0.19978799360956215,-0.19978799360956215
18,-0.3522624459099265,1.5231567031763658,1.4737505114765517,1.6968940928478156,0.1997015061099414,0.0197723210562618,0.1943126737183429
33,-0.5355137435822519,1.7182808623992158,1.0761446590010029,0.9074028839929356,-0.1999886268796415,-0.0504552999103593,-0.1979955166895056
0,0.1000000000000001,0.3277777777777778,1.5707963267948966,1.5707963267948966,-0.3521421311467152,0.18248983633270013,0.18248983633270013
7,-0.07697612466933966,0.2009866033339209,1.6558645824578146,1.5578524574117631,0.4548534839403864,0.2000000099640021,0.20349112238410597
20,-0.3436265732564907,1.4751675535441262,1.5637183105970252,1.7397097656511262,-0.1149163266100129,0.05006322161311721,0.05130192197947668
41,-0.9296642043634724,1.1422868426764343,0.8408103128421209,1.1448491243139065,-0.1999999900517974,0.2221585259077536,-0.1974779183073892
1,-0.0153746806466341,0.1429362056094527,1.7549716634643362,1.4647641532010192,-0.1674792731704697,0.3372194960760835,-0.1508264746735924
46,-1.025598214391834,0.8487250794399536,1.1930400922894506,1.3683358058041948,-0.2000000099199235,0.2806830095526172,-0.2018301045065481
21,-0.3626332265380039,1.620474191526274,1.4557885843026035,1.597170023843236,0.199881692693408,-0.0318585235102805,0.1983362506763525
4,-0.0359750499076695,0.2945047801789367,2.0179096702511794,1.4026527631713188,-0.0914285086298519,0.1585819413853265,-0.0655099761518699
11,-0.1956433159484502,0.6741724680889545,1.7624667900969797,1.9978001854919527,0.1999664175031129,-0.1217518508898815,0.197293528720068
0,0.0333333333333334,0.2611111111111111,1.5707963267948966,1.5707963267948966,0.37262003338215405,-0.19994217494671665,-0.19994217494671665
27,-0.3285184369685572,2.0937981698877914,1.315727779451576,1.3364860738982631,-0.073603010053391,0.3036540135921657,-0.0742174412786758
18,-0.3579981279044094,1.3211431759045866,1.6136691696673082,1.668968990423228,0.1998562184470808,-0.0064989232500326,0.1995866297587923
0,0.0777777777777779,0.1944444444444444,1.5707963267948966,1.5707963267948966,-0.22411229162877597,0.17241837809627755,0.17241837809627755
0,-0.0111111111111109,0.15,1.5707963267948966,1.5707963267948966,0.3758563771522168,-0.19982546476363616,-0.19982546476363616
17,-0.3533458905987653,1.2349948939838782,1.564287601158154,1.6893007729982508,0.1999705260634616,0.1193368151194364,0.196921976544064
9,-0.0423759295004195,0.4783364781176325,2.139985047540617,2.0396363192603992,0.1999881748906302,-0.4017043057892014,0.1949578027181185
39,-0.826908695241762,1.3470868615990952,0.7520808960622669,0.95654719398221,0.2000000097407531,0.2352524649019804,0.1910572330378136
3,0.0773301916747103,0.3601508415070651,1.475337687722159,1.597142894246554,-0.0979313831606764,0.5381121646364679,-0.1037440917658036
15,-0.3077611088608835,1.0452108936627649,1.6328335430551255,1.7899562076132385,0.1999718062128071,-0.0358840187935724,0.1980699773596682
29,-0.3604063533729545,2.0051639837865456,1.5040252681451165,1.20939788454678,-0.0589355374156517,0.0712379447614867,-0.0543273982734319
2,-0.0133822423303322,0.2914574066819329,1.790220320949099,1.470195408125334,-0.1991013098595187,0.2459239757420622,-0.1812559272570058
12,-0.1678734542641267,0.7872155989437654,1.8101083746465283,2.039502877701384,0.1999910779067044,-0.1773791695484416,0.1987855510830583
3,0.07700355067169219,0.30018201363427316,1.4610921897524518,1.5848310029581083,0.27102095703255097,-0.19974145069056137,-0.20155928053589714
25,-0.351866263076271,1.9225860817828195,1.2287069583104024,1.526487508969904,0.1999462731575684,-0.1543865238598626,0.1956763308585311
0,0.0333333333333334,0.1944444444444444,1.5707963267948966,1.5707963267948966,0.36809782327613144,-0.1998775181082128,-0.1998775181082128
41,-0.9575565962373002,1.199099017278238,0.5390372043610918,1.194920269767441,-0.2000000096125119,0.1688830337648382,-0.1688014351139853
49,-1.1025312938611018,0.5972239313748774,1.7745895098406086,0.9277503498970616,0.2000000099756638,0.6765929422690914,0.1831606152071678
0,0.1000000000000001,0.1722222222222222,1.5707963267948966,1.5707963267948966,-0.34015337082150215,0.19977933404653134,0.19977933404653134
4,0.05521110305076494,0.2041612865324087,1.8699917780968622,1.4655429195052099,0.45869539910217066,-0.001226597539594401,0.01692258611199916
33,-0.5153116474408375,1.7421524602080172,1.1422645131637292,0.9134357743396764,-0.1999963746983589,-0.1172087384226081,-0.1974417461317155
47,-1.0399767241179076,0.7432975348808126,1.4986500413382955,1.289467204862275,-0.2000000099309572,0.1879529179227112,-0.1917371545815504
2,-0.1085167068424913,0.14040892304267055,1.6787341135394636,1.4660197073891763,0.24332678097881952,-0.1998780946285836,-0.19023616908762597
0,-0.0555555555555554,0.15,1.5707963267948966,1.5707963267948966,-0.1997542636124926,0.2780741915179222,-0.1997542636124926
17,-0.3089979146920392,1.2512133151320437,1.626516616039973,1.7884859962869208,0.1999910821184733,0.0138033192241962,0.1971509257818534
26,-0.36822067737116626,1.9664106486049218,1.249488293233,1.4837693914429382,-0.21845425254012193,0.06508406091279524,0.06837734043638002
1,-0.07771964277793594,0.29474597547190334,1.6029146994140486,1.560893094380083,-0.12766555961359843,0.19941916314133062,0.1987068070435212
14,-0.2417074640245929,0.9413835559455312,1.7156032745712448,1.9151102412392216,0.1999918883943041,-0.0879916120395959,0.1977688026096817
15,-0.3007197535398951,1.083581563663007,1.6748590925975184,1.7815612803084913,0.1999861611082031,-0.0854502003269358,0.1997588271112755
27,-0.3259242168232736,2.081065099262889,1.304181811246842,1.342319271761653,-0.0028700992691983,0.3693206359968002,-0.004276165998827
13,-0.1870384133239763,1.007900251525142,1.7521009040694238,2.0240796645962806,0.199982328988662,-0.0674869849122671,0.1944441777687759
0,0.0777777777777779,0.1722222222222222,1.5707963267948966,1.5707963267948966,0.06614241123843782,-0.19983989605253327,-0.19983989605253327
1,-0.10003386447610892,0.270472014646045,1.5857376838710646,1.5653824823788756,0.32964821111193243,-0.1998406436460764,-0.19912828542607167
0,0.0555555555555556,0.2833333333333333,1.5707963267948966,1.5707963267948966,-0.24815191941342127,0.14256461163591808,0.14256461163591808
20,-0.3033264831459129,1.5123086244519053,1.6882455208982812,1.7728596674039492,0.0674746673376495,-0.1948174507113575,0.0688797320909038
7,-0.11669304046148674,0.5136681978454963,1.8531256808489873,1.7109836496924418,0.23426737746731477,0.1994250242791772,0.20073250906784498
8,-0.0583751590795371,0.4079914944436872,2.110618605822909,2.029601300562569,0.1998179604143484,-0.4040129393144261,0.1958929117390386
40,-0.8886374490067386,1.2284843581981744,0.8486005551167302,1.0094148436784205,-0.1062020259578288,-0.2092470891419894,-0.1014812180117566
0,0.0777777777777779,0.2611111111111111,1.5707963267948966,1.5707963267948966,-0.3450117782622278,0.1715896042371206,0.1715896042371206
35,-0.5893516866174874,1.6408946683321906,0.9391705464919862,0.9106605883883264,-0.1999999185135658,0.0603701042304303,-0.1997465506821911
10,0.0618785937971677,0.6883577135272899,2.1712346565311966,1.8712775411432996,0.1999803661227965,0.0903626649848858,0.1937211042268893
0,-0.0777777777777776,0.2388888888888888,1.5707963267948966,1.5707963267948966,-0.2955083058288543,0.19990706399673244,0.19990706399673244
1,-0.055401797365404445,0.28948771760867265,1.5890212627735476,1.5674456427363634,0.23834904469368984,-0.19976041956873689,-0.1991997134522855
10,0.08860547912023857,0.6241066243153093,1.7920227405291538,1.6632217286653537,0.5186166875422515,0.2000000099614475,0.2050047133449377
1,-0.03324711790713036,0.22821552961494337,1.6177951730643905,1.556316380387158,0.3797664184246598,-0.19992935917765833,-0.19721835986160208
32,-0.4575349033660293,1.835391205200139,1.4202307790627944,0.9671113950625246,-0.199875850266937,-0.4143061472533397,-0.1978427321231624
23,-0.3791330720542152,1.6711523654564338,1.43159448834413,1.6316006879845992,0.1751529972604131,-0.3881873462507581,0.1793737107832867
1,0.0289918521804686,0.0541581418687432,1.7587144929786138,1.4626327352333102,-0.0599711047149841,0.3719945926700155,-0.046507725018711
1,0.05560707917428644,0.3529973140026987,1.5770680150624852,1.569605687082193,0.21180439667476456,-0.19983925152672605,-0.19967563347375647
23,-0.3404314321421714,1.8600765021417145,1.253998109670949,1.504824798015887,0.1999274243776833,0.0265390463147947,0.1930124963456446
4,0.07822761873348888,0.26384416675984934,1.5342562469330172,1.5879784426642203,0.514603106414818,0.017880168802135946,0.015091141974536875
35,-0.6506766741320017,1.6117731028384978,0.949589221619254,0.8477661805360297,-0.198977219756458,-0.0341593073102556,-0.198293839276146
20,-0.370396695533049,1.557422234160064,1.4434691143052882,1.6525860143820454,0.0118394717632371,0.0301732751423967,0.0109551589385977
3,-0.1023512348196022,0.5758934218177729,1.1454176631771116,1.4986357513046955,-0.1003985733243735,0.7857605964830183,-0.1213813575108943
27,-0.3347836386502985,2.046391778151883,1.33651024463687,1.325474688157407,0.0251242784637182,0.3549025746802884,0.0255143954091683
4,0.07871704941428459,0.21393678027709742,1.7933777928879069,1.6173314571558224,0.4666969534858856,0.061827891863096444,0.06904592472081461
43,-0.9971535341923862,0.9548458062206971,1.0737383949355988,1.3162995385095988,-0.19999997900995,0.0224839800240482,-0.1946852212446695
0,0.0555555555555556,0.2166666666666666,1.5707963267948966,1.5707963267948966,-0.13305147877539275,0.1494447317724843,0.1494447317724843
47,-1.0393386699712308,0.7442822435675367,1.5215902726970354,1.3118465693507138,-0.2000000099427076,0.2393239406170792,-0.1906339264932952
1,0.09983861478749731,0.17620893263329498,1.5909811156478266,1.5621683043887717,-0.24765188455631756,0.19829437604125486,0.19749861593668736
10,0.0289262417961314,0.5945296216929834,2.179406470662913,1.9674328125615468,0.1999957115484562,-0.0997169703019895,0.1934213805874566
0,0.1000000000000001,0.2388888888888888,1.5707963267948966,1.5707963267948966,0.037091147065255986,-0.19979443148239204,-0.19979443148239204
0,0.0777777777777779,0.2833333333333333,1.5707963267948966,1.5707963267948966,-0.3792818520132476,0.18031257198932615,0.18031257198932615
1,0.033333823402853964,0.2611621391266182,1.6072788695481162,1.5586372186739348,0.429248769366571,-0.12029454179908435,-0.11806514717064968
10,0.09013088724039996,0.5789598836088938,1.7837063829090933,1.6542353492516149,0.5273749656043767,0.20000000996516654,0.20513499352644354
29,-0.3560164481377457,2.0347033876905347,1.4767878478218552,1.2535072624566246,-0.138796081167489,0.1328226213926823,-0.132409555127743
40,-0.8867747200707714,1.2520051944285753,0.8686470037549405,1.0346188460912602,-0.1796680761265364,-0.1871273637413455,-0.1741075765789965
33,-0.4885065296757722,1.7711051892455,1.2789763849089564,0.899576268072867,-0.1471944887847843,-0.4380871624924894,-0.1529521850424485
37,-0.7204045564344586,1.5186296746984618,0.9307605461521667,0.8344575737605358,-0.1442430602401417,-0.2907364934690884,-0.1463702560763896
14,-0.277442325091414,0.988177440887975,1.6390208731947655,1.8442199703218591,0.1999551861477875,0.0716764388055057,0.1942997193633656
15,-0.3297363047051973,1.034943891564626,1.615470235528372,1.7408929370821904,0.1999862279465348,-0.0259744586745791,0.1987402370248349
43,-0.9120136188029534,1.1536873498090172,0.7645311528267791,1.213172014030315,-0.2000000099582112,0.4969933732449194,-0.2017641539652838
14,-0.2784458500810605,1.1328488788640292,1.631742413328343,1.8480693164125312,0.1999915222306205,0.0933681617338313,0.1933261206276156
43,-0.992591243700373,0.9838618280332914,1.0347169317616118,1.3139735463378903,-0.1999999870586949,0.017674605577923,-0.1927392946994884
0,-0.0333333333333332,0.2388888888888888,1.5707963267948966,1.5707963267948966,0.12524897720683725,-0.06524887598343333,-0.06524887598343333
19,-0.364408481612708,1.5533903176320278,1.5070334748285878,1.6703508360058366,0.1145877173705738,-0.3357238809349089,0.118521549382323
12,-0.203583527350201,0.8089820816850832,1.7789769937019662,1.9316883493543,0.1999722586946763,-0.0913784991053636,0.1990350702822623
7,0.05592421706645843,0.3572982514798242,1.6359757083144526,1.5554620849100025,0.5931639454301977,0.19987492422837186,0.20399805489968975
37,-0.7688468172602442,1.4547680957921565,0.8958931046189023,0.8773442346335576,-0.1999993442985826,-0.3116720742152415,-0.2005430226677328
25,-0.3586920075660482,1.931641620914035,1.2542121697379294,1.4523786553530538,0.1999357086747017,-0.0972904054387439,0.1979381815524507
1,0.09999279198685002,0.23329394982414242,1.5783395153146724,1.5681875363947717,0.03777695691146285,-0.19993750307760083,-0.19988884969077508
13,-0.0901363047396743,0.8640694370673125,2.03288671939544,1.9588338133338448,0.200000009967011,-0.1749716439935416,0.1981573452597424
0,-0.0333333333333332,0.3055555555555556,1.5707963267948966,1.5707963267948966,-0.1929509034631797,0.19945797042985705,0.19945797042985705
34,-0.5706624739988175,1.6650551956086432,1.10070505578447,0.8658050772586299,-0.0312553834940262,-0.3234828606669744,-0.0379259613292421
38,-0.8046096661721662,1.416968125607276,0.7543201365734664,0.93822211416375,-0.1999998806020814,-0.1579794017560255,-0.19373848562086
42,-0.9544418535401136,1.1324325214312672,0.998606348871098,1.2432633924242225,-0.1999999491023651,0.0282922152491186,-0.1947293456634085
5,0.07834736193691648,0.2578428200809854,1.5212595360961298,1.593581249804804,0.6226858141684027,0.13791729264424482,0.13305732065235318
31,-0.4255300770446231,1.8809622824257983,1.482077300957249,1.0094075455218536,-0.1999741329730805,-0.271828190387589,-0.1904235568855957
38,-0.7781058375995848,1.418407215032484,0.8087761897137113,0.9006918920291213,-0.1999998978871153,0.0320931250567747,-0.1994502143498957
40,-0.9078087988703476,1.2298146905263403,0.7024953437121138,1.1722785721892526,-0.1999998511099817,0.439591956368435,-0.1982331757667376
37,-0.7316132808309782,1.480002365581864,0.8362706736739843,0.8959918257618933,-0.1999999896948979,0.047492236776049,-0.1999268946465047
44,-0.9285946100846402,1.2242533070582031,0.7033474136786344,1.1037332838451432,-0.200000009997161,0.0917401830909326,-0.1877579325831476
16,-0.2983741518148077,1.2277351215672356,1.6583342140832626,1.801585705819453,0.1999730282833579,-0.1227197988103585,0.1996766854351464
0,0.0333333333333334,0.2611111111111111,1.5707963267948966,1.5707963267948966,-0.1999421749467934,0.3726200339689626,-0.1999421749467934
4,-0.0788750155679672,0.2446122286992701,1.8709932975083852,1.4598882963567434,-0.001720053949606,0.3251207048616923,0.0114158163083082
18,-0.2942263524670741,1.316290704934593,1.6096255650799765,1.829784126610158,0.200000009940437,0.1177861862578802,0.1926003104566769
1,0.0769623392352611,0.072430740701797,1.6038675324141138,1.5515483302437338,0.164984330833699,0.0074686376219867,0.1647976341139958
2,-0.0977897374964942,0.2398604633715644,1.7926769362586343,1.5413260130528426,-0.1999581811893239,0.2199839898685721,-0.1882036777212956
2,0.0398574903688271,-0.0417197080425763,1.7026145304677955,1.4018393022550513,0.1999530482932664,0.4672797908477683,0.2048202421888156
19,-0.3663175795392718,1.4469742483947603,1.4636777048428768,1.6759392506921156,0.1998210679252663,-0.1498358885589922,0.1984930892247414
37,-0.7428535854913384,1.4892348303638046,0.962214915327869,0.8387885060091864,-0.1890517029839735,-0.4164306521628005,-0.1927403297126892
43,-0.9917599670617628,0.993925238505559,0.8848541486088359,1.348386448653202,-0.1999997554346951,0.376475728059103,-0.1957281552833382
0,-0.0333333333333332,0.1722222222222222,1.5707963267948966,1.5707963267948966,0.019629576006228052,0.1873025034132022,0.1873025034132022
34,-0.5835801514933637,1.6653492951956024,1.0744871229711244,0.8852206328743643,-0.1999803857121731,-0.1070820432159481,-0.1984238620009446
45,-1.0352855996512762,0.7617289368817954,1.2865007917727724,1.395609446386808,-0.1310073747660804,0.4611026033729604,-0.1352493986812442
38,-0.8066589798218498,1.3741708232151375,0.8599670200479277,0.9141444430115664,-0.1999998889320432,-0.2793023897383058,-0.198193993337775
38,-0.84857256009031,1.3298961561035687,0.7890200187491416,0.9859113033238208,-0.1999791789183697,-0.0403070724431289,-0.1953269771869387
11,-0.1972685650308588,0.6510200602657437,1.7746516510570034,1.9680501262611845,0.19999043495334,-0.1229304893271076,0.1986246238684152
0,0.0333333333333334,0.15,1.5707963267948966,1.5707963267948966,0.37583633236717956,-0.19988553706488105,-0.19988553706488105
20,-0.3018540573596296,1.546745695186197,1.543369893557144,1.7064039424398758,-0.11187132485677827,0.1541795311653375,0.15395082645594887
24,-0.361463504676755,1.8476177467095245,1.2762662462707546,1.5627060605239955,0.1998994968831262,-0.0711052606121799,0.1937637606805569
32,-0.4565074028208517,1.8291504241106944,1.4322111450882955,0.9562400619188614,-0.1999713599463532,-0.51462850209105,-0.2013245521261445
0,-0.0111111111111109,0.3055555555555556,1.5707963267948966,1.5707963267948966,-0.1997494250847725,0.3681730098427586,-0.1997494250847725
38,-0.8064507175100133,1.375813014559021,0.8484381779237387,0.9834051158702644,-0.1999987513681958,0.0017947413757302,-0.1982040684227201
7,0.03755787274956378,0.5578621320138345,2.2370836356339616,1.828943009757848,-0.05304574585050486,0.19998631546605747,0.1814541161616329
1,-0.10016540236355839,0.23301302361005408,1.5399565967407565,1.5785436859877224,-0.23982826042620725,0.1998323293636781,0.20060877411583347
2,0.09263440997379392,0.04982729314168073,1.700670900879909,1.4640988998453157,0.3542592238671202,0.022529317266352326,0.03020463692101212
14,-0.2777932720085708,0.9348912603105728,1.672899843708327,1.849848474658116,0.1999811725306459,-0.0612773505433776,0.1979371907437842
4,-0.0062703454674291,0.1058492037621536,2.099083436586298,1.230248188733924,0.122916783453758,0.2474498416191234,0.0982640879850154
0,-0.0555555555555554,0.3277777777777778,1.5707963267948966,1.5707963267948966,-0.15973085538250706,0.027544650378791093,0.027544650378791093
28,-0.343161600211379,2.0458886317889684,1.466550895335415,1.2650164905836212,-0.1088980157152018,0.1056585606600339,-0.10457898537953
2,-0.07765114582387889,0.2836135649064885,1.5960409874704222,1.5642595724917805,0.40393040607973213,-0.09153764088013908,-0.09020788370581517
8,-0.0237158660189278,0.441516552934363,2.2216551241296294,1.925108512877076,0.199985916541894,-0.2246770856575465,0.1846913004618083
0,-0.0777777777777776,0.1944444444444444,1.5707963267948966,1.5707963267948966,-0.20553646666327713,0.19992106105418703,0.19992106105418703
32,-0.4550650352880021,1.8305200171754623,1.4315600731210831,0.9528047866214812,-0.1999900792422728,-0.5242428781299696,-0.2016555446932415
18,-0.3392543589886712,1.2960993002017156,1.6553462822074778,1.6912748103268689,0.2000000099504151,-0.2197205782132189,0.2006601917851952
43,-1.0000761809924104,0.935058787268096,0.9617272177777504,1.348718143671353,-0.199999939689147,0.5264079793024059,-0.205076546836333
35,-0.582876067410412,1.647497157279885,0.9404766140506632,0.9141090443657472,-0.1999999187025198,0.0919641392155575,-0.1996879388979019
33,-0.5113419330229945,1.765031659765308,1.2579794390660055,0.8761347411581502,-0.1358581366211388,-0.483581134055847,-0.1440932993827717
10,-0.0278985057113259,0.6226246895952897,2.1357763669925784,2.096726156930032,0.199983199317949,-0.3816911824623124,0.1983406063167727
5,0.09915649523896486,0.2670618997528955,1.573389357444536,1.5875042190910678,0.5354562581921424,0.06257546938825079,0.06181347205308092
0,0.0777777777777779,0.2166666666666666,1.5707963267948966,1.5707963267948966,-0.23589875468743174,0.166616393543175,0.166616393543175
0,-0.0555555555555554,0.1944444444444444,1.5707963267948966,1.5707963267948966,-0.09382804398824439,0.1331731943034651,0.1331731943034651
17,-0.3215284805733163,1.4195955467605688,1.627737575448878,1.7568061664362165,0.1997027959534675,-0.1676383845588137,0.2001993918836112
45,-1.0158948448167195,0.8602829804713721,1.2902750408521526,1.3687359880819423,-0.1999999935764465,0.0643490950666093,-0.1998890685508554
9,-0.0214717337147184,0.526386698572413,2.172419447338597,2.0408063949476576,0.1999739773571661,-0.2947482098706866,0.1943764204425535
16,-0.3020411115126191,1.127590096564003,1.6150692628862322,1.8096071845269248,0.1999659156203882,0.0272568558125897,0.1956670675935381
0,-0.0333333333333332,0.3055555555555556,1.5707963267948966,1.5707963267948966,-0.1929509034631797,0.19945797042985705,0.19945797042985705
1,0.099542215822327,0.139032077306819,1.5893419003275326,1.5600010028620743,-0.1998461192891534,0.0182200911956064,-0.1997066511582748
0,-0.0333333333333332,0.35,1.5707963267948966,1.5707963267948966,-0.20346872518089917,0.16655774522580905,0.16655774522580905
9,0.046046398598284,0.4908870142398314,2.051167441816094,1.835093226727584,0.2000000099936611,-0.1674341932110069,0.1917596043501051
10,0.03249561527468784,0.6081584961072248,2.0302598243036964,1.8253955030132678,0.18998223717006302,0.19998791126276347,0.19967077383149937
0,-0.0999999999999998,0.2833333333333333,1.5707963267948966,1.5707963267948966,-0.04788100321313902,-0.018543770885689967,-0.018543770885689967
11,-0.0156638669871027,0.6770377025825827,1.9604273574387896,1.9496443218476065,0.2000000099514346,0.1921238872582572,0.2001955465346074
7,0.10088488988509031,0.33145735815591837,1.6938495552775006,1.582442288548752,0.5251795590359136,0.2000000099607472,0.20459892150365128
40,-0.8894391701199612,1.2304852539258884,0.915701814969784,1.034048782707509,-0.1378869447532676,-0.2271239101259079,-0.1342407762241051
32,-0.461223597377328,1.835387090016396,1.4243300118247495,0.9720981517309836,-0.1999737517678931,-0.4500859305264738,-0.1995387964432063
7,0.055031996466150014,0.4367569914539688,1.697210580866261,1.5939351675381694,0.38165627627759185,-0.028020000540434423,-0.023936137263842125
3,-0.05547228193933605,0.3533886744154747,1.5753147649255137,1.5712500672407954,0.5346686856774973,-0.06565259275882772,-0.06543472435270514
6,0.05491329885459573,0.3013788311709023,1.623824588083897,1.5461592160986617,0.5575072396798231,0.16188101124378565,0.16571857985940516
0,0.0111111111111112,0.3277777777777778,1.5707963267948966,1.5707963267948966,-0.1997446137441867,0.402096040717903,-0.1997446137441867
9,-0.06283140691716844,0.6225859949232672,1.937498830326466,1.7893451960026838,0.20014001385190988,0.19996524732781168,0.20072900168970267
2,-0.07796196473149002,0.16878727106411226,1.6162886825066547,1.5533172406534586,0.4902997259628794,-0.02251901753101027,-0.019388935848274502
0,0.0111111111111112,0.2166666666666666,1.5707963267948966,1.5707963267948966,0.40713233358740925,-0.1998444228098391,-0.1998444228098391
0,-0.0333333333333332,0.3277777777777778,1.5707963267948966,1.5707963267948966,-0.22463226426900082,0.19927976270050665,0.19927976270050665
42,-0.9535892046685291,1.1135576491653665,0.8549237402796939,1.1628493395810453,-0.2000000040332995,-0.077647312837326,-0.1882395168381647
5,0.0711512344475881,0.2859116769994117,2.067058139989512,1.3263690970695623,0.1446236960212669,0.3091265158482439,0.1275925847337223
41,-0.7733337757752836,1.3619082378582723,1.0063064093173482,0.8984658284387017,-0.2000000099704337,-0.1611518694505709,-0.2005726820730495
10,0.050247674257968,0.588206771179048,2.026306495457278,1.839543477265401,0.200000009993815,0.129545815416511,0.1989274903373162
11,-0.1859955055664172,0.6704511986777053,1.7717216431466567,2.020815888863447,0.1999896675828131,-0.1276607527459591,0.1969643815769681
13,-0.0087108834159022,0.8220298523315243,2.085265579250641,1.8939668090265371,0.10292843644148587,0.20000000995768263,0.19830865521094437
22,-0.3633117076855974,1.7197701224141595,1.4398593225474636,1.5593117722939194,0.1993242701632642,-0.1145130638585069,0.1992685283685308
3,-0.0173523251766368,0.0707952973342292,2.063986811889708,1.3468059749017656,-0.0050458873610118,0.2435738242599778,0.0122063044932819
1,-0.09998959693804124,0.24124912242324872,1.5973471431669335,1.5620840472061932,0.2837942255903063,-0.1995269173836879,-0.19840233686869047
20,-0.2922095471576544,1.663116842069853,1.415785279735954,1.5999252680459635,-0.034261167445176995,0.19986328289768762,0.19711173672548066
47,-1.0310685610910408,0.7724276606331827,1.647270171971627,1.3166695795319598,-0.2000000099780997,0.0406667562648925,-0.1878494321870036
1,-0.1016470736091897,0.2819799581833392,1.364392575740772,1.611903415954096,0.1993936301350392,-0.1436283751062582,0.1968359305096454
12,-0.1316432591681495,0.7853982530796445,1.8619150878481976,2.087115708263149,0.1999778169754437,-0.2028486142603812,0.1994578911924777
44,-1.0130542785947236,0.8773820427327246,1.12968661134514,1.4072925442879436,-0.1203303475568199,0.4834169393616832,-0.1289716515893439
49,-1.0876925863823517,0.6221909046943993,1.758771836494771,1.014292355512369,0.2000000099724664,0.7035984831683804,0.194763213026632
4,0.000562327833797,0.073838552442183,2.141745316714226,1.2698060930795076,0.1880151748633212,0.1976692315253234,0.1360913920070953
36,-0.6157672082281277,1.6272837384415846,0.8870469585423351,0.887541270319232,-0.2000000090253455,0.1763207686078641,-0.2000087003338201
12,-0.1899251901155093,0.7590850452203954,1.7735708015424505,2.005739278135514,0.1999774773939719,-0.1590592035071454,0.1982717972355498
3,0.0051005261136582,0.0597276867885825,2.0005843696822154,1.1606607953766903,0.1998626188626533,0.3128049263504745,0.1567034500347404
42,-0.9703325729211772,1.0541826374296557,0.8496356646284249,1.247075644425628,-0.199999987434168,0.1465260830524346,-0.1900823930078425
3,0.0361732148837619,0.1509385056615175,2.117037970449174,1.4320935688669971,-0.0746865084014531,0.1419950112416812,-0.0488582519776775
41,-0.9079522857539022,1.2047391365472413,0.7230733480968659,1.074081903359713,-0.1999999882680971,0.2169121864020873,-0.1952636877240777
1,-0.033701512354011774,0.4052813491847451,1.5333414720979075,1.5758296467569504,0.44887670846264743,-0.09292441794163092,-0.09474717631409091
24,-0.3759020066635272,1.8301014328751524,1.2219428473698466,1.5392020326780549,0.1999450409105096,0.02432275279419,0.1892078061518566
7,0.0571685817041475,0.3325014477644678,2.30784483929474,1.7270257370691322,0.1999882787224526,-0.0534988177940094,0.1642573694478928
49,-1.078861752703566,0.7069114125611389,2.1807739345482755,1.0188645458075765,0.4636877837149573,0.2000000099060833,0.12206397631682292
32,-0.4604002640682224,1.8532614548533952,1.4275465553595563,0.982708811812336,-0.1998396835233,-0.4583048907460321,-0.2001127679031005
0,0.0111111111111112,0.35,1.5707963267948966,1.5707963267948966,0.4129433273309255,-0.19930205602238565,-0.19930205602238565
0,-0.0777777777777776,0.35,1.5707963267948966,1.5707963267948966,-0.3960369384522841,0.1994508462494476,0.1994508462494476
1,-0.07765258397766389,0.17335860741760936,1.6065599406745772,1.5606825390821175,0.34524646353754285,-0.19985866338769315,-0.19806502990691782
41,-0.9428072270352096,1.1235103979970666,0.8572564761610664,1.224864381238025,-0.1999998746506096,0.3571844556751907,-0.1994744665940597
3,-0.0432578917947817,0.0523111110637485,1.9761879427641291,1.1408671511122075,0.1999187546253688,0.2810242794789213,0.1549717399401456
4,0.10157750433529757,0.4724387147994446,1.8303307267513613,1.598929259616746,-0.10923869854437751,-0.19971498489450626,-0.19689706952524996
36,-0.6687602146132805,1.5452186346347443,0.9647949998833912,0.8715132323120884,-0.1999998988753313,-0.2438391200690586,-0.2014016584318113
18,-0.30609096682916503,1.2933348983698685,1.652213669421755,1.8105697843794828,-0.2254302013436916,0.20000000996406503,0.20105250377280212
4,0.07646861070082481,0.3488925964922403,1.4267396348461396,1.5487362968795435,0.47364581344618906,-0.13592501591422618,-0.1406787693842692
4,0.07649126223196898,0.29417770161711165,1.4465705024182167,1.5880714203035649,0.655452676400541,-0.12049537254796107,-0.12853487008875403
3,-0.0782828000220128,0.5130556179544465,1.6055867749788186,1.5056179979247566,-0.1872677509428119,0.3586068483884952,-0.1827537952440797
28,-0.3297466972237833,2.020442914920235,1.576619059992086,1.2072584391337726,-0.1241365953427708,-0.0174214852505738,-0.1163935694625388
24,-0.3587155373748765,1.803638289113182,1.2129851473931068,1.624695230802188,0.199970357917612,-0.1205845696367889,0.1880859185709132
24,-0.3416137949785883,1.9628066279939207,1.2798421963168454,1.452675176043574,0.1998140384881795,-0.1250804387955444,0.1989881694388739
34,-0.5829194921147793,1.6589995429911224,1.0707695921525122,0.8588410052138843,-0.0457607938519327,-0.2989730878715867,-0.0510257616984705
14,-0.2432522130634353,1.0377812859429916,1.717049076648236,1.9008131240466095,0.199972103995684,-0.1114875980309425,0.1986423734319852
34,-0.5792718616492745,1.6726085427363675,1.1002725743894843,0.8511652366708844,-0.0506458383962252,-0.1519149338041715,-0.0528278422339419
0,0.0777777777777779,0.2611111111111111,1.5707963267948966,1.5707963267948966,-0.3450117782622278,0.1715896042371206,0.1715896042371206
0,-0.0777777777777776,0.2166666666666666,1.5707963267948966,1.5707963267948966,-0.15248996489396008,0.19994027393048325,0.19994027393048325
0,-0.0333333333333332,0.15,1.5707963267948966,1.5707963267948966,0.27462461624983053,-0.19975498186773072,-0.19975498186773072
40,-0.9190593666679516,1.252185231463064,0.6752953861297063,1.2064578356153195,-0.1999998868613911,0.4186493199336979,-0.1936497624911754
43,-0.9935183556480855,0.9786613173054752,1.0412485590124656,1.315412383875422,-0.1999999856752157,0.0209643924745411,-0.1930979649335569
4,0.040632468940347,0.1297286858105682,2.05353626042494,1.2290420085750822,0.1060777652917947,0.2315969280618424,0.0890231557085176
12,-0.2281011735357816,0.8009309665428325,1.7106343776086057,1.943127795351768,0.1999705933125236,-0.0381065551489442,0.1954683620821762
4,0.0781441613643361,0.21859033313679044,1.5819252914732012,1.5690302442137576,0.5682930378492785,0.10757929550708328,0.1083031476168322
47,-1.0233079191737229,0.8112059799993319,1.6058186772412235,1.3341006732331804,-0.2000000099751355,0.0705062010893195,-0.1907699619306088
5,0.030584661536242,0.1461718772001425,2.226646771197092,1.3980382463771983,0.1999584802441655,0.1486886017841955,0.1461105454505902
2,-0.08334821234445655,0.2333025980143473,1.708134603134404,1.4724416044681274,0.2784723877520314,-0.19981762926545538,-0.1877904205692446
1,0.09990188614867174,0.26060323054228934,1.5942910882320742,1.561746623768737,0.006544213992444817,-0.1997433174287785,-0.199616254444977
25,-0.3468439107303028,1.9901560129445788,1.2251719264315688,1.435057968128283,0.1999417034399299,0.0446047070696656,0.1946245834693347
45,-1.0251284599218151,0.8153738604797386,1.341916813810243,1.370116054532928,-0.1999999874738751,0.0703855631126276,-0.2001189286698969
0,0.0555555555555556,0.2833333333333333,1.5707963267948966,1.5707963267948966,-0.24815191941342127,0.14256461163591808,0.14256461163591808
0,0.0555555555555556,0.3277777777777778,1.5707963267948966,1.5707963267948966,-0.2790400847185487,0.14535502198317546,0.14535502198317546
7,-0.09963214808953214,0.35729719147753725,1.7307497652529928,1.5946606390886646,0.38060011696034224,0.17991138561611425,0.18341153407722627
0,0.0333333333333334,0.2611111111111111,1.5707963267948966,1.5707963267948966,0.37262003338215405,-0.19994217494671665,-0.19994217494671665
47,-1.0299852638825664,0.7777429253377903,1.6198790783542516,1.3102125077067863,-0.2000000099637725,0.0611326011592564,-0.1886240944681545
41,-0.951085953842471,1.1199696015806335,0.8970939059772691,1.2094609813932162,-0.1999997224309224,0.0122767108621284,-0.190698775106096
39,-0.8606369548520075,1.2989099036381924,0.790254082628145,1.0866853068794862,-0.1999996495561566,0.235682275111104,-0.1981611647558403
5,-0.0043229304701847,0.1702241941599123,2.118207987295583,1.2287759785538817,0.1996266069851099,0.1745749370627588,0.1392949580660865
8,0.10009381755292425,0.40529027089368197,1.715844290391777,1.5926775063990666,0.5324610177191108,0.20000000994182127,0.20502650341803427
13,-0.13342076921235718,0.933876191777857,1.893259852608593,2.034063355237343,-0.23227513609992498,0.19820014449337167,0.19949838664258443
31,-0.40237090219491,1.920903307142355,1.5339753447091344,1.0857273791876652,-0.1999113167058309,-0.1864671799951783,-0.1882428867262526
48,-1.0576880648901992,0.6928712929214198,1.6519660050289,1.1899557576586417,-0.2000000099626755,0.2559615209640287,-0.1676222110393329
0,-0.0999999999999998,0.3277777777777778,1.5707963267948966,1.5707963267948966,-0.3182789076541286,0.07875920405412452,0.07875920405412452
0,0.0777777777777779,0.3277777777777778,1.5707963267948966,1.5707963267948966,-0.3736574047322966,0.1640131168652352,0.1640131168652352
0,-0.0111111111111109,0.1944444444444444,1.5707963267948966,1.5707963267948966,0.3806528054895435,-0.19993736276202304,-0.19993736276202304
48,-1.0584401591044852,0.6902195273467086,1.652842047985026,1.187383848981009,-0.200000009962471,0.2548508885262285,-0.1672846787743536
0,-0.0333333333333332,0.3277777777777778,1.5707963267948966,1.5707963267948966,-0.22463226426900082,0.19927976270050665,0.19927976270050665
0,0.1000000000000001,0.3055555555555556,1.5707963267948966,1.5707963267948966,-0.3505973243934364,0.17297097277553716,0.17297097277553716
49,-1.0663583665568523,0.7270993121965882,1.6544974296647723,1.244996207876151,0.0650868670999327,0.71951500738061,0.0883530764057167
47,-1.0315289061870334,0.7780056275614665,1.579270496689078,1.3013593631197482,-0.2000000099946825,0.0905391593933299,-0.18984221237284
2,-0.010359581370412074,0.3790902561410137,1.6235373716187471,1.5726747112608517,0.4469997042408421,-0.19976352008018794,-0.19723260139383006
8,-0.0658461654067414,0.5816902615729248,2.189711747211994,1.829675046434764,0.1999432969414927,-0.2245181392064966,0.1792137446754086
46,-1.0577021812127632,0.6625371618598447,1.4890385322865516,1.3089799140406946,0.2000000095978766,0.0661521166407171,0.1979513488098103
43,-0.995491573013002,0.9639544698285244,0.9355665818945555,1.3492092171822778,-0.1999999581119646,0.5166011265423849,-0.2038971608854103
0,0.0777777777777779,0.2611111111111111,1.5707963267948966,1.5707963267948966,-0.3450117782622278,0.1715896042371206,0.1715896042371206
27,-0.3275839601826897,2.100412081621787,1.313181606205692,1.336709579613865,-0.0894247949641079,0.3001628247653853,-0.0901062020047462
9,-0.0727950462093568,0.5155839876253789,2.102734301599892,1.9917048526670664,0.1999033497079698,-0.3961509656076168,0.1942830459401922
39,-0.8386453757261759,1.307285508635766,0.829883004100283,1.0139800479539915,-0.1999999264396905,0.1702453896022576,-0.1997368103440898
47,-1.0210100576829872,0.8186541016772698,1.5448153026657685,1.3643974943490171,-0.2000000099672491,0.1059478078299143,-0.1948526371915806
32,-0.4531625470415113,1.8149046635901176,1.4369891206651235,0.947626691358651,-0.1802156453221887,-0.5595732172700298,-0.1853677083160792
43,-0.8876876436776742,1.3019970305001802,0.7915288784066234,1.0313182424461036,-0.2000000099950065,0.0624430466350587,-0.1957606241231307
44,-1.011808586539086,0.8952078525028738,1.0218203608797038,1.3999603499106896,-0.1999999824056135,0.5694827452487496,-0.2068954486059362
13,-0.2396348348352607,0.8769865231496469,1.6961370765042334,1.92336611375526,0.1999904996515424,-0.0283159270785179,0.1954875159514799
13,-0.2340635220065465,1.0162197066192635,1.702753624177419,1.9218863305620943,0.1999839476201429,-0.1046611900825165,0.1974767597112366
12,-0.1980557056129016,0.7964225920306227,1.7543273728248652,1.9940225733249015,0.1999716441587851,-0.1040099006140024,0.196723794304491
0,0.0111111111111112,0.2388888888888888,1.5707963267948966,1.5707963267948966,0.39981577211291136,-0.1998291862253709,-0.1998291862253709
2,0.05502021969792947,0.2966664112199678,1.5435262216586532,1.5694018076181768,0.42520043648170835,-0.1999160126596978,-0.20094919818828533
36,-0.7301688369948482,1.4884972690730764,0.8755814651474392,0.8973156231079688,-0.1999725821099067,-0.0575352707858791,-0.1998003148609275
3,0.0453294782848799,0.1085926419987977,1.8979393786979903,1.3579580114578742,0.0399435181120819,0.4866589762849591,0.0592803966723212
24,-0.3735381195562963,1.773326991547293,1.3008614940965728,1.5056992669196314,0.1999603438504221,-0.0420645358271556,0.1966355997399571
1,0.0067316369802454,0.0764327994923288,1.7605414477818575,1.461591550852806,-0.0622172336869387,0.36006237588381,-0.0488532250941361
0,-0.0777777777777776,0.2833333333333333,1.5707963267948966,1.5707963267948966,-0.3612153276471322,0.1997182121031899,0.1997182121031899
37,-0.7204069693999562,1.4808933762643024,0.8527874933463533,0.8926910890148615,-0.1999999797358091,0.1069980097511711,-0.2002676184173777
0,0.0111111111111112,0.1722222222222222,1.5707963267948966,1.5707963267948966,0.37949024197419634,-0.19994025095563578,-0.19994025095563578
41,-0.8651228610806322,1.3073894993229198,0.6712917434109591,1.064319002767996,-0.2000000099616224,0.0689404773167746,-0.1873911160827391
8,0.0064720074727137,0.4083187187897033,2.210795804956553,1.939588025081598,0.1999782284675544,-0.1251635602492679,0.1893155598744141
6,0.0849691642839984,0.343191594209596,2.1197157086269782,1.5814051426256537,-0.0316625920889684,0.2664840268756425,-0.0135224746830015
15,-0.2785723434663515,1.086452301598347,1.686455081625413,1.82927239797114,0.1999916722045052,-0.1076530394747619,0.1994877935230975
45,-0.9600959498145324,1.0915221346178012,0.6963631835325305,1.222847377620682,-0.2000000099094401,0.1842836120060579,-0.182176018665553
3,-0.1149261066991577,0.0885203011447704,1.850357223319908,1.339625366625692,0.0387108462432051,-0.081606207733122,0.0297817982522939
7,-0.0348290396679102,0.3138148172637527,2.2570327699456088,1.767054513874217,0.1999876698106746,-0.1605350021004099,0.1689028540738048
42,-0.960405763889224,1.118013860219434,0.7424968976119257,1.233030381854086,-0.1999998787697104,0.1969133097751278,-0.1856927431097537
6,0.08301355618796975,0.2981561816994309,2.0395305024767314,1.7563255770179564,0.062070263364376495,-0.010616330276170252,-0.008458970410603174
2,0.07711176592056845,0.2789254330474606,1.45139449168117,1.6004498101602511,0.16871811015479968,-0.1997150491652686,-0.2000061016769019
10,-0.1936418435160214,0.6418084834059258,1.815335759487441,1.9305690647319047,0.1999558496796332,-0.152955708875813,0.2003884007646284
9,-0.1516324243916508,0.468992599109949,1.850342591946997,2.0027792253283745,0.1999891418244107,-0.0956221976865315,0.1991220651493395
0,0.0111111111111112,0.3055555555555556,1.5707963267948966,1.5707963267948966,0.35738645108235345,-0.19976205640121553,-0.19976205640121553
11,-0.029712137043162213,0.6431277934709878,2.1337878695155013,2.021456023494453,-0.39196978746638106,0.200000009956981,0.19434567700718966
20,-0.3720019632042288,1.575423634916366,1.3968138545055833,1.6392235560037187,0.1942598199951977,0.1182969823350635,0.1857404907286403
6,0.075439840689267,0.2962337804011765,2.128786124593484,1.3831131039002695,0.1999629650244331,0.2274306961451976,0.1623294905710061
1,0.09998152033389736,0.24755209920376253,1.5785047747802476,1.567991014584585,0.03552157941217404,-0.19983497158427252,-0.19978658104298536
3,0.07717084747957169,0.3815757231130351,1.4796453115683956,1.591554997695556,0.5922974661001951,-0.15306710914922037,-0.15872417543724165
2,-0.07846809866482495,0.34711325676266924,1.508228873638453,1.5811360862169712,0.3998071758280658,-0.19974637613295654,-0.20212804018075767
11,-0.0952456649542451,0.6780837523684691,1.9071926198928684,2.114813911773407,0.1999949201210661,-0.0919964750611173,0.1975961813964426
23,-0.3739980638983136,1.794488410659565,1.291058032678534,1.509112834492673,0.1999362796997741,-0.0231140312801763,0.1957018370294198
1,-0.07777487163136836,0.23992204666118266,1.5876487913217883,1.5652172521820904,-0.054126647340895895,0.18805019992177993,0.18788148670578106
1,-0.03317422554908873,0.32868321890023183,1.5969117107477526,1.5645947674261924,0.41124783426283135,-0.08256703608605326,-0.08119512798740476
30,-0.3567198259041191,1.9728824997299428,1.5246812688686098,1.1805049318380925,-0.1999938139690737,-0.0096579944716714,-0.188590796877378
0,0.1000000000000001,0.2833333333333333,1.5707963267948966,1.5707963267948966,-0.3828280666889024,0.12651627597840148,0.12651627597840148
7,-0.0513703378923184,0.2937673787232029,2.213377688671345,1.6064370074600445,0.1999489339027021,-0.0456712709689737,0.1616325132808824
24,-0.383982684441862,1.760374402211223,1.237500815218751,1.6099908069471944,0.1999393969502652,-0.0358097740898692,0.1875316060985687
0,0.0111111111111112,0.1944444444444444,1.5707963267948966,1.5707963267948966,0.3746942483614454,-0.1999403285461828,-0.1999403285461828
37,-0.7705105983554592,1.435578716466787,0.8866435537683857,0.8648492420982123,-0.1999999604078197,-0.1941271638425656,-0.2003755163934503
48,-1.0599696366075966,0.6724164001316867,1.7077472085439434,1.1849107871208706,-0.2000000099594497,0.1990080497259028,-0.163344013739194
1,0.03333920653067746,0.3069673919377737,1.5956723997977118,1.5625814779839784,0.3863266564079553,-0.09669823670989108,-0.09536714159315028
9,0.06495385616802214,0.511960954008466,2.020583930486117,1.7971727325605145,0.23334684343067127,0.19998594398557587,0.20018573327541053
0,-0.0333333333333332,0.15,1.5707963267948966,1.5707963267948966,0.27462461624983053,-0.19975498186773072,-0.19975498186773072
24,-0.3645076016106284,1.8449849456928773,1.2461709263466754,1.4592479153170612,0.1999765071884256,0.0650581841936423,0.1940782355289563
1,-0.10000705132948694,0.23563694837504148,1.583635171004806,1.566423487308899,0.3074064356188627,-0.19991658662803308,-0.1993579033983004
11,-0.1477011159069513,0.7101293167146786,1.8998949882958849,1.9349070611401264,0.1999910243976858,-0.1016481255759676,0.2002242763468722
1,-0.05550310526757182,0.2214663459467438,1.5839905264463763,1.5671672085484327,0.3294104298860941,-0.1998412673658164,-0.1992588365953408
40,-0.903033630763978,1.2062160495900272,0.7676378988078794,1.1028616426025692,-0.1999960353272027,0.263107275859953,-0.1975193166642085
0,-0.0555555555555554,0.2833333333333333,1.5707963267948966,1.5707963267948966,0.4261357513229632,-0.19993785202596379,-0.19993785202596379
0,0.0333333333333334,0.35,1.5707963267948966,1.5707963267948966,-0.18045460146009826,0.1701249690426339,0.1701249690426339
20,-0.3432056008893682,1.5470873212825678,1.5025774835723062,1.7062349323456685,0.0727342238413082,-0.038984752495769,0.0720195313455158
44,-1.0051221995203392,0.9335038465073476,0.9791947933199046,1.399771971343108,-0.1999999766890072,0.5663142605500507,-0.2056925639941464
16,-0.291475965918112,1.31560039527264,1.6238220216816477,1.821394505727524,0.1999904145517746,0.0124903040207215,0.1958546218546909
1,-0.09984022036043948,0.22349679736308553,1.6085172640767436,1.5605793130373369,-0.25566072012701835,0.1998391155938488,0.1983844239549543
10,-0.1025832245084856,0.9000902351213184,1.9043495222451088,2.0975556696609208,0.1999516048555677,-0.1116283305426307,0.1983745762569888
2,0.10037060267936444,0.3568447824851429,1.614679749184523,1.562742159617457,-0.27797682353737674,0.1471050889747105,0.1454636289933647
0,0.0111111111111112,0.1944444444444444,1.5707963267948966,1.5707963267948966,0.3746942483614454,-0.1999403285461828,-0.1999403285461828
37,-0.7693144365514887,1.4889038512801251,0.7584937518759888,0.8787920368602683,-0.1999999036482179,-0.0354648830405218,-0.1981288728304392
43,-0.9578828213036188,1.118889495767171,0.939480426536334,1.2252711039426034,-0.2000000094531105,-0.0005704831955549,-0.1918717357992986
1,-0.03320595328373862,0.25947326746304145,1.611527052768741,1.5590380163823314,0.41934639636835397,0.022799581072384115,0.02496827898467102
41,-0.9131260802970438,1.1862764367946168,0.7439770105457355,1.0867823414619746,-0.1999999904797618,0.2190416280106071,-0.1957257316465749
14,-0.2912747525812352,1.090012496044417,1.613614805644917,1.8240131744795511,0.1999918857386289,0.109152262835763,0.1933019837593466
2,-0.05644520104910385,0.4038806150083457,1.48449342893253,1.5826262594349298,0.5095752039951171,0.011279914064476291,0.0062330609951013576
29,-0.3481688847711007,1.992964388067072,1.5550965506004857,1.1936164843920505,-0.161887040516885,-0.0127731768597818,-0.1518767298860968
6,-0.0579206042853801,0.3785393669628253,2.071036402926326,1.3911653513656024,0.0866712467366513,0.2384224615698766,0.08238967122014
9,0.057003450053679794,0.4190791396629936,2.360940279592853,1.9121425520437372,-0.5759398622055142,0.200000009977784,0.15520485806286363
22,-0.3663946537555204,1.816222008741626,1.3708167897765242,1.475274433289499,0.1203356778852717,-0.026391492095261,0.1199549375511567
11,-0.161519968864587,0.6945923905484704,1.842652924199693,2.016753340223562,0.1999886291390462,-0.176304084885399,0.2000193326524494
37,-0.7175731949597309,1.4955869425215973,0.8429178677062508,0.9014439563340378,-0.1999999207877497,0.0525736500249829,-0.1999650057629114
10,-0.1916462146653311,0.5600839683182437,1.8025314931037315,1.9659895756725076,0.1999852070052575,-0.1450265469818535,0.1996795272550788
23,-0.3666923718563516,1.7038514533454638,1.4043852488370812,1.661416310441625,0.1197843760145657,-0.229968370431837,0.1216953685555237
6,0.10113383406154053,0.2687022105822324,1.6713422136988978,1.5673436102888894,0.43259544855632537,0.1998172981393594,0.20322851557787033
11,-0.1751400105526385,0.6615683531505896,1.814436495016805,2.007766024477493,0.1999909817071251,-0.1727794257982825,0.199584713217726
42,-0.9924200218516546,0.9813216601441788,1.0365753849435362,1.3583021157001864,-0.1807297386797575,0.2329616837879611,-0.1788230148231599
13,-0.2025723379729524,0.8591717244040863,1.743627203462507,1.987522233623131,0.1999898501037423,-0.0673876503380378,0.195698405824155
2,0.0226457502785527,0.0949389166446236,1.9186601716498128,1.344529120724015,-0.1113257239113406,0.2671168160051785,-0.0789690061806858
48,-1.0457792009070392,0.7210522389651276,1.595906728662442,1.2677550763670338,-0.2000000099945587,0.311838838906101,-0.1792775694017361
0,-0.0999999999999998,0.1944444444444444,1.5707963267948966,1.5707963267948966,-0.4421779977812528,0.19962432587690984,0.19962432587690984
19,-0.3728452124250413,1.511948843034056,1.4204233453086332,1.6554309399033948,0.199774318641731,-0.1809694138444273,0.1984969161547091
23,-0.3700638672639275,1.7545652942286618,1.2968329892533943,1.4964470556621507,0.1999200705789019,-0.0082730542208985,0.1961143406089667
42,-0.8239927586366228,1.3855722614503885,0.7416740931591543,0.9375352331219668,-0.2000000099906856,0.1231695564963055,-0.1985731174754284
0,-0.0111111111111109,0.35,1.5707963267948966,1.5707963267948966,0.3561175064547438,-0.19968190542199007,-0.19968190542199007
0,-0.0555555555555554,0.3055555555555556,1.5707963267948966,1.5707963267948966,-0.10358550461213002,-0.006260116949293437,-0.006260116949293437
3,0.055953678530658565,0.2311607073422257,1.6887944099802095,1.5403506339370037,0.5479211979560523,-0.14883591843838168,-0.13909537561139085
2,0.0974676086016613,0.4037443942166598,1.3164384093529842,1.593231123794535,-0.1563353399273124,0.1089788899378388,-0.1533628100109673
28,-0.3339106303506209,2.1134751968849903,1.392596086135771,1.2906728532619782,-0.1998900173562471,0.0628241340921802,-0.198213436784074
32,-0.4577516681161716,1.80506558046368,1.4167483856420833,0.9416946562315812,-0.1652432375744719,-0.5464705527527113,-0.1719403582835627
20,-0.3679624192953676,1.5083968438887023,1.4649662193300528,1.65238263513885,0.0463896252709129,-0.0003468463503852,0.0455837539237224
31,-0.4032936472001954,1.89414467768404,1.5476775579853932,1.0698466856959317,-0.1999879137242612,-0.2213768746405394,-0.1877682721346242
39,-0.8984257082988818,1.2474455016517478,0.768866482527577,1.0742733970506242,-0.1999758034551523,0.0352134385778857,-0.1917806613420323
23,-0.3489482988162027,1.8327747255639937,1.2841823130882517,1.544100667218381,0.1999461003891181,-0.0175621376672632,0.1936814535553632
26,-0.3560930919571352,2.041387547772281,1.1491059443680491,1.4270691082211624,0.1999193382659995,0.141789046992644,0.1883550445524983
0,-0.0333333333333332,0.1944444444444444,1.5707963267948966,1.5707963267948966,0.03769938502389991,0.15875211299120545,0.15875211299120545
1,0.055558270648405024,0.3507875917219987,1.5913100066271166,1.563993882535691,0.1965764025525992,-0.19985660566096292,-0.19924514296762047
14,-0.27891213668637,0.9296385776625392,1.6717717398176068,1.8439333875750312,0.1999824784072233,-0.0610593933839902,0.1980721111688744
16,-0.3396859458905304,1.2135075925267504,1.6210784501959732,1.7169120257318224,0.1999861358603091,-0.1199807121343209,0.2002165536041269
43,-0.9983147348667252,0.9442151437182572,1.1768162597750291,1.322323308503481,-0.1999999276150285,-0.0583969290618536,-0.1970397099305315
1,-0.03330371371907575,0.3751932214099267,1.5739108538862805,1.570333716025133,0.42239597659911376,-0.19970947403506045,-0.199557099761876
10,0.09013218705892477,0.5844084585701534,1.784962909356926,1.6546986313861662,0.5260553816822733,0.200000009994852,0.20513878861164042
38,-0.7913226498881702,1.381766137524381,0.9147170461712384,0.9866798875223634,-0.199999910393179,-0.0754333862917209,-0.1989398973473514
2,0.10072188887392138,0.4342380922731812,1.6402818794038634,1.5649081414200834,-0.03675465306976247,0.19979066357614356,0.19894663549438613
6,-0.0288304272297227,0.2614556604684334,2.2180935539056112,1.6158702549731867,0.1998818109908591,0.0059603799437185,0.1650558856775565
2,-0.1033586126567918,0.4439049353482114,1.270464373855531,1.5913731470690329,0.0304797581558722,0.1973543420483602,0.0226986111282458
0,0.0111111111111112,0.2166666666666666,1.5707963267948966,1.5707963267948966,0.40713233358740925,-0.1998444228098391,-0.1998444228098391
0,-0.0111111111111109,0.1944444444444444,1.5707963267948966,1.5707963267948966,0.3806528054895435,-0.19993736276202304,-0.19993736276202304
4,-0.0197011380536512,0.1598022911629806,2.0912539034474165,1.3407575138369452,0.0416632446345293,0.133747383753327,0.0395920281765602
0,-0.0777777777777776,0.2166666666666666,1.5707963267948966,1.5707963267948966,-0.15248996489396008,0.19994027393048325,0.19994027393048325
13,-0.2195303559268359,0.99847921818741,1.744526217788856,1.950718094566778,0.1999435997393464,-0.1438118257613191,0.1986526429675583
15,-0.1457151940355503,1.1093467536457668,1.8390972664671423,2.0676218127904784,0.1999808097433915,-0.1906741578033264,0.1991011949905921
3,0.07757117934350259,0.28967573831527976,1.5994376160101806,1.5756472240281898,0.4958147639169734,-0.0927524374704496,-0.09154673907572365
3,0.078466430488125,0.3187676648189984,1.501552307596547,1.6011470402191783,-0.1996276877186262,0.2515355346986153,-0.2011394632450935
20,-0.3739118747116462,1.4963718219231996,1.5771895209152087,1.6413199493628283,-0.0418405025131499,-0.0002161363825976,-0.0417531078896112
36,-0.7049165034790859,1.5331489361920785,0.8731765035365745,0.8817617814255462,-0.1998054375882922,0.1598750915969359,-0.1999353296269417
19,-0.3670554234280089,1.4791710738711603,1.4832756745197626,1.6674157910974854,0.199827870398594,-0.168635843331501,0.1995373358260664
46,-1.038005257111426,0.7367342060475359,1.4001081198757426,1.381539522323561,0.1869885454864217,0.2692286935418331,0.1874562014575032
25,-0.350812426260916,1.990523064012908,1.2312281179729698,1.4076482960169738,0.1999613995199406,0.1511024520780866,0.1942057094692648
22,-0.3700385806239108,1.6077293294928714,1.553213529901189,1.6443882929461733,0.0680484950862117,-0.2592785739313268,0.0701265453300492
1,0.1000603128450348,0.3097395010793537,1.5862754369762282,1.5665187329061132,0.08718775788622427,-0.1997769041705554,-0.19956567317598017
10,-0.12468124345068214,0.6202167571817079,2.02690768414677,1.7217773830297103,-0.018133364571084214,0.19996719320317294,0.19018551387508614
46,-1.0444469098721585,0.7164973195035309,1.4778600262323334,1.3279868465174651,0.2000000094210334,0.142490962978969,0.1998855852097757
18,-0.3626571440176383,1.333819999453557,1.623956008717872,1.6459478503231049,0.1997334587897837,-0.1391296775071459,0.1999911082020239
15,-0.2599342707784291,1.052061734029739,1.8065931734664362,1.7900453244218404,-0.19467216584980318,0.19997921009482014,0.19962970457573645
10,-0.1327522647440779,0.5617301860852637,1.8827965940269005,2.030392736865219,0.1999716013761905,-0.127884592998365,0.19967808142923
0,-0.0555555555555554,0.1722222222222222,1.5707963267948966,1.5707963267948966,0.36918106159707426,-0.19979142870246674,-0.19979142870246674
10,-0.1749648309575549,0.5673512648027869,1.8214217180441552,1.9967230256960191,0.1999853173378926,-0.1563519703313956,0.1996472031460965
0,0.1000000000000001,0.2611111111111111,1.5707963267948966,1.5707963267948966,-0.21350118027676815,0.14798275135700062,0.14798275135700062
34,-0.5767425081506061,1.674559386924732,1.0708152400198752,0.8577542060738175,-0.1165589994298343,-0.3129410961174589,-0.1205406183512824
37,-0.7524152182297605,1.467775656945124,0.8972683691116661,0.860870345238368,-0.1999998960299664,-0.3165454226434666,-0.2010193375113883
0,-0.0333333333333332,0.3277777777777778,1.5707963267948966,1.5707963267948966,-0.22463226426900082,0.19927976270050665,0.19927976270050665
6,-0.1141214471366256,0.3549336035394541,1.9986951430112088,1.2847596214335864,0.0283536091252157,0.2722077375111816,0.0392539179322131
1,-0.10017694054600512,0.21374940932572903,1.60875362257031,1.5559593714835247,0.39389132539074495,-0.19991955024859742,-0.19756244990644414
23,-0.3216820673520656,1.7561966354911371,1.4047898469630011,1.6191782137856316,-0.27218993890198656,0.19997043084844787,0.20118328466888036
27,-0.3313121658308875,2.0664532385927314,1.2933976919347383,1.3483451514651843,0.0320118718943197,0.3822306094247034,0.0298643551622321
20,-0.3718040510877334,1.6687363268322226,1.3144763967746185,1.6318380060791615,0.1017135266243713,0.1165684817550004,0.0929965150431608
2,-0.0813012184016501,0.1525384050518279,1.7194661921353047,1.4848505838262585,-0.0768334408733266,0.4230232075823658,-0.0648945102327027
14,-0.1722425518760486,0.9962904820780305,1.8225486248942726,1.7617084137874943,0.17806914617285394,0.19997781846773455,0.20069052875236287
16,-0.3058643545125756,1.1182585913371943,1.6192475662913002,1.8016134762612663,0.1999724796307515,-0.0583129782194415,0.1977139556027799
16,-0.3089540152926911,1.2128666110398862,1.6392044535059933,1.78941115120145,0.1999676967385322,-0.0907221308002043,0.1990736828272397
12,-0.2389538898757285,0.7221330515669911,1.7061728470577773,1.906265837378911,0.1999945548971823,-0.0282031472849901,0.1965648504646427
34,-0.565532722547361,1.6940238826813545,1.0099201169571548,0.8920136567195758,-0.1999997383771594,-0.1851093629046868,-0.2007886621648447
9,-0.1028663744974824,0.5254552901470492,1.99248781563856,2.0057884407829247,0.1999321901099996,-0.2843691229762207,0.2002927232647672
2,0.07837456237882223,0.17309094451574697,1.698111810782228,1.537126375168512,0.14003005226204063,-0.19995223982726595,-0.1951222632178313
6,-0.00738952013094,0.239916706963241,2.289133649160669,1.6571690341804772,0.1999658885481439,-0.068803699447662,0.1572817295682185
5,0.0105611223165867,0.161891404283721,2.2227809090043253,1.360604756111219,0.1998539738876668,0.0691651925935292,0.1353137571693898
0,0.0555555555555556,0.15,1.5707963267948966,1.5707963267948966,0.30644761162759365,-0.199893028658937,-0.199893028658937
7,-0.0576576726288792,0.2900959917583242,2.231063331734567,1.7472853961877848,0.1999668712619207,-0.1668504670212224,0.169258814242711
4,0.1005669860324801,0.0345908539680601,1.8728310407995077,1.455016343570852,0.1999803898706686,0.0872865840950445,0.1863194209260237
0,0.0111111111111112,0.2611111111111111,1.5707963267948966,1.5707963267948966,0.3843946861742985,-0.19992810404767983,-0.19992810404767983
45,-0.995998634233996,0.9351879575391976,1.139983012736953,1.3936041524746228,-0.2000000098669567,0.5042375418499532,-0.2062539163061309
12,-0.2335452185192548,0.7433443886973938,1.71318640639345,1.921493044876312,0.1999757718976662,-0.0469944172438098,0.196624658429646
0,-0.0777777777777776,0.15,1.5707963267948966,1.5707963267948966,-0.14742041656065838,0.1999558785497725,0.1999558785497725
19,-0.3495098847055332,1.5172063119262438,1.5706059559006946,1.692634986705115,0.1396554106569459,-0.2460569823922988,0.141612053127455
5,-0.10113515916252651,0.23616017698205177,1.6388785932820777,1.5365338244011713,0.464329905729958,0.0980559626266899,0.10228675146579996
46,-1.0461359862779709,0.7181603110601179,1.3657157644854816,1.3514982778433446,0.1917791633278933,0.441864970073664,0.1923879805958143
0,0.0111111111111112,0.1944444444444444,1.5707963267948966,1.5707963267948966,0.3746942483614454,-0.1999403285461828,-0.1999403285461828
40,-0.7772978804116479,1.372566403865492,0.8503803659133546,0.9449552876772176,-0.2000000099349171,-0.0688284300615062,-0.1984562604106733
4,0.07654306411688491,0.3618297702473102,1.473269241892785,1.5659169265337514,0.697536289884512,-0.1483622182657193,-0.15417920403684782
5,0.0858841956554675,0.178083683107439,1.891747007356095,1.5396716031771882,0.1966496371410198,0.3055573247730583,0.1951240012159175
22,-0.3777390972851548,1.56068577997436,1.4381741757319784,1.6323924105783063,0.1998792697060409,-0.1514359517110458,0.1990440162131927
31,-0.4057511791929214,1.9098686002842764,1.5203091536087163,1.0746735692520406,-0.1999768981796721,-0.1774981609752674,-0.1880972620129216
8,-0.0829137996527693,0.4031389790300063,2.029634780439529,2.039520190493427,0.199961878937538,-0.3237589899387691,0.200272152571369
0,-0.0555555555555554,0.2388888888888888,1.5707963267948966,1.5707963267948966,0.45801403441777466,-0.1999401343965607,-0.1999401343965607
0,0.0111111111111112,0.15,1.5707963267948966,1.5707963267948966,0.38022983069613614,-0.19984198028788652,-0.19984198028788652
35,-0.5981812808670778,1.631786128181871,0.9200261617286244,0.9234253242596672,-0.1999999173527269,0.0972321731177261,-0.2000318126560465
10,-0.0685686892831365,0.6050772197266392,2.019744850963272,2.104784858687702,0.199956156030714,-0.316419472991002,0.2019211592538386
24,-0.3598654957789267,1.8525619268951483,1.292696462142945,1.4406595656312435,0.1999176845938529,-0.011553776737246,0.197903597498011
0,-0.0777777777777776,0.2611111111111111,1.5707963267948966,1.5707963267948966,-0.309776044833377,0.19991515568211382,0.19991515568211382
15,-0.2870672023219203,1.0725038924048589,1.6003402538336045,1.8471619685734215,0.1999733632699414,0.1317406218364797,0.1906942104416139
0,-0.0333333333333332,0.2388888888888888,1.5707963267948966,1.5707963267948966,0.12524897720683725,-0.06524887598343333,-0.06524887598343333
49,-1.1032180648883714,0.6036635191832862,1.8010628195537048,0.8885404076914302,0.2000000099662848,0.6029354030813325,0.1700456408253443
25,-0.3458994054000974,1.962693907566294,1.252764809620115,1.4115103861367042,0.1999733985667203,0.0504432882046664,0.1966615989719711
30,-0.3788620775890582,2.0273735104364725,1.4342098119989046,1.2161350275476166,-0.1999377469772049,0.0056388241709028,-0.1950803811162002
18,-0.3376440670539704,1.9155123972972816,1.4381676372578387,1.4755230153589023,0.0264807326548065,0.2404630966933573,0.0255642087791532
26,-0.3444178986502806,2.0079124443214704,1.1555935371537087,1.4557502614750135,0.1999614607727078,0.1948859034630799,0.1852590261985
23,-0.3751064316120577,1.708605107981861,1.3764336580656351,1.5593269880382583,0.1999256081529586,-0.1356231133365312,0.1990578165172132
4,-0.1126813367446246,0.0877158393372631,1.9851068384368489,1.1128884114364923,0.1999500099262351,0.3231163361276317,0.1533365982816023
3,-0.09991288561904571,0.43144841835303543,1.5407696746802308,1.5243593252421066,0.39089387699716854,-0.05066776119675186,-0.05001949722616451
10,0.0078188618121475,0.6108936508261,2.1636808689017006,1.9077983084475976,0.1999830499353241,-0.044690025342326,0.1923405596763464
14,-0.2667920063030429,0.9974868792867444,1.6840603387159767,1.8554653375154189,0.1999721199982495,-0.0666178789242597,0.1981780278801612
3,-0.0568140785681565,0.3794156961084092,1.7228084725243251,1.4955696143561652,-0.165422469874348,0.3912535725457766,-0.1523553332751341
35,-0.6040908774060377,1.6336788613847817,0.9176498251182872,0.8973370234124709,-0.1999999105895494,0.0942551584890808,-0.1997672055669885
22,-0.3561047952934538,1.680762536020446,1.498419246374752,1.6281532200789997,0.1768428353234583,-0.1569191734363225,0.1773867780373227
36,-0.6724621122095067,1.5533027412091087,0.948377199392794,0.9219179702265554,-0.1999999192219962,-0.1949882223083763,-0.2004457778628266
1,-0.0777314860149269,0.2778304247959585,1.588715394088302,1.5654766360825085,0.3549214073662506,-0.1998276075662966,-0.1989489335217308
9,-0.0292079884885307,0.4950577467494532,2.197677266097277,1.9528013184215625,0.199991867077576,-0.2414487514138207,0.1881720047911271
3,-0.07819209871516036,0.2399877393498677,1.6162836971369128,1.5506931094894882,0.4429760069232315,0.020057098844959313,0.022917393035959483
1,0.0767001528116296,0.3005323551988068,1.4528469494506373,1.5900728598288534,0.1185705439608146,-0.2627302419135646,0.1210499317271161
45,-1.0193687791375283,0.8435445701511014,1.2381298374158,1.4115244618190657,-0.1999999587644302,0.3732580030455612,-0.203440625656615
0,-0.0333333333333332,0.1722222222222222,1.5707963267948966,1.5707963267948966,0.019629576006228052,0.1873025034132022,0.1873025034132022
0,0.1000000000000001,0.2166666666666666,1.5707963267948966,1.5707963267948966,0.03836785227926507,-0.19993278612429316,-0.19993278612429316
29,-0.3600312078419694,1.9755579203660083,1.5575972586603228,1.1597814371491333,-0.0323527598329771,-0.0152695323270843,-0.0304178622801646
34,-0.6009880129953363,1.645077455450285,1.0444578251621324,0.8479095642623782,-0.0930420093331036,-0.2110976754383379,-0.0953730499213456
0,-0.0333333333333332,0.3055555555555556,1.5707963267948966,1.5707963267948966,-0.1929509034631797,0.19945797042985705,0.19945797042985705
24,-0.3772297099129315,1.8360932054143195,1.202670367751215,1.541500002915982,0.199984801874791,0.0518059963945388,0.1868925844161579
24,-0.3600747960695436,1.946517423336218,1.3330903489005663,1.4801665111743934,-0.0225635607246853,-0.2433984203642958,-0.0187530411859035
19,-0.3678225332288432,1.3942503972345834,1.6078601643099688,1.6447177711483882,0.1998042882369487,-0.2769222180112727,0.2006890261632662
41,-0.9390816304502286,1.1148705295798915,0.9713494681366628,1.1390951195001189,-0.1999994807996933,-0.1585708051740778,-0.1945447204583874
45,-1.033552444761807,0.7709679778714695,1.2298995786226454,1.4068431340877865,-0.1107210049112916,0.4959208952193764,-0.1177215221212605
47,-1.0386350076223194,0.7385335002000423,1.4491953135818023,1.3076743174844268,-0.2000000099238785,0.4671004414381468,-0.1914121229367352
45,-1.0146754414081305,0.8687248190995933,1.2743618356580149,1.3883073098959118,-0.1999999976865399,0.165503724548566,-0.2005848066232838
16,-0.3196486404946678,1.1356345678522295,1.6094910992668952,1.7738083067531405,0.1999929323391949,-0.0210453395839846,0.1976433397552786
49,-1.1006592788617573,0.6037559501850092,1.7926408312848143,0.9015843271487216,0.2000000099753554,0.629500715936464,0.1746767006021746
30,-0.3686750895645589,1.970155777271625,1.52835161906697,1.1999036828793732,-0.1999967704250992,0.0249574557712403,-0.1885007074954727
45,-1.0209674880984887,0.8360079126819192,1.340054690008094,1.350697881734522,-0.1999999943232819,-0.0009834277360881,-0.1999876200162885
0,-0.0777777777777776,0.1722222222222222,1.5707963267948966,1.5707963267948966,-0.1437248075799517,0.19993274291873195,0.19993274291873195
28,-0.3269567817257079,2.0831797445725626,1.4845129966470898,1.2887764543810547,-0.1999980726010995,-0.0611369677415124,-0.1973680938198564
40,-0.9131164474438224,1.2127725143411223,0.6899857531061566,1.1470740820471186,-0.1999688374543405,0.4142163057422254,-0.1977212094437068
6,-0.1056162057008085,0.2591800691051611,1.9205163482468808,1.364852560850398,0.1999227960499445,0.3252455200705712,0.1870014461198837
2,-0.055267491565227166,0.43398047560523495,1.5964492979135851,1.5698150152380463,0.0855917854151283,-0.12744222097865932,-0.12716908022104145
4,0.0368795142340421,0.1522036089732491,1.9618542315211545,1.5167585310746097,0.1512378213417118,0.0540928065252717,0.1388315744133886
0,0.0111111111111112,0.35,1.5707963267948966,1.5707963267948966,0.4129433273309255,-0.19930205602238565,-0.19930205602238565
40,-0.7707161595312781,1.4036250279592415,0.832246015179491,0.9441670275350768,-0.2000000098872744,-0.1419574456007462,-0.1971631983427934
0,0.0333333333333334,0.1722222222222222,1.5707963267948966,1.5707963267948966,0.4067251970228847,-0.1999191914260118,-0.1999191914260118
1,0.05560393558087647,0.2493052469664108,1.5811516913261752,1.5680690642478392,0.23588611711561014,-0.1999559565539813,-0.19963025284676164
1,0.05558562187261039,0.3330218129092361,1.5739251664516072,1.5703444787168803,0.22637168527794102,-0.19985240459998266,-0.1997700669565828
21,-0.3723930094900466,1.4755538900392131,1.57708145272391,1.6459891940147184,0.0295577055564819,-0.1822491851677094,0.03074240359707
34,-0.4784911786802702,1.7666863605263343,1.24847597154128,0.9457881458534664,-0.2000000093907775,-0.0836412765384452,-0.1934009924472061
49,-1.0972745844910252,0.5898799970555555,1.6492903773036391,1.1451613507736038,0.2000000099892576,5.157539473756409,0.4242514810621144
3,0.07764138233025747,0.3307749157630761,1.5127574443136576,1.588347326908901,0.5895641496456985,-0.12192276108391106,-0.12602686966296306
24,-0.3675073477018485,1.847398156474913,1.2800453153677749,1.4947412664894195,0.1998829944944775,-0.0220160028747588,0.1957629759727227
10,-0.012600214885745508,0.6767237871262919,2.1403448241259175,1.934094934438281,-0.06805388392924962,0.19999037621128124,0.1943580564663164
1,-0.0999975188107458,0.35212557130173633,1.5778631689634661,1.568473997182786,-0.05703322383127141,0.021159399968189465,0.02110491861843538
14,-0.2200284613835921,0.969851249673076,1.7319477393368716,1.965479176498981,0.1999898809249228,-0.0981132965012645,0.1968316873216475
3,-0.0774895214355714,0.15698210417801317,1.6208539242532591,1.5584921304848145,0.34156937245400676,0.012367861315979514,0.014472527339002773
36,-0.6944988988287802,1.5372670178391807,0.9271157147744198,0.8777298524955114,-0.199959696143907,0.0406885851305777,-0.1995150360980133
0,-0.0333333333333332,0.15,1.5707963267948966,1.5707963267948966,0.27462461624983053,-0.19975498186773072,-0.19975498186773072
0,0.0111111111111112,0.2611111111111111,1.5707963267948966,1.5707963267948966,0.3843946861742985,-0.19992810404767983,-0.19992810404767983
28,-0.3307344419892505,2.0747647333408428,1.486163463416069,1.2888552680910543,-0.1999962617269758,-0.0611034749702173,-0.1973137096358747
10,-0.1253364954075822,0.5715282014721457,1.8684679870660328,2.0726571025972285,0.1999885803061905,-0.1046072487346895,0.1979551184838174
14,-0.2508216502959292,0.932547036513624,1.7072895973699622,1.8949455109457496,0.1999828917757621,-0.083218099391389,0.1980245273261265
17,-0.3239474139569348,1.303996433506917,1.594214807649291,1.7547598843017884,0.1999858273365459,0.0548764155558309,0.1965368347495917
49,-1.104714217258029,0.6027592330883554,1.8306896478260064,0.8684545497928359,0.2000000099683023,0.5471748423256566,0.1592316526020836
19,-0.3705567048721875,1.5091458672565947,1.5369301568748677,1.641034611419566,0.1431146080273591,-0.2595886631337777,0.1450373437915588
0,0.0555555555555556,0.3055555555555556,1.5707963267948966,1.5707963267948966,-0.278692405886877,0.10935537486193186,0.10935537486193186
31,-0.4111835006654055,1.912366820984748,1.5119796326219004,1.0891387979830678,-0.1999804477879072,-0.1624313281553515,-0.1890329593278474
34,-0.5751079441481786,1.6869712160818409,1.079762763262265,0.8606225336998574,-0.1999933967194533,-0.348812254418806,-0.2027933446934044
0,-0.0777777777777776,0.3055555555555556,1.5707963267948966,1.5707963267948966,0.4435299205771083,-0.19993393403441095,-0.19993393403441095
31,-0.4090633923232031,1.8875131085861732,1.581682223135223,1.0435428241397195,-0.1999409197393334,-0.3050336539439957,-0.1873162015368685
28,-0.3426095182238155,2.062595756244439,1.4456538955991205,1.283770233130193,-0.1847358588546677,0.069714297486253,-0.1811968792110071
0,0.0111111111111112,0.3055555555555556,1.5707963267948966,1.5707963267948966,0.35738645108235345,-0.19976205640121553,-0.19976205640121553
49,-1.0828664447810938,0.6629276792366331,1.7684199268296066,0.9795634886856064,0.2000000099681829,0.6391274477799896,0.1862805996127509
47,-1.041527248721718,0.738938068810746,1.565174975516668,1.276591873348797,-0.2000000098188027,0.1244856220778157,-0.1881868364657575
3,0.07739714268005847,0.26296310810857076,1.4866010778115006,1.5933291647080965,0.3831218590894954,-0.04951601588805764,-0.05331549574245978
13,-0.1893998923268639,0.8527574575867167,1.7585902653897612,2.018814955495831,0.1999823620999566,-0.1041884868958616,0.1959301396205558
7,-8.355333328807953e-05,0.3323151677514966,2.2799074490943245,1.838951952596794,0.1999774512416959,-0.1622411793557988,0.1739239469835087
34,-0.5826259954336984,1.6843312709929248,1.145062879372909,0.8394230953700433,-0.1351805905813778,-0.4319812718803385,-0.141914058752168
20,-0.3058815223247105,1.5141441999722869,1.686253936412772,1.7670709979666002,0.0599825883407022,-0.2108684303718666,0.061489132060741
3,0.07942723972834803,0.19657608593743608,1.8483350873312236,1.5217022232639472,0.38698364139521396,0.0884656485507022,0.09620489188659753
25,-0.3610078677718137,1.9361114359561813,1.2140189582181575,1.542681959353222,0.1998712062705736,-0.184765362995569,0.1951368658350761
1,-0.055543372135976765,0.3826170458697993,1.5725342268731932,1.5704164799369298,0.4219584899434039,-0.011541444798534178,-0.01145205885457114
30,-0.3668711345764684,2.01043609152797,1.4832944104720822,1.2144143912625187,-0.199994501859652,0.021389613881899,-0.1922402855183046
6,0.07834474839190503,0.2613956517957994,1.6487949649479727,1.5544088388500177,0.577769218273302,0.14373972007957753,0.1485451716872326
14,-0.2581226351749264,0.9242227168405164,1.6859682866254668,1.8914780456687577,0.1999830757980807,-0.0696680144471337,0.1971965381826673
18,-0.3661752847354875,1.3313332728496,1.6130125256121497,1.648034525347023,0.1998806883146867,-0.3177398337450379,0.200870680938397
39,-0.8779594426987349,1.3028733866225135,0.7530661061955488,1.0987788812438022,-0.1999988460060106,0.2275540383157779,-0.1958768091340283
18,-0.3560639327716499,1.3771636863182832,1.6214237816425383,1.6749324883261203,0.1898269417754102,-0.2592276414532729,0.1909416838583718
2,0.07788788299669029,0.23326282719613065,1.5967317782950143,1.5641940147978801,0.07085935020922915,-0.19983064956773697,-0.19949435814341904
18,-0.39590626072615365,1.4591885974572494,0.6211307425622525,0.599861271377118,0.8596722332076975,0.20000000395809,0.20178310614033046
14,-0.2557105517766277,1.0227824675576658,1.6954266156249969,1.8960867759036764,0.199940820740725,-0.1050456282721917,0.1980227807725025
42,-0.95046065520976,1.124720397028104,0.8462938871849262,1.1552206527617523,-0.2000000056757445,-0.0788206937859943,-0.1881356536941555
11,-0.1755530907282687,0.6517557145275927,1.818854297527718,1.9970872138287556,0.1999915691754238,-0.1582477142439839,0.1996289918547189
13,-0.2088041214134157,0.9453216502885764,1.7476641562873572,1.9554132512688949,0.1999728271552366,-0.0612301592782417,0.1969358639839761
22,-0.3676485684482016,1.6884562403628656,1.427341709816412,1.5749512514557873,0.1999061889727374,-0.1042631912411401,0.1992657461709088
46,-1.0583067773031674,0.6685462184222265,1.5220413070894925,1.2836844678571888,0.2000000096207988,0.0770789779825407,0.1961653415323828
29,-0.3645139864526301,1.9987356617041865,1.5207839120695827,1.2206578739291525,-0.0260724754620204,0.0161223404251381,-0.0244303739952656
3,0.07598163609388425,0.24930104431376524,1.4496985634574422,1.579101196128026,0.4016221964766951,-0.11887099954535016,-0.12305974248920815
24,-0.3584111378092482,1.84409315410724,1.2632370826183057,1.5275241542089242,0.1999285892234225,-0.023083021045571,0.1935898416636797
26,-0.3315297198674186,2.087166703975257,1.3067793440120132,1.3477268004716976,-0.0581198206137734,0.2990897811477653,-0.0592954572061489
39,-0.7460327777467742,1.4732730872272903,0.7945496574203348,0.9077823150440292,-0.2000000099634201,-0.2232488123685893,-0.1961967086764598
49,-1.0770644768242812,0.6490821605634309,1.7542949022611394,1.0508603131662304,0.2000000099627381,0.6999643327511981,0.1978015680442869
21,-0.3465302891164821,1.564359046285445,1.4762651672385116,1.692796449549188,0.1999204204792257,0.0298955182632105,0.194609704636909
0,0.0555555555555556,0.2166666666666666,1.5707963267948966,1.5707963267948966,-0.13305147877539275,0.1494447317724843,0.1494447317724843
28,-0.3643338560332852,1.9997861599490072,1.4382504407027938,1.248384581359979,-0.0195351640779448,0.1716021838031631,-0.0159455091899061
5,-0.030129122961413,0.1503705462746989,2.073630039193668,1.2278575717797404,0.1995645606193579,0.1947874402597156,0.1469214176259496
0,0.1000000000000001,0.2833333333333333,1.5707963267948966,1.5707963267948966,-0.3828280666889024,0.12651627597840148,0.12651627597840148
34,-0.5776184389746736,1.6906029730160652,1.1024129720210414,0.8601552062949017,-0.1999991308874006,-0.3810479719277162,-0.2033000738974084
4,0.0106354109138371,0.0859714354918248,2.206401794830697,1.3418433108112875,0.1992871613867493,0.1239208454751016,0.138760609450003
5,-0.0990841533337782,0.390056101468141,1.9463701801529227,1.2252411810222688,-0.0250820278924497,0.0463414116163499,-0.0157785149659725
44,-1.0036603406040256,0.9269318749010762,1.2492590457349708,1.3771265920731313,-0.1999999737556773,0.0373782489633676,-0.1988438346823625
9,-0.0987054207249582,0.694672463304107,2.071974254039151,1.939998083478748,0.1188585228867681,-0.3158196452619318,0.1136689252773711
45,-1.0103545300895669,0.9675086246262334,1.124072392965203,1.3871809960385335,-0.2000000098989285,0.3998879890474709,-0.2035176631937238
48,-1.0714011552671132,0.6536139224014968,1.617769185578855,1.1585017945226024,-0.2000000099459803,0.3295858871220497,-0.1646652451161825
35,-0.6268369219121585,1.597334348572657,0.9685150710942084,0.8757017946251763,-0.1999966751954462,-0.114155633988779,-0.2001938726160327
1,0.0551434719663968,0.3073185235001074,1.504221734486535,1.586498235224101,-0.1999218783500913,0.3019363147614335,-0.2017270066469698
10,0.0273868422253621,0.627116592290269,2.273111228510598,2.01059940294623,0.1999795095078804,-0.2113235049729439,0.1876444533604803
0,0.0111111111111112,0.1722222222222222,1.5707963267948966,1.5707963267948966,0.37949024197419634,-0.19994025095563578,-0.19994025095563578
10,-0.1010023145270049,0.48136513285014637,1.6071809949961047,1.5892847247450468,0.5225024550265145,0.2000000099528878,0.20090301775793828
0,-0.0111111111111109,0.1722222222222222,1.5707963267948966,1.5707963267948966,0.3791306568525211,-0.19983826396154572,-0.19983826396154572
10,0.054724737522232635,0.5697979294085374,1.6829944225635867,1.6010110940058657,0.5854279457958972,0.20000000996207432,0.2041224181692488
48,-1.044383355735625,0.8167423721266355,1.411455320744461,1.3912000771886697,-0.2000000099677565,0.4860842178406231,-0.1989744757802038
49,-1.0923026281902968,0.6377417683097737,1.7744311868822755,0.9455194249855268,0.2000000099679905,0.639121037577757,0.1822514675612463
3,0.07798124282148419,0.316534021621471,1.6126189018276076,1.5599103589777086,0.32975151657832397,-0.16278347874111762,-0.1608201418074974
23,-0.3789605596459453,1.712221633229302,1.3588935802675453,1.5255942994945042,0.199929788998159,-0.1188201188938737,0.1991298574792729
12,-0.0704595687210894,0.7907101641961597,2.062791613244722,2.038096439680004,0.1999904118248658,-0.3592201312836799,0.1990424225027674
41,-0.8850615863719005,1.3015947315747145,0.6583478612632611,1.0166572696094425,-0.2000000099912542,-0.035479971782632,-0.1860539644303097
35,-0.6142301211361515,1.625604163183826,0.91151972299619,0.890813048369368,-0.1999999901292894,0.0872178955295265,-0.19977652867308
0,-0.0333333333333332,0.2166666666666666,1.5707963267948966,1.5707963267948966,0.02282237895228195,0.09399769253898718,0.09399769253898718
44,-1.0029894770337724,0.9455329199436804,0.964290568022126,1.39669340725199,-0.1999999744517345,0.5476785387873488,-0.204542938984109
43,-0.9438871650743372,1.1334110541305793,0.8688612222127814,1.2915049548290036,-0.200000009956822,0.5126531688885305,-0.2034292055087969
48,-1.068437252530385,0.6610857597141971,1.7009272756797698,1.1350707287145334,-0.2000000099586113,0.2002710877478702,-0.1580886297195717
4,0.0770352355001343,0.2021668308254604,1.6278050924327712,1.5435143416484023,0.5589227543815932,0.05241831730854222,0.0569378383280939
40,-0.8958777032545266,1.228899459084163,0.9030330155854034,1.1165772855766047,-0.1999999034856422,0.0938355486156647,-0.1974457024719347
41,-0.93490741540891,1.1405727482144348,0.9180220475439144,1.127422582288419,-0.1999985224657945,-0.1367727658309789,-0.192786551163428
36,-0.6449270292768323,1.557447984094096,1.005379537391816,0.8791544542260509,-0.1999998828038791,-0.2447977828738717,-0.2014904842022576
42,-0.9188214020666966,1.2473067129507671,0.87862474533264,1.182736591785905,-0.2000000099269484,0.0315438582345873,-0.1917672339106156
32,-0.4606791884321742,1.8409502687468784,1.4440595314219251,0.972091905763824,-0.1999729383316767,-0.4597298920545611,-0.1990121323905126
37,-0.7591795278714166,1.4616023272185248,0.9474600073397088,0.8463985691405294,-0.1469128086386108,-0.3998454020777051,-0.1501972263698029
22,-0.3810367289377013,1.6889135417699817,1.3858418977465,1.549165210099988,0.196902497926458,-0.0798933883704485,0.1955812440445435
37,-0.7711565199067372,1.4523521444933871,0.8655552838872731,0.824191159285085,-0.2000000093656614,-0.1825370228556681,-0.2005837677923224
2,-0.056383468094266545,0.39868026260592015,1.4875836399669886,1.5784966150033273,0.47414220329368206,-0.034557684464288065,-0.038719602603625274
49,-1.1048262303870735,0.5969415578728502,1.7706212062240754,0.9675623508468204,0.2000000099756903,0.6795954055668797,0.1877976322300034
25,-0.3637011220952946,1.904607711908033,1.2507985327552245,1.4796594006507071,0.1999787923380842,-0.1330963980238433,0.1977839718392395
6,-0.07137247977827753,0.1936263570618013,2.118671283090232,1.5862013435288917,0.0679540833813811,0.19983651676307604,0.17562008725798206
36,-0.6164501876542179,1.6328497107999889,0.9910432517097544,0.8961163651341163,-0.1995277610166647,0.0791852565395006,-0.1978788996230834
2,-0.0555898700246563,0.39416281349971,1.5648494260993342,1.5722354692095009,0.4039985225032282,-0.11948184073908658,-0.11977697400695195
36,-0.6916063649918943,1.5456634271482452,0.9328076257289628,0.8528627451446225,-0.1996499343944873,-0.0678253914888035,-0.1995539262792569
0,0.0777777777777779,0.2388888888888888,1.5707963267948966,1.5707963267948966,-0.28746119666940195,0.1544764426949534,0.1544764426949534
31,-0.4130077288162621,1.934359798769993,1.4928771490020476,1.0981972965955924,-0.1999259429194183,-0.1306611872849828,-0.1895796671948145
14,-0.2819686364057754,1.093721602587735,1.625181561814328,1.842515462969629,0.1999770217658538,0.0978097770577199,0.193163679719958
34,-0.5518554896593405,1.710462347450778,1.0606011591847015,0.899096180589178,-0.1999999270653303,-0.3368785571258218,-0.2028143415976896
5,0.055447279804547396,0.1352790113575731,1.596588303395782,1.5609859245063782,0.53610567096647,0.19964756548994897,0.2014293098099167
49,-1.0843509411671193,0.6564614487572483,1.769920158322424,0.976611911744388,0.2000000099680578,0.6413569496352098,0.1860063866867981
20,-0.37550480426888,1.5166053225639868,1.4942606082362937,1.658186843819944,0.0720015376587088,-0.0396391340627514,0.0716831793434122
0,-0.0555555555555554,0.2388888888888888,1.5707963267948966,1.5707963267948966,0.45801403441777466,-0.1999401343965607,-0.1999401343965607
22,-0.3818501466205136,1.6126011343011648,1.4192980458183646,1.5563499015649174,0.1998275044819543,-0.1208089311016391,0.1996042695071252
21,-0.3556102049122424,1.6093966193477751,1.4578898260330029,1.638078869390982,0.1999286718213247,0.0128944630439469,0.196460703967236
4,0.07788812602631516,0.3525101511543382,1.5881047796152554,1.5571358681568446,0.4244061313932528,-0.0287174517375986,-0.027389552255789523
15,-0.2895887774313035,1.0369017637096165,1.6577115396516149,1.8313783427392103,0.1999715077603214,-0.0851065688413322,0.1984340933968965
42,-0.964926345061335,1.063477343939291,0.9217001215624722,1.1900038906299366,-0.1999999697522475,-0.0883808000760682,-0.1905014182961532
5,0.0634192143563188,0.3259822776615149,2.2226919156206906,1.5452092853647843,0.1999232576409111,0.111548822728099,0.1627630924762907
0,0.0555555555555556,0.3277777777777778,1.5707963267948966,1.5707963267948966,-0.2790400847185487,0.14535502198317546,0.14535502198317546
44,-1.0131111680751486,0.8840031669748112,1.024421168037951,1.4141595105899984,-0.1256349646941027,0.6010318182157071,-0.139049398286427
26,-0.3572378997040064,2.012551415370733,1.1476825568251092,1.4519868498957855,0.1999466031092436,0.1082340279440523,0.1875171731291257
0,-0.0555555555555554,0.3277777777777778,1.5707963267948966,1.5707963267948966,-0.15973085538250706,0.027544650378791093,0.027544650378791093
48,-1.050613764044834,0.7247168535119666,1.6282914927970908,1.2005306097025277,-0.2000000099585258,0.2884094131685294,-0.1700151707579389
17,-0.3404283809566312,1.225435514526075,1.604336844323441,1.7175842052845838,0.1999729607633909,0.0081440832970725,0.1985999749885982
9,-0.052600154990843,0.4928920559256949,2.1335510574163115,2.018123525807743,0.1999445876847168,-0.4302535982646097,0.1936587932511438
1,-0.033176119899808156,0.18258807050659784,1.6644475785014974,1.5416756098352415,0.4199975781972989,-0.0872095248216454,-0.08140964826172951
6,0.0275166659363606,0.2373379239695189,2.3278690559114628,1.8061201078446545,0.1999689626965346,-0.1362117509897645,0.1665741044894018
0,0.0111111111111112,0.15,1.5707963267948966,1.5707963267948966,0.38022983069613614,-0.19984198028788652,-0.19984198028788652
22,-0.3386199335441043,1.6212529555798303,1.490257268567309,1.7268915724419032,0.1681164145205955,-0.1970673233812499,0.1680513212531945
3,0.0129989714991815,0.063279519644944,2.052218579652401,1.189733930643032,0.0722952058668073,0.231738969283341,0.0646315036053013
31,-0.4065746748934233,1.911603018136808,1.518266218960923,1.0777145364759493,-0.1999758045516233,-0.1701957048177677,-0.1881392239754864
1,0.0990853031091818,0.3355872400484359,1.464045736656506,1.5901126494748647,0.133264044078857,-0.2952146546070439,0.1359183018313675
48,-1.0706941909606484,0.6567687801758553,1.5926265002996514,1.156062430928338,-0.2000000099468432,0.4077021261564933,-0.1640031732531854
1,0.07775030339798027,0.25170135262209503,1.5876180222865681,1.5648333768922797,0.021053588568961154,-0.19980678812765898,-0.19970696081219738
4,0.10033229745016357,0.13383017247612955,1.5272077863977511,1.5892401251404042,0.6663661370809517,0.009542603838927063,0.005393275238018065
18,-0.3642200922857622,1.346231658836878,1.6205812686685053,1.6515819539327763,0.1998103382792138,-0.292387491154036,0.2006206089370917
0,-0.0777777777777776,0.3055555555555556,1.5707963267948966,1.5707963267948966,-0.199933934033517,0.4435299120383008,-0.199933934033517
15,-0.2544878632154368,1.0541577725289897,1.6501349410189745,1.9110897404888687,0.1999716754723133,0.0705550726645467,0.1913811068329236
5,-0.09893189105699174,0.2325731981823706,1.7052606642853956,1.5898383400252507,0.3211219428743201,-0.012493126163696272,-0.008711760040393417
36,-0.5918661078172053,1.5075105635048844,0.21742871953188742,0.6898597163249351,0.2556323895343827,-0.20000000997337952,-0.18972555864471233
7,-0.09931009820666163,0.3276927795174578,1.6511539060382026,1.5791389026157017,0.4699113128221118,0.19963966388590407,0.20250334807404463
23,-0.3788655825156539,1.749673779495405,1.3865517557862816,1.5539962472146935,0.1692970725297337,-0.3677627760701327,0.1730585154222089
35,-0.6463017285520799,1.6147310992683988,0.9345761535732464,0.85588640843285,-0.1999953052611677,-0.1027751884158374,-0.2001843326104067
0,-0.0333333333333332,0.15,1.5707963267948966,1.5707963267948966,0.27462461624983053,-0.19975498186773072,-0.19975498186773072
1,-0.0795694540249202,0.3843628069142705,1.390188662971334,1.594724908263491,-0.1013882065864919,0.2261568476579057,-0.1038683399645384
35,-0.5985433747134995,1.640198014878736,0.9212830482167188,0.8992620987931723,-0.1999999904625034,0.0891311969672754,-0.1997552407076268
45,-1.0378913584025522,0.7518623611786075,1.2636893054618383,1.3897513491036155,-0.1326749700484758,0.4679260150457224,-0.1375053139100842
27,-0.3340076448282715,2.091223012333911,1.413321466737982,1.3060562784659084,-0.1999145534145137,0.050682137565159,-0.1982229642318646
46,-1.0468253403313008,0.7120294546230366,1.3394390747355618,1.3688368029433795,0.2000000083724567,0.494852801818353,0.1984590466638073
1,-0.09989651801738116,0.37053029545514554,1.5885791136559586,1.5664805502750112,0.33718109919613826,-0.1999271308746751,-0.19913325485925729
30,-0.3836544410194301,1.9747147412462136,1.4825299721242535,1.1948723223014983,-0.1999703380374732,0.0491316972724105,-0.1903598659428339
30,-0.3667184142386694,2.0341006373088404,1.4693053134216427,1.237178890882815,-0.1999800731401466,0.0906710259418773,-0.1925306274214497
6,0.0354249727268016,0.2235699522773435,2.3009910720891886,1.6088413605969738,0.1999769178506896,-0.0040521976531544,0.1536987934609742
0,-0.0111111111111109,0.1722222222222222,1.5707963267948966,1.5707963267948966,0.3791306568525211,-0.19983826396154572,-0.19983826396154572
25,-0.3575954850016123,1.9390668034067835,1.2213256432238158,1.4992673469379325,0.1999259836575204,-0.1203707968655495,0.1955559659670586
42,-0.979273959153732,1.0307848316974022,0.9032322614083332,1.3264454457846175,-0.1999211400460801,0.5018326696604781,-0.2028927810635039
39,-0.8373716719320267,1.3157618697572602,0.8515149537075737,1.009046989538778,-0.1999999203563668,0.1283737225244202,-0.1995373583789524
5,-0.0180398426548626,0.2476638915120206,2.1053852455982334,1.3095732882474973,0.199928450629601,0.2678928671866634,0.1590300411569406
2,-0.0332117942619126,0.4704039122483541,1.709990489901628,1.5081451974152416,-0.1999553780882415,0.2471930674260904,-0.1909402804283893
3,0.0774529808921368,0.36767086651099884,1.4429488462693802,1.5532271300910416,0.2753667948167526,-0.19987674755724366,-0.20169314470695068
11,-0.1995518814038132,0.8064950475016602,1.789102009838933,1.944554131795052,0.1998771700142103,-0.1644994997248171,0.2000138702469386
24,-0.3715787724241333,1.8176315646339924,1.2503409150056783,1.5132167530359009,0.1999785398076131,0.0259859652746599,0.1924333413879296
25,-0.3615030172803553,1.8790720884158312,1.2815525360972395,1.4643142182045712,0.1999473524209975,-0.1424979573496096,0.1992071756766294
1,0.0554732199831159,0.2857665135255048,1.5483589331295828,1.577079539065958,0.24108251718036633,-0.1998546673888627,-0.20046455408514366
17,-0.3119008088114209,1.380561944958047,1.600388724329329,1.7929018397599277,0.1999663792554615,-0.0675546213548893,0.1975647992266931
11,0.06599356127828582,0.8067221165442231,1.8302390482884388,1.7225918548947288,0.24833242216878482,0.19996276915716305,0.20147338036347903
0,0.0333333333333334,0.1944444444444444,1.5707963267948966,1.5707963267948966,0.36809782327613144,-0.1998775181082128,-0.1998775181082128
0,-0.0111111111111109,0.15,1.5707963267948966,1.5707963267948966,0.3758563771522168,-0.19982546476363616,-0.19982546476363616
10,0.0895880116514267,0.6046607902458613,1.7892538030308227,1.6583746780825557,0.5225533106113096,0.20000000999397125,0.2051091428418798
19,-0.3680914645062763,1.4052062824631557,1.4690264808893725,1.677999829906112,0.199998996224774,-0.1577829147447068,0.1989211974306095
18,-0.3587511125693439,1.2953431036184246,1.5645400324627,1.684437427518281,0.1999520657987377,0.0866402636945371,0.1974802855247276
16,-0.3281832497318929,1.1803515503866202,1.6155530028995788,1.7479605754785783,0.1999630400874527,-0.0492546629039399,0.1988630120259301
45,-1.0021567662116475,0.9346227046215728,1.072046719422144,1.4284477043760964,-0.2000000092184492,0.6470161162781722,-0.210006357230505
16,-0.20220783746101753,1.139185826763824,1.7762761533471458,1.7889744402290106,0.15653732222934028,0.200000009970082,0.19978511529636955
20,-0.3763873295945564,1.504085786471817,1.3901350235170185,1.629300558282347,0.0463592451953477,0.0710048934221026,0.0433576261402909
5,-0.1305467237590847,0.4373683115221793,1.7216666621601735,1.228640968822659,-0.0682920111536036,0.4023177574790908,-0.0411173301319123
16,-0.3448615812953323,1.1332679671226211,1.6024830061910826,1.7071268162787134,0.1999871405232671,-0.0424176600229898,0.1993362419544757
48,-1.067310948021149,0.6615412989302486,1.6192621353965828,1.1501433364163718,-0.2000000099577324,0.3508979581103044,-0.1625293012664364
3,0.0545719133009441,0.0583345341850343,1.93625442589168,1.4579597713513894,0.033821789198414,0.1879974746988175,0.0386792282489391
11,-0.1638122271575356,0.7782718822713499,1.8439365023747336,2.0065600881382424,0.1999241201947943,-0.2550929099611582,0.2014164530265766
1,-0.055425435737850165,0.3272524464177998,1.6104846643891673,1.5594327284928657,0.4090223675463618,-0.19963827522207478,-0.19729094165280608
2,0.05611279781349493,0.2576350663685167,1.6497886685031968,1.5561886920277894,0.5288005755411351,-0.19444084258189506,-0.18864737230251086
43,-1.0009094802304253,0.9338974852863552,1.01414163159839,1.3561737381362358,-0.1999999598657723,0.4743225180401536,-0.2043238504890932
0,-0.0111111111111109,0.2833333333333333,1.5707963267948966,1.5707963267948966,0.02250910836967557,0.11937900198405126,0.11937900198405126
20,-0.3605977590233225,1.5704744558155268,1.438392339052595,1.6965972861488885,0.0260038767672722,0.0249472482484408,0.0245048289471956
6,-0.0336859742244976,0.2270808607221896,2.267144792149764,1.7630983044077986,0.1999840765417821,-0.1729818329081015,0.1667585845990269
24,-0.3688740753576239,1.798830738239737,1.2486763381522206,1.6244318495437209,0.1999521682694901,-0.0487920788596536,0.1877921815495495
32,-0.4620561591378133,1.8143029500775305,1.4122724295657043,0.9374365568081916,-0.1996112690972457,-0.5369450827364596,-0.2020765551391617
2,-0.0798855334758129,0.4573211632771503,1.3796134800517486,1.590122916098353,0.1144221213382168,0.4519465898541407,0.1024524153525374
1,0.07776569815995454,0.31843518896537826,1.5782435099270682,1.568157679041498,-0.2817967657385399,-0.008846182380095125,-0.009129943083219285
0,-0.0111111111111109,0.3055555555555556,1.5707963267948966,1.5707963267948966,0.36817300984275736,-0.19974942508477256,-0.19974942508477256
9,-0.0270357506597531,0.5037539220372829,2.205668658312971,1.943269987228911,0.1999838738117795,-0.2412405914342751,0.1868808058266475
33,-0.540123687760918,1.7212306796946244,1.0735063873137118,0.8969475289448867,-0.1999902750797412,-0.1744573807932475,-0.1999454341200486
44,-0.9885452131989988,1.0171053044790963,0.9916463578435292,1.3797310587492266,-0.2000000089813298,0.4993274172016669,-0.2040224762543043
23,-0.3801296241429076,1.7365800041983177,1.345809819173937,1.5362985511324478,0.1997059630529647,-0.109909573297649,0.1981746597132382
30,-0.3753127957671059,2.020499723047781,1.4741623976526088,1.2106704403842965,-0.1999962983188968,0.037429502698878,-0.1921188360559907
6,-0.027411393626359547,0.2895697640001212,1.9547399576758373,1.271611632238899,0.3894353071561058,0.1999805937409846,0.1796873486811399
2,0.0965122706654949,0.0175875573072738,1.6450681672747498,1.515647909782689,-0.0120209568564796,0.0765094953085471,-0.0109329982063555
5,0.07807057812140655,0.2568869561034138,1.6338695837792496,1.5546968508161474,0.5478796856049682,0.12428202499566238,0.1282258914967224
2,-0.0385594422991153,0.169929561575947,1.7975680556239515,1.4395105677866942,-0.1999461581421704,0.2441161846661242,-0.1787102558469294
33,-0.5082533123468329,1.766150978716127,1.2978834685996188,0.8795449932366552,-0.1278463135477815,-0.513765905432731,-0.1376928786951615
14,-0.2507467031055761,0.9418361456807784,1.698430084394967,1.904456318808997,0.199981484644037,-0.076750697219725,0.1973222913081194
25,-0.3705773388875881,1.891215965023595,1.2679960914750228,1.450760969541809,0.1998863248692134,-0.1233532838730553,0.1987991404798404
12,-0.0762022276931763,0.7320962165816942,1.9921458205605376,2.0722059181241947,-0.1774178699147697,0.2000000099934568,0.20077828262963243
2,-0.07809062901093908,0.22294529970332444,1.618998265885983,1.5508868408233822,0.41214395045588614,-0.1261311953409711,-0.12303373544619776
12,-0.1674227197971909,0.7783449380888603,1.8119101842736365,2.040313513675492,0.1999756811623309,-0.1808738831766617,0.1988775381472021
47,-1.0220088962460578,0.8187814983617432,1.582335842277554,1.3285359577027938,-0.2000000099636128,0.0861614246607174,-0.1914296992961441
6,-0.0502774304844259,0.2080393409142487,2.247795061227549,1.5599984783062273,0.1999621579841057,-0.0334634589859639,0.1523757194793172
2,0.05538606039936342,0.2909450592646812,1.6319263922658305,1.548364608400635,0.4331210057740324,-0.10048741239490054,-0.09652176027887174
42,-0.97347000196291,1.0408073342897606,1.0427836645717603,1.2800572730233988,-0.1999998590661548,0.0276448372975614,-0.1950461514679468
0,-0.0777777777777776,0.2166666666666666,1.5707963267948966,1.5707963267948966,-0.15248996489396008,0.19994027393048325,0.19994027393048325
37,-0.6321478025601164,1.601186829487723,0.9874588365246236,0.8470046561520279,-0.2000000098943038,-0.2633418863525054,-0.2017171108395936
16,-0.3024887980917488,1.1831744208023205,1.6326285618880316,1.7959884693889654,0.1999713727701015,0.018343259948855,0.1970107131003032
4,-0.1139659238818919,0.3286467852535742,1.71151509782126,1.3353363939126628,0.0414562060546156,0.3296111982037684,0.0506662870063122
7,0.0207396772914585,0.6371650004047473,2.2698983375372244,1.8499176697490995,0.1999619263490791,-0.1129935853850458,0.1779773675814537
5,0.1007815409247865,0.22431268976315308,1.6533386009421687,1.558605796247629,0.32383184045271657,-0.01492694762260341,-0.011796854792541533
29,-0.3535444922850054,2.008532553342349,1.525253446241454,1.2051375145687,-0.1232560036373935,0.0530669099855218,-0.115324576922738
11,-0.1775681608753065,0.70707489312584,1.8452708929440893,1.957638696834237,0.1999678414321347,-0.1778950105570031,0.2007014830789713
10,0.0400782673466794,0.6800978618413329,2.207936915361969,1.9447677708561928,0.1999908186809798,-0.0617340557436446,0.1914992536507046
19,-0.3396959710877238,1.517877732339607,1.5609920361465734,1.7283780924289336,0.1893539888748122,-0.1219695670336552,0.1887395881309597
26,-0.3605214046746109,1.9911853450685704,1.1586311623664214,1.4472391046209183,0.1999440032898398,0.1154862742997468,0.1883875735993603
29,-0.3634137624926095,1.9727754359541168,1.5362861148859914,1.159826207357299,-0.0014122184097884,-0.0719430169062783,-0.0039581688462575
47,-1.0382398398120132,0.7554326490406704,1.4428772178476248,1.3406884332251396,-0.2000000099305562,0.4356050748212289,-0.1945130114723618
36,-0.6438839466974249,1.57374612821607,0.9841369761050532,0.8755349393349253,-0.1999999133896675,-0.2443230074317465,-0.201469817263459
10,-0.08492627423677838,0.7112096850487453,1.8872629926284832,1.8358872396979289,0.16511853777979055,0.19996252562912295,0.20054662211567806
5,0.0242133681829196,0.1804143494872485,2.1512686936049885,1.2885646672883442,0.1998100173802557,0.1199245600684422,0.1390631273615146
26,-0.3291165331844194,2.097820206973408,1.1968078830863995,1.3908925721252112,0.0913610626608019,0.3555675840835409,0.0827879452417858
46,-1.032794045737301,0.7700679860177408,1.357113697932298,1.385253131598937,0.0277678730182502,0.4712866421714189,0.0264308811471832
38,-0.811968238747484,1.3836450009033714,0.7198841091084589,1.0124185215622754,-0.1999996323198907,0.1407399470393721,-0.195561520554045
2,-0.05548606284084454,0.31701009580674233,1.5782761136677603,1.5694895196805267,0.47912521908712286,-0.12748004720664766,-0.12705414377868746
38,-0.8265822390503238,1.3910486029697795,0.8134035899387062,0.8598462587176977,-0.2000000097825302,-0.2591831140619727,-0.1985810735114911
3,-0.07710660538983125,0.22350548122533706,1.6972738826225848,1.572435567723176,0.3962356641495353,-0.10307133756657184,-0.09733551611220993
0,-0.0333333333333332,0.1722222222222222,1.5707963267948966,1.5707963267948966,0.019629576006228052,0.1873025034132022,0.1873025034132022
0,0.0333333333333334,0.15,1.5707963267948966,1.5707963267948966,0.37583633236717956,-0.19988553706488105,-0.19988553706488105
2,-0.0375489952269561,0.2234277215008466,1.7592737922866029,1.463629364052324,-0.0851672657886749,0.3123209676214319,-0.0723725777681888
8,0.08131176592189358,0.4324254133290522,1.9773404403266053,1.7499123928951477,0.13028502814629375,0.19997502041570225,0.1977631376575822
31,-0.4259069143290149,1.84958138718194,1.5081540655085637,0.9365380308210168,-0.0571970847661509,-0.57700222200946,-0.0793196910137628
46,-1.0371125985829814,0.755735581863844,1.326605187379737,1.379995544755093,0.0618833361071264,0.4987746626373993,0.0591334461151917
28,-0.3438127535550023,2.1466029231571944,1.2579339879830558,1.3087451964526418,-0.1168992803012094,0.1953889802409417,-0.1177407765968478
42,-0.881049515312844,1.2681708555673712,0.6964646654405606,1.0416488840964608,-0.2000000099082389,0.0719348954546295,-0.1906366975344559
38,-0.7133945641011838,1.4249419269997357,0.27772986037673153,0.39456267067224593,0.1691668354964951,-0.20000000998194753,-0.20060850173242387
2,0.055213984513862925,0.18142806408261408,1.5812869826939444,1.5640368906924984,0.47212013962188243,-0.19953013405572248,-0.19868607693757492
5,0.0191051385025591,0.160288199859575,2.268362217568248,1.5611755275476158,0.1999309453453648,0.0760109167541532,0.1569244534226463
10,0.0357374710582439,0.6553703748718634,2.1759496361509205,1.8956348086019423,0.1999826255718509,0.026969397400678,0.1929231114846171
46,-1.024400158950154,0.8686521485419567,1.1644537934851615,1.330916359189407,-0.2000000099971756,0.127802144648285,-0.1993530397768321
6,-0.0794655299502629,0.2347230024031182,2.1648942238004483,1.3995107678299108,0.1999616227065571,0.0476333421228581,0.1474957774448676
44,-1.013854587463511,0.8810183140984958,1.0167801096535665,1.411047186739655,-0.134984100395568,0.6066783331760938,-0.147932329539433
1,0.055591139559875075,0.2837854205473065,1.5812448682871203,1.5678268932595671,0.22855189023808362,-0.19995457721397594,-0.1996299162142668
10,0.011939552450988596,0.5483665669618912,2.1913131578291285,1.9399503745589133,-0.3978973156415229,0.2000000099475038,0.18381821542566867
10,-0.082417953144481,0.736992133629379,1.9271342151142177,2.127948598589046,0.1999749082300976,-0.0872003297787278,0.1976956668661003
0,0.0555555555555556,0.3277777777777778,1.5707963267948966,1.5707963267948966,0.1453550219830714,-0.2790400847185873,0.1453550219830714
25,-0.3569519798078042,1.9452968011941196,1.261616249325158,1.462026047248684,0.199958641991219,-0.1658383737741465,0.1992578461736745
36,-0.6900678640744082,1.5371676434750292,0.873224581855029,0.9177197967511412,-0.1999989379327689,-0.0294881614277914,-0.1996698243137405
42,-0.9774702179947524,1.0290364303984316,0.8604752621776348,1.281483449100271,-0.1999998796432303,0.2421343066474681,-0.1924309301250909
13,-0.0494458232923675,0.8683371817515224,2.090755040778,1.9615031125700595,0.2000000099938121,-0.0817357964249989,0.197278216428771
33,-0.5218639082887566,1.7362131077674972,1.0933416820525204,0.9110381503277404,-0.1999784061613671,-0.0781112404041079,-0.1980806214651215
9,0.0429350934094278,0.5304273662476923,2.3306771341225505,1.8850558917313924,0.1999828698472522,-0.1744785558789003,0.1729328080429964
0,0.0333333333333334,0.1722222222222222,1.5707963267948966,1.5707963267948966,0.4067251970228847,-0.1999191914260118,-0.1999191914260118
48,-1.0448005328418557,0.7263146545714794,1.597789206580725,1.2639407002592715,-0.2000000099658105,0.3101383191584978,-0.1787950032049967
44,-0.9987990150809428,0.9628001175511,1.1498633332339194,1.3950762252723956,-0.1865733663715822,0.2275736811196172,-0.1865167917556607
5,0.0143629940837483,0.1439160358483373,2.2405799324768885,1.4754847079481757,0.1999369932771119,0.1058578807173261,0.1515496107863896
0,0.1000000000000001,0.2166666666666666,1.5707963267948966,1.5707963267948966,0.03836785227926507,-0.19993278612429316,-0.19993278612429316
4,0.1092989421210954,0.1960741295199753,1.5521475596446903,1.6496385995983671,-0.0189850331840851,0.4442376445069784,-0.0232189446854216
2,0.05572292160497728,0.19114838826158131,1.5703983131832286,1.574568979608337,0.5014390070110056,-0.009097977642850103,-0.009307031392552484
5,-0.0490430395355306,0.1181996276747637,2.229422644253109,1.5439026289772582,0.1988221317222203,0.0116665600873461,0.1546447940603371
12,-0.0816935670947262,0.8083211285004677,1.9392663375368289,2.130320229629981,0.1999940082945617,-0.1396529522723383,0.1990069697085934
40,-0.889227375439488,1.2307899403591611,0.8202946458083676,1.0781273737728232,-0.1999999478511919,0.1891607055025619,-0.1982122479747986
38,-0.7796827946026785,1.3932433777356643,0.9027968955987502,0.9382149511836694,-0.1999999078039462,-0.1620931801338645,-0.1993004946040278
0,0.0777777777777779,0.2833333333333333,1.5707963267948966,1.5707963267948966,-0.3792818520132476,0.18031257198932615,0.18031257198932615
42,-0.8358128600658113,1.2834630311688198,0.9257304745920628,0.9026770815970278,-0.2000000099426135,-0.3463881273728728,-0.200745337833543
0,-0.0333333333333332,0.1944444444444444,1.5707963267948966,1.5707963267948966,0.03769938502389991,0.15875211299120545,0.15875211299120545
34,-0.565826667046205,1.662111062917484,1.0955352996589809,0.8807590468957225,-0.0751036578808557,-0.3068987141156715,-0.0799189804726763
1,0.10006408220877455,0.2711748819706805,1.5407581041243414,1.5816332649625775,0.1116053809519648,-0.1998173099746406,-0.20010646972310078
21,-0.3734947577011973,1.52613651191401,1.4371627289618494,1.6271117633364178,0.1990541463355812,0.0056498493126144,0.1953672562704957
18,-0.3178909371166111,1.339237890445571,1.6489714283849244,1.7630117947815829,0.199769082578868,-0.1946691494004036,0.2006866761340635
43,-0.9567374777296483,1.137172906701421,0.7340518268452547,1.3095411951461189,-0.2000000099613094,0.5803431811183913,-0.1993701322992048
31,-0.3987519397325182,1.924232821614656,1.5384397585048086,1.1009567259367752,-0.1999891843204266,-0.157390479166486,-0.1878223963440867
5,0.07737173789649043,0.26512764369067865,1.6284663286667804,1.548652783501933,0.5584431501384305,0.11888839487950056,0.12296232643597678
33,-0.5175868515067431,1.7394160014202475,1.15001987957383,0.9133725728354974,-0.1999946234796752,-0.116612916915557,-0.197154592972625
49,-1.0936695541245898,0.6318024536593846,1.764886817405507,0.9556742560706244,0.2000000099685384,0.6670218301970016,0.1862890226075131
6,0.09866607525872786,0.37123073029704523,1.4625543058583128,1.5673161843310135,0.6913002506465491,0.0304265401447654,0.023030775061124463
3,0.07901801869591246,0.31706134246615547,1.7095042995146041,1.5700219180819348,0.25136548245638707,-0.07983783694293775,-0.07556771142710537
31,-0.410828143605028,1.9169843799029893,1.5178016168256905,1.09386844634223,-0.1999464187717476,-0.1605499492629669,-0.1888509800427146
30,-0.3430181378739555,2.009029185962808,1.3281584738536,1.6255800603345303,0.4141926885462139,-0.09388642020434448,-0.1019025279694665
1,0.09993314466193709,0.2488186274375647,1.5808341233667473,1.5666500361842037,0.0378496240258824,-0.199942165947532,-0.19986836883304138
31,-0.4158717134371376,1.8936674986761408,1.5068243213822967,1.0199374378029136,-0.1999064668376482,-0.2809329074592479,-0.1898202739310641
0,0.0777777777777779,0.2388888888888888,1.5707963267948966,1.5707963267948966,-0.28746119666940195,0.1544764426949534,0.1544764426949534
31,-0.4130680319540363,1.8745905613912583,1.4752286981153158,0.9928457422036848,-0.1999111151728217,-0.4582055513463856,-0.1983554263743502
1,0.0983125232876193,0.4201998514353307,1.3947252612215877,1.5968550574976188,0.0393198478306521,-0.1567530741988487,0.0416662595754764
9,-0.1533005485658254,0.4943810874677826,1.891490763095675,1.9461614978692017,0.1999627926882329,-0.1400492152220974,0.2004293117878864
4,-0.03769569841680198,0.18335470813075452,1.9182194850861727,1.3984247096106046,0.27262539294402177,-0.059231252539763225,-0.03786669723687333
0,0.0111111111111112,0.15,1.5707963267948966,1.5707963267948966,0.38022983069613614,-0.19984198028788652,-0.19984198028788652
6,-0.0756717128660833,0.2653381280615118,2.1290665258333705,1.407135919093946,0.199951325694471,0.1527223270676107,0.1601621558018465
44,-1.0111030059673245,0.8999879839845036,1.0359445758008228,1.392861287773366,-0.1999999823551466,0.415918336067933,-0.2019273335219174
0,-0.0999999999999998,0.3055555555555556,1.5707963267948966,1.5707963267948966,-0.11497253985146935,0.026580636071759055,0.026580636071759055
0,-0.0111111111111109,0.1944444444444444,1.5707963267948966,1.5707963267948966,-0.1999373627620231,0.3806528054887994,-0.1999373627620231
17,-0.3468538726082787,1.222204101683365,1.5987500806150468,1.6994834438139446,0.1999719611842112,0.0298381781045232,0.1986581780979842
22,-0.372276716336256,1.6714443302065956,1.4118200612807912,1.6189016173521875,0.1998613430833514,-0.3039621201541195,0.2018409346098393
49,-1.0714076850060574,0.6438724610623907,1.6274273750400663,1.258297429047838,0.1820212524029741,1.0129016102245525,0.2063065027035791
0,0.0111111111111112,0.15,1.5707963267948966,1.5707963267948966,0.38022983069613614,-0.19984198028788652,-0.19984198028788652
48,-1.0713065631436438,0.6621132234432888,1.6312014333910865,1.1957466435822603,-0.2000000099537278,0.2788395456659774,-0.1695735805018533
34,-0.5955105143933361,1.6564931984991256,1.006440959138432,0.8691603853638631,-0.1999470174208906,-0.2682848805811572,-0.2017373509483348
33,-0.5092462697437543,1.739612418908749,1.1572025120301088,0.9271224390710444,-0.1999824275252537,-0.1097900387032701,-0.1972163400786223
39,-0.8279081615629404,1.338231531744943,0.7944413082600756,0.9670021218551532,-0.1999999937518567,0.1078305562242156,-0.1988811641170667
15,-0.3137580600474476,1.0289383311164615,1.6288027865668004,1.7768917506668216,0.1999716086617576,-0.0407232848760963,0.1983837552629848
25,-0.3567932876800561,1.9516907178094849,1.2577065508774232,1.4547556920055151,0.199926180623575,-0.1405606316112719,0.1988091660575696
7,0.0359161570402298,0.3187026216915651,2.219028667027364,1.829975153020632,0.1999911617172458,-0.016465724141621,0.1844209538768129
6,-0.0137435535791564,0.2340516074031325,2.1655334856444166,1.4065457877198837,0.1999681612954434,0.1709795443319406,0.1568501029041615
0,0.0555555555555556,0.15,1.5707963267948966,1.5707963267948966,-0.1998930286589368,0.3064476116271347,-0.1998930286589368
6,-0.10029028778212157,0.2846248154798397,1.6433479944851737,1.544315908120689,0.4926210061457699,0.1941158205891804,0.1980352752596534
2,-0.0088499630424651,-0.0218379876714645,1.958926150893124,1.2460347590691492,0.1998869965099788,0.2333907445517408,0.1664736254896277
48,-1.0339806923278558,0.7726865962923545,1.238088989400418,1.4498193731755065,-0.2000000099671305,0.6630924347710795,-0.2094687739553489
0,-0.0111111111111109,0.35,1.5707963267948966,1.5707963267948966,0.3561175064547438,-0.19968190542199007,-0.19968190542199007
3,-0.0354124895068652,0.0533426486656634,2.0973691137085946,1.3612604571590996,0.0233963430098954,0.2104900447129108,0.0314712168764142
2,0.05553638855489182,0.129468952987446,1.7413592960525213,1.5147701342453723,0.3679876465319877,-0.19965345153651143,-0.18628294144693128
6,-0.09945921230876648,0.3531715056995628,1.6299853852476387,1.575512003018109,0.49784323954101717,0.1898270870895535,0.19225609458713963
33,-0.5183339938779369,1.779627563864919,1.262431317934075,0.9379933939640848,-0.1999976775699869,-0.2474702564279593,-0.1974525691532961
21,-0.3740255682310451,1.6758691142151194,1.4263463715323137,1.5410836563202048,-0.0504773708644006,-0.0074082188094698,-0.05006066337287
0,0.0333333333333334,0.35,1.5707963267948966,1.5707963267948966,0.1701249690463026,-0.1804546014700145,0.1701249690463026
0,0.0555555555555556,0.2833333333333333,1.5707963267948966,1.5707963267948966,-0.24815191941342127,0.14256461163591808,0.14256461163591808
1,-0.10008606003339958,0.2001333851214174,1.5998973539706807,1.5600054273025203,-0.37012779996166156,0.19986139694157212,0.19822627220729133
31,-0.3968518648532077,1.890047409783818,1.5198522716327738,1.0512873236318443,-0.2000000087113029,-0.0139796215358822,-0.1790747934506787
17,-0.332779706219919,1.2216708594093684,1.5986919563255575,1.7387333199471875,0.1999910295994427,0.0683073185746025,0.1970797007117759
27,-0.3428720868361493,2.051289454720486,1.2630489257939042,1.3552310984308868,0.0626315906906599,0.3546487842001619,0.0591010700100626
7,-0.0519048858953086,0.4187486281551414,2.190247633711264,1.454939090173457,0.1998298550263138,0.0615596950261492,0.152328101892519
17,-0.3236821661368489,1.2533303465688364,1.6150058016180706,1.7579218143542563,0.1999736294284413,0.0119537234786264,0.1977646168614528
0,-0.0999999999999998,0.2166666666666666,1.5707963267948966,1.5707963267948966,0.1267728252473177,-0.4128075021082498,0.1267728252473177
39,-0.8635330973897083,1.3085666033514691,0.7064962244448764,1.0157823857346364,-0.1999999031224853,-0.0419230747901041,-0.1892340764035394
3,0.07659429323390357,0.32137266280592963,1.4753501555258932,1.578445013415044,0.5271714586387266,-0.11448320006506585,-0.11930058786295772
13,-0.2478919965510182,0.8415176355356286,1.6807065727079826,1.9148034576632784,0.199979246601966,-0.0156134579993117,0.1948868353598299
0,0.0333333333333334,0.2833333333333333,1.5707963267948966,1.5707963267948966,0.2845145498094512,-0.19975880451378794,-0.19975880451378794
37,-0.7559671284591899,1.477661338331724,0.7930173087371946,0.8810556470222622,-0.1999999745936531,0.0450383678168092,-0.1996213985754992
8,-0.0194315601602327,0.394769444507335,2.2313916899214536,1.920802433226754,0.1999872085239975,-0.2290922656386498,0.1834170377430011
19,-0.30585543131766035,1.3670749877172617,0.8498569557436086,0.6166869349034908,0.5822905367888085,0.20000000990335925,0.20804234665749383
7,-0.100131373038406,0.3140275742850848,2.183959266842682,1.7194706253763312,0.1995879728592284,-0.2204018073134401,0.1685685329978067
3,0.101677735280072,0.2930486289052758,1.4146581431385767,1.6418084406345457,-0.1927895138053127,0.2749788330122275,-0.1940297344662558
33,-0.5136269017035601,1.7654334012970008,1.2965079321409805,0.8680627867628415,-0.1074098872357081,-0.5185872401298763,-0.1192464802288666
1,-0.1001222506098609,0.319049531882833,1.5133100568693978,1.5882682506248849,-0.1996694223573842,0.3080351725481009,-0.2014155549597636
46,-1.0305186141604303,0.7888496476588635,1.3775421717146537,1.3693111933510858,-0.101224328629248,0.4045822175262463,-0.1008878927371468
0,-0.0555555555555554,0.2166666666666666,1.5707963267948966,1.5707963267948966,-0.1459848140978977,0.19981138019172734,0.19981138019172734
12,-0.0716820905870306,0.798142059029604,1.952460854508785,2.1465585210749896,0.1999935042364421,-0.142282916014688,0.1989824189462155
5,-0.07788607819940412,0.18495469455969352,1.5407169545677046,1.5792109973949469,0.47225691525076685,0.027900082105706873,0.02606195474279362
27,-0.3333192466432782,2.0982331195892523,1.2889175727526867,1.3423764478137998,-0.0755415341917855,0.3134726456928672,-0.077108608081064
29,-0.31648965804399526,2.0067365901647607,1.2914769036290066,1.4768247959383645,-0.0811519920283453,0.2000000099271197,0.19806998698275297
28,-0.3395684160992827,2.097896584527953,1.3970737186349955,1.2950224606369451,-0.1968104451379849,0.0519349487659314,-0.1952574138591324
8,-0.1267513030400302,0.4595662321973858,2.045715425013345,1.865564265497049,0.199923263606449,-0.3393025932878158,0.1906082635633561
26,-0.3253457798021834,2.126964585399929,1.2680447226865152,1.3553844946864972,-0.0739100350460782,0.2905534881029324,-0.076162775039172
23,-0.3764092028948914,1.688582869155829,1.3671361545251737,1.5312198652289202,0.1999437052674551,-0.1350055073923023,0.1994634437703907
25,-0.3724630938301335,1.8919837687665948,1.25658010571595,1.5098560255199591,0.1997734613654412,-0.1978723312604595,0.1983582580950862
23,-0.3736941904489777,1.7204464551737997,1.4088879263135314,1.6015753921641522,0.1465902568914769,-0.1932101457139109,0.1475772535531214
47,-1.031177152809943,0.7704893892360337,1.549654680317604,1.349297671595958,-0.2000000099499854,0.1104537538247082,-0.1938008856036015
4,-0.0994142266199208,0.4256747383797401,1.5996037679066957,1.4363245541681715,-0.1997730145331797,0.3171718449632618,-0.1919601645584427
40,-0.8921357710564473,1.2176456781231586,0.9403776112896782,1.045664278532206,-0.1559739889101605,-0.2296021157105326,-0.1526973390129777
27,-0.3103126001162705,2.1169702802014605,1.4352573763885004,1.3159505669916134,-0.1999875257414724,0.0370963577364676,-0.1981243549673071
2,-0.0309618279219014,0.1248394083476568,1.8653726759860807,1.294858644890151,-0.1273206518586439,0.2253773664258154,-0.0949842127254075
40,-0.8489271201172606,1.3422895938895962,0.8177400363464331,0.936022794361106,-0.0968158745678817,-0.2571816288717818,-0.0931044707100516
10,0.06459651804594065,0.6635500615084873,1.7965067893479052,1.6615957611671879,0.45124180196753355,0.1870078425301842,0.19137785791795262
2,-0.009828368401034,0.0438402967189383,1.9386498264239276,1.2479823913385195,-0.0186896461985269,0.1706882047651826,-0.003532648939406
40,-0.8921493025618297,1.3050194772121912,0.6380653596504846,1.1217530799033586,-0.1999998843437446,0.2865840809247542,-0.1903846014125306
7,-0.0780833296771108,0.2591886989224334,2.2008852474888903,1.6724506471792746,0.1999818267627304,-0.1271444375071874,0.1662933858440071
17,-0.2108312030547371,1.241734161508434,1.7183652150793352,1.9661046953734551,0.2000000099462043,0.0517534374252596,0.1926247890886301
0,0.0555555555555556,0.35,1.5707963267948966,1.5707963267948966,-0.2895187719702583,0.17553538498320548,0.17553538498320548
41,-0.8855333621211193,1.3000165986039731,0.6429102013650159,1.0307001854025573,-0.2000000099438203,-0.0081277157512075,-0.1848420695653967
15,-0.3104262512650754,1.049922249456306,1.6330295637368557,1.785231116212473,0.1999725563164691,-0.0587717425325788,0.1985518762190752
44,-0.9795056396346624,1.0593472143172813,0.9872091829651984,1.3332825940874966,-0.2000000099369765,0.3504142108895522,-0.2000286694524669
19,-0.3561713404457429,1.5753886031507822,1.3949086164978124,1.71094727551035,0.1772545950092457,-0.2496040809427639,0.1762336878885122
13,-0.2757923516648924,0.866826550106907,1.6637559586225996,1.855501579213786,0.1999651324242398,-0.0565001269265923,0.1973771228797784
0,0.0333333333333334,0.35,1.5707963267948966,1.5707963267948966,-0.18045460146009826,0.1701249690426339,0.1701249690426339
47,-1.0360997731392103,0.7556792530721472,1.5544408375487864,1.3063925051648697,-0.2000000099609925,0.1014340675204329,-0.1913883618446021
1,-0.033176119899808156,0.18258807050659784,1.6644475785014974,1.5416756098352415,0.4199975781972989,-0.0872095248216454,-0.08140964826172951
0,-0.0999999999999998,0.3277777777777778,1.5707963267948966,1.5707963267948966,-0.3182789076541286,0.07875920405412452,0.07875920405412452
5,-0.10116470208115508,0.5133342675140032,1.5338544319424656,1.577798807725581,0.5482922045741566,0.19977562295204496,0.19717409936121247
0,0.1000000000000001,0.2166666666666666,1.5707963267948966,1.5707963267948966,0.03836785227926507,-0.19993278612429316,-0.19993278612429316
43,-0.95300288939962,1.157543165181878,0.7107505166704383,1.268678401392629,-0.2000000099382528,0.5529173325895205,-0.1989438743496829
0,-0.0333333333333332,0.3055555555555556,1.5707963267948966,1.5707963267948966,-0.1929509034631797,0.19945797042985705,0.19945797042985705
41,-0.930789224932587,1.1673829972952647,0.8382929591288173,1.140912754196494,-0.1999998667116335,-0.0101310942982305,-0.190609745742779
22,-0.3701610140708671,1.6495262294704602,1.3653730042979997,1.601565251162416,0.1999258623830715,-0.2745588311787813,0.2007998692277994
47,-1.0466280058859183,0.7713334558984948,1.2283548658093042,1.359611178323032,-0.2000000099107762,0.320282101972502,-0.2024715040726189
4,-0.108938547169329,0.0584174182651719,1.987023088860183,1.1490294398270828,0.1148733470766145,0.2626465411043277,0.096367738913975
48,-1.069208099729794,0.6553568545424199,1.6208366817180493,1.1348912889067253,-0.2000000094764642,0.4466709635267453,-0.1559852467270832
46,-1.056340552070991,0.6754675054235025,1.4129229024903778,1.3239912534998166,0.2000000097654947,0.4844098637272501,0.2035119075973923
9,0.0096495731029286,0.4957463346387497,2.144265986163308,1.982885058841929,0.1999914695949846,-0.0625610392421033,0.1963876083091594
47,-1.0076097948248857,0.9498894414144758,1.0104877041430025,1.4903830624758627,-0.2000000099835809,0.4876547822508236,-0.1999230126681722
2,-0.07793194685941925,0.24813934459015477,1.6336601535466055,1.5478462564253854,0.39911867417547464,-0.09707405658686429,-0.09329605717870534
35,-0.6128162288593062,1.6336421508070678,0.8845224717946896,0.9379606690474248,-0.1999999329726734,0.127709455196209,-0.2003965684688279
1,-0.0337197852658916,0.3802912893003415,1.5310652005162577,1.5763326782143905,0.4652448329562961,-0.12992756476912806,-0.13189979413790986
16,-0.3386679664907613,1.1573107077440172,1.5940405588721671,1.7254499084531052,0.1999502218326318,-0.0478587372796262,0.1988533929225679
1,-0.09996502230913604,0.18322221735676533,1.5908307548440623,1.564601631177979,0.013194045758857454,0.19975627051166914,0.19972216445487542
32,-0.4758026272001203,1.8014160982786918,1.3446432196538631,0.9106292721172878,-0.1777220872134849,-0.5256574454250383,-0.183349343062496
36,-0.712097879466648,1.5420395140203196,0.8235114756170292,0.8801305581999087,-0.1999978552544568,-0.0108523469105546,-0.1996159601009518
5,0.0174162137426692,0.1510660110332854,2.2775397533792265,1.6058386188266411,0.1999133200200228,0.0113216395702127,0.1571895468724189
20,-0.3760713690635927,1.4946508970455998,1.4693990553043328,1.652637314541909,0.0742778301103866,0.0269970945520756,0.072542403048367
33,-0.5103029240222835,1.764541890952664,1.2772237376081694,0.8760882623221614,-0.1218044305394164,-0.4973049963434668,-0.1315533451720497
49,-1.073154208010485,0.6625830756941891,1.7499003258243624,1.0653407977081264,0.2000000099061525,0.7087534868518864,0.1997562766691819
11,-0.13367288262234167,0.7271377266805427,1.8833399213122046,1.713330607410252,0.20082417321785265,0.19996449355504464,0.20047941855513068
0,0.0111111111111112,0.1944444444444444,1.5707963267948966,1.5707963267948966,0.3746942483614454,-0.1999403285461828,-0.1999403285461828
28,-0.3419623847745866,2.0416276545841723,1.4542412104528906,1.260167685126892,-0.0762588409675909,0.1420244715771273,-0.0720881671088514
42,-0.9648731802770566,1.0669172960214066,0.9325176000100543,1.1957429912192516,-0.1999999592049789,-0.0888147077368744,-0.1908001892038121
43,-0.9919359236594084,0.9838553851647476,0.979009542399241,1.3652628736543762,-0.1999998624258593,0.5190445868232866,-0.2048187433682674
30,-0.368335645244119,1.9958599875417729,1.4956385010192152,1.2029404800674917,-0.1999702537409698,0.0452554358834153,-0.19015951091441
3,-0.0285531009927667,0.5023612377979606,1.976099802225053,1.5289806673464144,0.1999575040829794,0.3047792259187231,0.1934786990126506
48,-1.0585670258421445,0.7006525374069061,1.6211876726141066,1.180927781463753,-0.2000000099941885,0.3064870285363391,-0.1678664976948643
2,-0.03288677604905326,0.27203419346569946,1.5696738895610665,1.5828163633258334,0.49210351538616864,-0.076838522396697,-0.07747861367610967
5,0.0605828648043856,0.185905325472768,2.220297469365746,1.454005794835203,0.1999586339953721,0.0642150836188158,0.1485207529424382
15,-0.2621190082837256,1.0358382074911232,1.6872153399772944,1.8639274880788492,0.1999828938015365,-0.0523293314529574,0.1977884771728489
6,0.10059117718082332,0.26854221119337784,1.685805748066806,1.5577936443471148,0.43177053691191536,0.1998822748047099,0.2037588668756022
40,-0.8045127254226515,1.4115607174018758,0.7268215490961505,0.9488551072942494,-0.2000000099227149,-0.1110660509266617,-0.1926445127444822
15,-0.277288159815193,1.0525501016519752,1.6296742184688568,1.8652624495625028,0.1999701839078484,0.0687143716133321,0.1928425524698146
5,0.07760491450890966,0.24649748654398254,1.6305192113530378,1.54964276652293,0.5514214965729375,0.1400743608026597,0.1440713381055531
18,-0.3570489138373395,1.3048352163032269,1.6182127260234864,1.6741699531153635,0.1999497917524481,-0.2983724902682292,0.2013055694465801
0,-0.0555555555555554,0.3277777777777778,1.5707963267948966,1.5707963267948966,-0.15973085538250706,0.027544650378791093,0.027544650378791093
48,-1.0671331206351573,0.6615484302672128,1.6172243954248358,1.1524822843545257,-0.200000009957726,0.350832871719957,-0.1630633862711797
48,-1.050911076975391,0.7225424064580471,1.6284363101917667,1.2048360233227455,-0.2000000099578149,0.2802125254699315,-0.17080500235531
2,0.0260768814840996,0.0351456641460091,1.9447117893136212,1.3645136877069814,-0.1178372719226758,0.2451321074132981,-0.0851157939199599
35,-0.6148610862682711,1.6416706334679896,0.9277339470157626,0.8771323628732819,-0.1999999288425822,-0.0943888645200184,-0.2002213503388037
18,-0.3603622234067601,1.3404032533915442,1.6086648386487554,1.667832616427343,0.1998542644005017,-0.2284369003663267,0.2008553608387669
27,-0.3286303896195677,2.1312569819373097,1.271512078263914,1.3389233845658648,-0.1107985923398822,0.2917673199834352,-0.1125122898217335
2,-0.09994832120812741,0.273376729201867,1.587491428365868,1.5659465380513127,0.26434600248428286,-0.04436439416946182,-0.043784611481631236
10,-0.0324031834086528,0.5852445028967586,2.1129854665422574,2.032671927676735,0.1999943245643718,-0.1669988733762929,0.1980098774099709
4,0.07717485740362755,0.2008701550461887,1.629132144213889,1.5444702573985418,0.57576707256976,0.026618678519401553,0.03139207058986161
13,-0.2268220701298564,0.933582076458902,1.7522977638939374,1.9230274594465304,0.1999665849397191,-0.1127192011421476,0.1989743972627422
26,-0.3697060314663965,1.9795100744586047,1.1330170569370823,1.485322050353987,0.1999380041642772,0.0341166856806877,0.1864805424762807
26,-0.3690953962311182,1.9919496742208265,1.1717133834309308,1.411464311937752,0.1998719743046863,0.1259781137946407,0.1911635812005193
9,-0.0744552489392124,0.5768119562858962,2.1815842222831714,1.6661656608840356,0.1999882967846384,-0.0849240186152329,0.1698212181516257
0,-0.0111111111111109,0.2833333333333333,1.5707963267948966,1.5707963267948966,0.02250910836967557,0.11937900198405126,0.11937900198405126
38,-0.7735370094775578,1.4728523288639757,0.8670687619756112,0.8499163779879804,-0.1709218150844668,-0.3481814364719648,-0.1714938576225993
0,0.0555555555555556,0.1944444444444444,1.5707963267948966,1.5707963267948966,-0.2005827059256199,0.19953881470929893,0.19953881470929893
0,0.0333333333333334,0.2166666666666666,1.5707963267948966,1.5707963267948966,0.2462540891317297,-0.19979092262004983,-0.19979092262004983
6,-0.0050641639798585,0.3280180266728787,2.239331679191565,1.5073957892171015,0.1999803277406893,0.116278361101526,0.1565327805907092
42,-0.9354390584809849,1.1991267501753111,0.7109093504603139,1.155478077365664,-0.2000000089908118,0.0929291480210312,-0.1845558439540708
49,-1.0927513828269175,0.6124701903690881,1.8174885220009367,0.9393963080502984,0.2000000099731929,0.5794955076868836,0.1723175341961806
25,-0.3633302708773445,1.936429765554096,1.2276226426021908,1.4649913280874134,0.1999167044356109,-0.0714940682660797,0.195992210180175
25,-0.3807985201516964,1.8383115810924875,1.2036587856244625,1.5145942629559763,0.1999595141376616,0.0217290629215184,0.1897062117288698
48,-1.049981199518565,0.7353435190358434,1.35722310226104,1.3973800510141308,-0.2000000099395242,0.5404085455580538,-0.202008306173403
15,-0.3068612594200025,1.0120417865731526,1.6370170625729203,1.7894708015191356,0.1999872925771095,-0.0462688847854965,0.1983703810435584
3,-0.07781770618144299,0.49239342885090076,1.5672249748047928,1.5739932865382122,0.5599083388124667,0.19992907172135607,0.199545531834539
0,-0.0777777777777776,0.3277777777777778,1.5707963267948966,1.5707963267948966,0.10184137238576339,-0.17844750026534514,-0.17844750026534514
1,0.0296336945144089,0.2084700135496729,1.7276323093378236,1.4802022904655658,-0.1999210416590744,0.2407906152561694,-0.1879351786880155
16,-0.2882001275633774,1.2836715189000008,1.6740451482508072,1.8262428667918909,0.1999755755671008,-0.1473128478429562,0.1998973334071084
44,-0.9998501446417204,1.0578651864518251,1.0310883800328796,1.4473360483921458,0.1220523664594473,0.4324600346078869,0.0941449112979157
36,-0.5942553770663792,1.6652878858703188,0.8939775660817828,0.8763108693703179,-0.200000008350915,0.1452191879552721,-0.1997122569545018
45,-1.0239260976470732,0.8176985216229768,1.1738713433708776,1.4376505111963491,-0.0533335322217586,0.5500398510963436,-0.0658300430736149
4,-0.1117142620365474,0.1035935660583872,1.809554119453347,1.3809248930875035,0.1752288395532678,0.4345277885829123,0.1774370320383384
0,0.0111111111111112,0.2833333333333333,1.5707963267948966,1.5707963267948966,0.3619618378537095,-0.199780030950674,-0.199780030950674
11,-0.10312630797888608,0.5807254249381518,1.6049289750542979,1.5946356405031306,0.5218380696982754,0.20000000995767986,0.2005265506750907
42,-0.8803139343238124,1.208791004540122,0.7620504797893184,1.1052206829598992,-0.2000000099493175,0.2831749120553746,-0.1978666543396252
28,-0.3404198590076862,2.092238942279722,1.3984262513572974,1.2961448313171318,-0.199874433673031,0.0740546038974234,-0.1980737316871569
40,-0.8007691347117352,1.4264790970181476,0.6839611554882103,0.8917037640274517,-0.2000000099636629,0.0586739355266162,-0.196909968491012
21,-0.3442232641984019,1.5606503277491244,1.522037748904169,1.7242182873169702,0.1997306579444565,-0.1108432013229242,0.19788814978842
41,-0.9262277123315852,1.1776542539169486,0.7750833218842677,1.1420581383399466,-0.2000000027106914,-0.0178731301333071,-0.1860421327175251
31,-0.36664231214351845,1.9897298355462898,1.235914202233647,1.4808829711204525,0.18931344060651797,0.20000000994081596,0.18943764595905377
9,0.057201556718028866,0.3991915089717343,2.1214594403889517,1.866321216666276,-0.3668090831557206,0.20000000998007203,0.18426819684826648
0,0.1000000000000001,0.2833333333333333,1.5707963267948966,1.5707963267948966,-0.3828280666889024,0.12651627597840148,0.12651627597840148
3,-0.11033574693362572,0.3789172444258695,1.6708673639003306,1.6693945276231845,0.3195937703573055,-0.11993553878183816,-0.11988833778410073
5,0.0542186950069082,0.2737950879149028,1.99020042242496,1.18994934695815,0.1943665470231007,0.3580260032214397,0.1610709410626502
28,-0.3655533142984496,1.9526727060187088,1.5944979800740158,1.125170416254427,-0.0178773342932547,-0.0045750633088335,-0.0161512290517924
33,-0.502350568964707,1.7530714094582192,1.0894561871051485,0.9349305202739084,-0.1999827994259733,-0.0534716920695658,-0.1984229243094957
33,-0.5109147902031524,1.7642731464196548,1.241894252990463,0.9017817387095872,-0.1999989981000335,-0.3242629794563953,-0.199359674300677
31,-0.4175348173304541,1.9352098789687115,1.4569662702364123,1.1022211210716968,-0.1998748547452887,-0.0576658555803396,-0.1894326868540263
29,-0.3520247118312998,1.9983914135288403,1.5494443832673794,1.21116308917427,-0.14033030986329,0.0252611194729369,-0.131538960114233
17,-0.3397003453668688,1.2821085124192384,1.5789277088906748,1.7279967182609242,0.1999718042204416,0.0672330839522885,0.1967555427356987
11,0.007505301188001745,0.6096764493112969,2.2888063680493396,2.029562530308605,-0.5488006018086519,0.2000000099968156,0.1792483402961619
49,-1.1030231596974758,0.596033980972604,1.7740626888379412,0.9283429937382612,0.2000000099756775,0.6783738014502232,0.183411358886864
20,-0.3757442777627632,1.5433567798854608,1.402277110291227,1.6316864221982623,-0.0020575155113558,0.032229694642305,-0.0027365212658036
15,-0.2732733735966198,1.1108205361585508,1.665423110622451,1.860068236013858,0.1999776881956907,-0.0529234517521402,0.1972250204405919
9,-0.030608002151556,0.6503696238515626,2.1540345610152576,2.075651055108509,0.1998940915469906,-0.4538006918020803,0.1957269261990013
47,-1.0367919505179075,0.7491780534767869,1.5722836634852526,1.3047525615011644,-0.2000000099615642,0.0889570968896439,-0.1905337165264135
5,-0.09715956234810613,0.28244520044393334,1.9388495823931864,1.5268200626095074,0.255408498358372,0.06070976440811387,0.06585730068533825
15,-0.2610419518679514,1.127868403278863,1.6860189944039208,1.8708014687794168,0.1999777001404312,-0.0587162765303678,0.1976521379520311
0,0.0555555555555556,0.1944444444444444,1.5707963267948966,1.5707963267948966,0.1995388147092981,-0.2005827059257489,0.1995388147092981
44,-1.0144990709466295,0.8767027130559137,1.096592560027066,1.4062414593001409,-0.162583090765824,0.5222992565320044,-0.1707664644232533
2,-0.07783203087357396,0.14112545664745055,1.6217291681703667,1.5531019132237625,0.37968578505924816,-0.09057474165641775,-0.08775790094771088
43,-0.9946485582296932,0.9681271603406458,0.9224669705302242,1.3548816753984068,-0.1999999089223621,0.5627104019895227,-0.2051724070249355
30,-0.3736341828647785,2.008242165470128,1.5103890349137226,1.1853330764985046,-0.1999738382050469,-0.0856957490737619,-0.1922385745979747
1,-0.03344976665219871,0.24959976257129712,1.6288976213850024,1.5499127923907958,0.39115977284585673,-0.05114465604789393,-0.0478988460164773
0,0.0111111111111112,0.3055555555555556,1.5707963267948966,1.5707963267948966,0.35738645108235345,-0.19976205640121553,-0.19976205640121553
6,0.0825498445063969,0.3480988128242225,2.2216213979136343,1.453952329086151,-0.0507107680833651,0.0116347048699995,-0.0356800043308461
37,-0.6619837526806274,1.57402005068736,0.9982928775264456,0.8282855545375887,-0.0616200960941707,-0.2868933907738216,-0.0655856885432423
0,0.0777777777777779,0.3055555555555556,1.5707963267948966,1.5707963267948966,-0.40440035075431313,0.19805807792827212,0.19805807792827212
1,0.07781014799914675,0.3196959001935286,1.5475679049876074,1.5789607569431712,-0.2847890428057121,0.12007739177516549,0.12091211501625755
11,-0.08335815872096462,0.6732619823212567,2.241219510126636,1.8227801651204223,-0.5352373328609684,0.18831930251841744,0.15032334134702902
13,-0.022202454411294967,0.8677134488409981,2.516320307783591,1.095867936155112,-0.6530194545257321,0.20000000996696862,-0.034609669853554965
12,-0.1479438496689562,0.9335028218233515,1.909821002632528,1.834106420781169,-0.13144289568814868,0.19996150456045536,0.1983943550877924
39,-0.8358955962962937,1.3381418945471286,0.7427047353897716,0.9980029833370088,-0.1999998849910073,0.1346033246210136,-0.1969166845254892
31,-0.4132837218033619,1.92090712205528,1.5035894079730978,1.0955174736574,-0.1998939881688612,-0.1190597531023454,-0.1882049966157387
30,-0.3690152666645299,1.9933603887149745,1.4912696634150509,1.1977942823206158,-0.1999825626112135,0.017187900224183,-0.1909349548043352
45,-0.9915254291569064,0.947991529919045,1.1395405229124025,1.3052159708793802,-0.200000009919318,0.0420387237944746,-0.1979547436822825
36,-0.6723122399493754,1.5542088986520557,0.9496105769283476,0.9221340561007816,-0.1999999183425707,-0.1842619139042181,-0.2004306511327884
14,-0.2313759418118563,0.9415028159526514,1.73195547061927,1.9076855274751725,0.1999818617621309,-0.0894802612839507,0.1984663311786932
33,-0.5230808760893962,1.771252568180764,1.1863488121826693,0.9433692768950716,-0.1996756716653418,-0.1162278501068507,-0.1966066749917678
1,-0.09991470460564396,0.3267988846739325,1.5973325493421893,1.5631738435289622,-0.3777699838642703,0.17255215043297673,0.17116132937108913
35,-0.6128995421990129,1.6407249257320016,1.035750532602342,0.8495341511036459,-0.1999997463607852,-0.3263910991930014,-0.202584976444159
24,-0.3238828214076434,1.8342842295064854,1.3543355805936583,1.578338709847477,-0.28264179786235527,0.19998295519826575,0.20126503688492206
26,-0.3565991755563627,1.9894967213496024,1.2063194495384957,1.4072552918693122,0.1999315450104906,0.1985252712706974,0.191946672370246
13,-0.2646229655973238,0.9936678833123108,1.7055514557426503,1.853871527509659,0.1999229811781468,-0.1838733001954677,0.2004451942291863
2,-0.0990607353330409,0.2909428043582853,1.654595331349645,1.5666769181714717,-0.16516967269652727,0.19949663234185286,0.19727583403229246
0,0.0111111111111112,0.3055555555555556,1.5707963267948966,1.5707963267948966,0.35738645108235345,-0.19976205640121553,-0.19976205640121553
4,-0.0179211250904386,0.1276812414876154,2.116700082503589,1.3474398981038755,0.1999746790554412,0.2696987523304948,0.162427256863146
37,-0.6592751802993769,1.5904989326429302,0.9665871600594188,0.827164204130645,-0.1305548424328053,-0.272204601676114,-0.1330708578802803
22,-0.3702993930674869,1.6649850648651907,1.288563214901698,1.6531154201230591,0.1997937417046505,-0.0550045639227098,0.1886250807974829
4,-0.0196535280390045,0.1475923447774746,1.9603956603809936,1.1659723370764776,0.0772585737411279,0.2488192484212044,0.0718870475087979
0,0.1000000000000001,0.3277777777777778,1.5707963267948966,1.5707963267948966,-0.3521421311467152,0.18248983633270013,0.18248983633270013
45,-0.98970916125394,1.1106156187439913,1.2473183973368231,1.3288298355806671,-0.2000000099971814,-0.0689831600596936,-0.1987742970839974
6,0.07757434919127074,0.26276135429647085,1.639186030314539,1.5471231249366917,0.5788573431727001,0.1999592550376026,0.20443407235138442
0,-0.0555555555555554,0.35,1.5707963267948966,1.5707963267948966,-0.17143084310339443,0.033501622235987134,0.033501622235987134
47,-1.039239361222818,0.7475829590822458,1.272625528062933,1.3268994552678637,-0.2000000099928026,0.6891977347238055,-0.2034442270040179
9,-0.0530469263132674,0.8120920673652413,2.1085416664001784,2.055417621073368,0.1999442020728392,-0.4083842883101398,0.1974936484965579
16,-0.3066346126068414,1.1181057946991253,1.635108067300207,1.7901135784264877,0.199989427082632,-0.0624699661737046,0.1985561358082196
40,-0.8145097806909785,1.3858346267669388,0.7567886772370307,0.9435984032507404,-0.2000000099636604,-0.1709938676521429,-0.1933445745477323
0,0.0333333333333334,0.3277777777777778,1.5707963267948966,1.5707963267948966,0.31800732758473066,-0.19973174241888458,-0.19973174241888458
18,-0.3581985889389862,1.3042162705901472,1.6120225547072593,1.673893150520022,0.1998616908251008,-0.2669200796121477,0.201129677515867
6,-0.09894795311008883,0.2423196859156064,1.6995037522367502,1.5652679985626803,0.4709698733885553,0.19993096502764765,0.20443549658723242
10,-0.16768919004026,0.7789417112510179,1.7353014244288518,1.7834482463555335,0.15960238730734097,0.19997491690207334,0.19897504118053488
5,0.10241948909207084,0.2886515140506359,1.8652606597777943,1.598564585647737,0.25599677389569736,0.12981422850751217,0.13197157892284378
2,-0.07756513304029056,0.3062752962620003,1.5996393943813185,1.564606012447602,-0.07658129092563315,-0.10369448594283125,-0.10389909365155973
15,-0.2850078011287205,1.1173265979078777,1.6429038014889008,1.8463406915387133,0.1999783820791006,-0.0073986959658141,0.1960039058049503
48,-1.058192503826301,0.6750371619558135,1.633680657357175,1.228326962190644,-0.2000000099504024,0.2751845515681101,-0.1729408719072626
21,-0.301911049172291,1.620143193453406,1.6069290573849422,1.7935345160812255,-0.21548122403613584,0.10126029791481433,0.1035000868690455
13,-0.2771587264036154,0.9232530962722614,1.66524643106527,1.854540598615986,0.1999277749636964,-0.0551393894230845,0.1973940580209925
19,-0.3093521574205984,1.472613067575298,1.5248031705682994,1.8131972015390343,0.1998784382545133,-0.1669355072145073,0.1963716944866861
22,-0.3791785087330526,1.5660183804749994,1.4139018663866665,1.6256156669777433,0.1999377364045103,-0.1059537422271857,0.1977000374267297
39,-0.7091822136376811,1.4825406504278142,1.0227809261175826,0.8870716728892131,-0.2000000098745219,-0.3810698218761828,-0.2033167453352134
30,-0.3613100461891833,2.0013134727343407,1.520415573746583,1.2215257186757902,-0.1999881117489809,0.0463657735317175,-0.1897561488757898
3,0.0980173708449109,0.2705087843058641,1.3783176307114822,1.5976527064095596,0.31782948338005096,-0.19927307751214984,-0.20141431624231632
34,-0.5844025463441795,1.659518587041504,1.0542860618504668,0.8618330480246141,-0.1572059263191034,-0.1626304164361987,-0.1574141780495565
9,0.05395276027690046,0.5176484898157855,1.9733069380202988,1.7824794937560935,0.2801983315708311,0.1999930575130765,0.2016772698209668
19,-0.3057869284618823,1.4390779337469397,1.5206528356352162,1.8108673517621077,0.1999999277477195,0.3205730950902479,0.1824629847544755
39,-0.8219847777986694,1.387529721022798,0.7423238840461144,0.9437695356995952,-0.1999999889274415,-0.1055729058871212,-0.1938432929885727
21,-0.3473762458569263,1.569998862117343,1.5159897227648562,1.7136841705513168,0.1999408480052302,-0.0467640021404311,0.196964891268128
45,-1.02008268890751,0.834711959005031,1.2377916685535986,1.4247857538623945,-0.0890251785548643,0.491551032922328,-0.096611486080437
2,-0.07715682180570477,0.19899773810879817,1.6804860074337764,1.5492859576122882,0.2987482689085927,-0.19994603634811914,-0.19431927906390348
44,-0.984524143831344,1.0312490377716803,0.916181434869196,1.347803857174361,-0.20000000993848,0.3117305691058952,-0.1946987435130102
33,-0.5177228791229441,1.7472322370352142,1.1748968940427709,0.9142561288131732,-0.1999814480576497,-0.26966876492767,-0.2001764416856651
13,-0.1325734821223977,0.8936232701443011,1.869439861400659,2.085504725683433,0.1999796688887082,-0.2102022411749715,0.1998363490139969
15,-0.3248251261224235,1.0507078480523966,1.6070996916625364,1.759321960025499,0.1999706299662753,0.0159189731576023,0.1974168911273006
5,-0.10132909033818951,0.24466731375292775,1.7236526674267392,1.5038092854475795,0.45866228178603313,0.19486114852279088,0.20017351481090012
12,-0.1556447094485898,0.8142934454502371,1.7247016610671055,1.7402879692583868,0.32783512989408525,0.1999727850340799,0.19943754228265775
16,-0.3095456531655354,1.1671733315543726,1.6662105647518444,1.7689190540281583,0.1999883911650721,-0.2030559178621322,0.201016367812084
1,0.0775097881161255,0.14088813974467743,1.61576455185679,1.55255754910084,-0.03002096817012113,0.010758487213199434,0.010547376396594409
8,-0.0484125558656257,0.3509831923939578,2.0976102834960546,1.833477223872516,0.1999980761699522,-0.1669806041595842,0.1887025782221673
0,0.0111111111111112,0.3277777777777778,1.5707963267948966,1.5707963267948966,0.40209604071790506,-0.19974461374418676,-0.19974461374418676
21,-0.3670751558907795,1.5442492768963536,1.475156193517167,1.6252314482456842,0.0767075347183425,-0.1100148422931039,0.0774901887973781
1,-0.10011474779331575,0.2662927826737743,1.6083901236441474,1.5568109740318832,0.3081579379626845,-0.1999758221479395,-0.19812112464417217
42,-0.965397305374462,1.0823547001474996,0.8766947455114551,1.2209094467311985,-0.1999998033188033,0.0163188061947619,-0.1888186548557567
34,-0.5687546848084426,1.6662235485880557,1.1045589566236234,0.8697535363320484,-0.061557546164683,-0.3307768202632747,-0.067564031037107
3,-0.10257712065305995,0.4802300964355998,1.5422980785006422,1.6013783147028258,0.5544448152494248,-0.09486256528935824,-0.09797082355480953
1,-0.09993884527687212,0.3574997880355485,1.5849663774159293,1.5669786347855983,-0.359530417297128,0.14409704505955137,0.14342705456153668
14,-0.2759980155541768,0.9580751515471636,1.673746281523644,1.8542353877124536,0.199977611589253,-0.0598455350339096,0.1978034691181305
20,-0.3747056794196092,1.538449525499716,1.4427907340711026,1.6452495305734456,-0.004195614188361,0.0474346757094733,-0.005063728708177
0,-0.0999999999999998,0.1944444444444444,1.5707963267948966,1.5707963267948966,-0.4421779977812528,0.19962432587690984,0.19962432587690984
17,-0.3188190704847787,1.2354162135634017,1.6184602174695069,1.7664511228729334,0.1999681249190204,0.0210089947139349,0.197472556484511
5,-0.0067878405802405,0.180526936508682,2.0848052845915954,1.2322934967093873,0.1893526405508356,0.2085904404195333,0.1403173587283916
1,-0.0337830610526005,0.3790039375830697,1.5243194505953517,1.5773807480989732,-0.1454815760795194,0.4741075605380829,-0.1477913182602876
3,0.0532269647781151,0.224962480257079,1.8535347229263504,1.4493899183689545,0.0305331442782769,0.3790858964336251,0.042980257804219
0,-0.0111111111111109,0.2611111111111111,1.5707963267948966,1.5707963267948966,0.39046927336936577,-0.19978799360956215,-0.19978799360956215
0,-0.0111111111111109,0.3055555555555556,1.5707963267948966,1.5707963267948966,0.36817300984275736,-0.19974942508477256,-0.19974942508477256
2,0.097657277153015,0.4411609386873927,1.3163487241221636,1.6061970439772686,-0.1979228560677977,0.2575459867650317,-0.1970277884025937
2,-0.07768210286531659,0.39211686377986493,1.5797993066397051,1.569346093656247,0.35563440941812496,-0.19960159824323004,-0.19921894769055537
0,0.0777777777777779,0.2388888888888888,1.5707963267948966,1.5707963267948966,-0.28746119666940195,0.1544764426949534,0.1544764426949534
16,-0.254599113685904,1.1611213746155542,1.715798863457561,1.887143002874624,0.1999691170157071,-0.2162591294926132,0.2007282323039769
0,0.0555555555555556,0.15,1.5707963267948966,1.5707963267948966,0.30644761162759365,-0.199893028658937,-0.199893028658937
33,-0.5110740470775457,1.7651701584251998,1.2682696787630814,0.8816105108418594,-0.1609432466072147,-0.4934890290832522,-0.167670747523599
43,-0.9966865117532236,0.9623691886730764,0.9053857996342124,1.3228518600110406,-0.1999997730402277,0.2588877437047653,-0.1933201275320907
46,-0.9947172812978172,1.0444826730093248,0.8421831813045038,1.3770105261666994,-0.2000000099883363,0.336609045676997,-0.1892280478886928
9,-0.059252978742999,0.4973430064201196,2.0629170516475552,2.087270980601437,0.1999573907053821,-0.3568867829195831,0.2007671685064667
15,-0.21069681481154026,1.1528691112524592,1.7596332904848344,1.7469566455296646,0.16718935191931134,0.19997803248219032,0.20017389905882801
31,-0.399291947893126,1.9157922530932008,1.54768961128657,1.08408216572704,-0.1999865170658203,-0.2012774918037073,-0.1878776506563545
10,-0.1617337737670919,0.5301060365405978,1.8483562030334977,1.9702431543872776,0.1999910278424949,-0.1006811194148852,0.1997314250469704
37,-0.7084852472848591,1.479655466701449,0.8829806459548801,0.90041010848267,-0.1999999259172396,0.07437720303465,-0.200099176984978
44,-0.998435521392513,0.9475719884974882,1.3335719262377046,1.3514087882315309,-0.1621592417443844,-0.118420181159379,-0.1619222334085799
3,-0.0571946688400353,0.4215973612025955,1.7132031353770172,1.4931777246695102,-0.1889562226819136,0.0660134298345301,-0.1829600755665288
2,-0.0382157573649836,0.039013913511426,1.9254326549217733,1.3964989312607796,0.0110442742527582,0.3438729175736423,0.0268873024119631
35,-0.5940488058144855,1.6095126275060427,0.9472313034762488,0.9291262722502172,-0.1999999203424542,0.1087522596316895,-0.199770256486342
41,-0.944294042019618,1.1524510303929756,0.7179856585008131,1.2423658326601503,-0.1999998690210586,0.4974960625407727,-0.1980352362863072
0,-0.0777777777777776,0.2833333333333333,1.5707963267948966,1.5707963267948966,-0.3612153276471322,0.1997182121031899,0.1997182121031899
21,-0.3609778067018689,1.5610924000758677,1.4561878736144136,1.646112699355078,0.1999442585904542,0.0352689055560511,0.1956831225515346
8,0.10015472904450837,0.38276957148051677,1.7135196896877627,1.5922395161779728,0.5317603561309813,0.20000000999461837,0.20496432428180655
7,0.10094118573968666,0.34295241326987425,1.6885794532161693,1.5729828036694105,0.560058977731521,0.1999962770770757,0.20512121603959738
4,0.07689354503500395,0.20352263040589627,1.6264701514181237,1.542651516447542,0.4965895898584486,0.04839766690087114,0.05238523003325272
1,-0.03342216796337703,0.45788758173728866,1.5619852068510394,1.5718529120434273,0.3695584461965125,-0.15513605301787273,-0.15549316361765947
39,-0.8358243051655375,1.312251355741562,0.8217503055318178,0.9991536499248204,-0.1999999249514795,0.1474931759948048,-0.1994638518924094
4,0.07996675473776549,0.2432479010398974,1.8369979294001277,1.5945670269041663,0.49608246311241516,0.17568780968358688,0.18245933098540756
41,-0.943611815621433,1.1357547143327782,0.9222913218963312,1.2327103688757222,-0.199999884737844,0.1819549521239091,-0.1959989745147843
6,0.0838808872600632,0.2579291251925369,1.942563467009129,1.5459324966537018,0.1999567578999413,0.3836470708923913,0.1992544473904212
0,0.0333333333333334,0.3055555555555556,1.5707963267948966,1.5707963267948966,-0.1999049142638778,0.3136719650858537,-0.1999049142638778
41,-0.8739752443276158,1.305649673891906,0.6891492219105424,1.0126918558335027,-0.200000009942073,-0.0429136293276098,-0.1882586816169641
8,0.0183775170385079,0.4389979589227065,2.246963977902761,1.9466717813536785,0.1999728854097116,-0.1490890611283278,0.1866140738675637
0,0.0555555555555556,0.2388888888888888,1.5707963267948966,1.5707963267948966,-0.15858194124158514,0.19985161556140005,0.19985161556140005
35,-0.6409830393049165,1.6100649077949325,0.905356636052862,0.8750207909659871,-0.1999858935693415,-0.0643602650325752,-0.2000890931257329
44,-1.0012581337519515,0.948093251578678,1.03002669505975,1.4310230966066972,-0.1137370904623359,0.5951339030041994,-0.127944826165327
27,-0.3249159109082426,2.0644425042406525,1.3854255126825863,1.3128975500713531,-0.0468881075853289,0.3147783953292636,-0.0444838162254301
6,-0.0081754334661507,0.2551741472580578,2.2225596132268297,1.5674367555294637,0.1999651562830799,0.0596612939178177,0.162201890443992
0,-0.0111111111111109,0.1722222222222222,1.5707963267948966,1.5707963267948966,0.3791306568525211,-0.19983826396154572,-0.19983826396154572
45,-0.9954861701184622,0.9978893087447802,1.0159543051620483,1.2587465259539952,-0.2000000099888594,0.0196054376892981,-0.1946054458396449
2,0.0249678934575624,0.1966872083939276,1.867414790820905,1.3862615320554497,-0.1997523218829064,0.093216990908053,-0.1727587001018667
46,-1.0456359658997436,0.7188626349896495,1.3386348966077053,1.3673053237080572,0.2000000075794214,0.483178228408699,0.1985327110261057
23,-0.3422686617064218,1.7178614501593046,1.3589215988825112,1.70881892574168,0.1999405841960233,-0.146861501658251,0.1928601993920605
16,-0.3331631359160805,1.1077066731574612,1.5644376003358955,1.7399626643410682,0.1999944566382046,0.1659991756922814,0.1940227756336974
23,-0.3810096959647691,1.5899003283931863,1.4699219137668271,1.62003952163466,0.1997903462451868,-0.2639360415518251,0.2014906834433157
47,-1.0384706924585076,0.754129675414404,1.4042747765028958,1.2949824278241553,-0.2000000099934474,0.2862508583141277,-0.1956844383536828
30,-0.3712276396768305,2.0104837908512767,1.4725749531483476,1.223880354762716,-0.1999916381447527,0.0821688437844424,-0.191816311800074
35,-0.630682278530663,1.6171848627355274,0.9271663492307124,0.8746334785424736,-0.1999999538891199,-0.1040050870953794,-0.2002701644742825
31,-0.4209067243286751,1.8763450659223344,1.4897881087238265,0.9919952978946815,-0.1998634728294425,-0.3911429276078384,-0.1942843444397288
39,-0.8491348084987029,1.309999210057514,0.7336263169616175,1.0111114681974307,0.2000000098383496,0.0510033186957946,0.1909523136550295
32,-0.447943117678017,1.8359371609013813,1.4470508653847158,0.9618401692825924,-0.1681405384629576,-0.3424468036893948,-0.1647047418748367
0,-0.0111111111111109,0.3277777777777778,1.5707963267948966,1.5707963267948966,0.38909411936052873,-0.19971430670961426,-0.19971430670961426
31,-0.4025713454343881,1.8965324883945545,1.550831015351279,1.0672937929581228,-0.1999876138088797,-0.231760625355998,-0.1878350969216062
14,-0.2541005889501399,1.0913999831251024,1.672620304908197,1.901922058797982,0.1999813235869477,-0.0115521877499386,0.1950094593127997
2,-0.0773224666307949,0.1072495404394793,1.8970832817023575,1.2624440952428928,-0.1388267642605868,0.0700859042310887,-0.1076399018319249
2,0.0540366896805305,0.1921075670684294,1.6512433486814464,1.5283359503724434,-0.0319554378972754,0.5184754457415994,-0.025357963524048
0,-0.0555555555555554,0.3055555555555556,1.5707963267948966,1.5707963267948966,-0.10358550461213002,-0.006260116949293437,-0.006260116949293437
0,0.0777777777777779,0.15,1.5707963267948966,1.5707963267948966,-0.2758509773530975,0.19960564908216105,0.19960564908216105
0,0.0111111111111112,0.35,1.5707963267948966,1.5707963267948966,-0.1993020560218185,0.4129433273333193,-0.1993020560218185
0,-0.0777777777777776,0.1944444444444444,1.5707963267948966,1.5707963267948966,0.1999210610559567,-0.2055364652182333,0.1999210610559567
39,-0.8402555865572702,1.3125792322778365,0.9575730393344446,0.9925502764490302,-0.1999998930263234,-0.2544728002710609,-0.1989876707812645
1,-0.03324711790713036,0.22821552961494337,1.6177951730643905,1.556316380387158,0.3797664184246598,-0.19992935917765833,-0.19721835986160208
1,0.10005702611172841,0.16433512734977196,1.596244123825107,1.5631109340761224,-0.21238583963481605,0.19920375707070115,0.19839085002373713
3,-0.07774408128812242,0.5032083735925224,1.5747235948827605,1.5704990580493163,0.47892646592114385,-0.15395804614088662,-0.15375434867274052
26,-0.3478428471184463,2.0130354740276086,1.19031263372926,1.420164901459687,0.1999363231109256,0.1970659999848484,0.1901881834322272
0,0.1000000000000001,0.1722222222222222,1.5707963267948966,1.5707963267948966,-0.34015337082150215,0.19977933404653134,0.19977933404653134
11,-0.08782940109430469,0.8855184944104557,2.4276990517358774,1.2573190597696402,-0.29704855019872634,0.1759506650849347,0.041230717227428736
21,-0.372405855786779,1.5589689901239678,1.3524504879224302,1.6316593197600702,0.1999275337081909,-0.0465568027395867,0.1934681794751071
22,-0.3775302782790573,1.6291189228149578,1.4717982783242365,1.5814265897143414,0.1999427663625966,-0.1349912833929923,0.2002194005963995
47,-1.0307593963288622,0.7750446664310605,1.6086245061785749,1.31065374889057,-0.200000009963077,0.0686356493626221,-0.1891718381327093
5,0.08178244952181056,0.11542353052591743,1.9376288036616653,1.5513432662900646,0.3384530978808016,0.19999372101859067,0.1980083872893181
2,-0.056403120274009386,0.4066639643698626,1.484648391588479,1.5757059632986732,0.4921622945086446,-0.03921352140847098,-0.0435263844642105
9,0.052212772274083885,0.5014642862178824,2.305609528359131,1.8861084695247181,-0.4878253332845142,0.20000000999325115,0.16278910296802834
0,0.0777777777777779,0.1944444444444444,1.5707963267948966,1.5707963267948966,-0.22411229162877597,0.17241837809627755,0.17241837809627755
7,-0.017281497208895,0.3075669346355649,2.266270124490706,1.8033837232470815,0.1999154756695555,-0.1615970466444015,0.1716620059672954
49,-1.0817092551271128,0.660601262662069,1.7723675317925536,0.9907996148115412,0.2000000099673284,0.6365749555356921,0.1868019107373451
7,-0.09949672179491233,0.3010770809691889,1.6485389182951788,1.554778141577457,0.47415018599412256,0.19983326055726458,0.2033946865699231
41,-0.92401154639255,1.200845424406083,0.7864176038663602,1.0919397485633489,-0.1999996380748551,-0.0878414125088686,-0.1880954678320862
43,-0.9936998891103104,0.9790621218252226,0.888110246141617,1.321997185509143,-0.1999997705168177,0.2726218437926678,-0.1929285413996028
46,-1.0243919614293993,0.8171267245617172,1.334583328309759,1.3949685539462988,-0.1580731528585114,0.4868373942981976,-0.1607230357133925
0,-0.0555555555555554,0.15,1.5707963267948966,1.5707963267948966,0.27807419151793966,-0.19975426361249268,-0.19975426361249268
8,0.07562582322331136,0.3318402483083753,2.101856011026774,1.807707563273754,-0.2739153091348901,0.20000000999453593,0.18346839568450868
0,-0.0555555555555554,0.2388888888888888,1.5707963267948966,1.5707963267948966,0.45801403441777466,-0.1999401343965607,-0.1999401343965607
9,-0.0155238497009021,0.5101784697983798,2.210189187925089,1.981590651411048,0.1999600290397866,-0.2477389021406203,0.1891439778677481
32,-0.4659397951228741,1.807913007547494,1.354877973994332,0.918580291584293,-0.1747473616867495,-0.5230725838836232,-0.1804818129733036
0,-0.0333333333333332,0.2166666666666666,1.5707963267948966,1.5707963267948966,0.02282237895228195,0.09399769253898718,0.09399769253898718
9,-0.0947012905247734,0.4302363838739315,2.0513249560687914,1.8143773469879008,-0.34416033199190144,0.2000000099543962,0.1863331083621841
14,-0.2370165443858618,0.9526538517421904,1.703173727723062,1.9333973309952155,0.1999910895747857,-0.0837999231533909,0.1966266777992556
35,-0.6322320866822946,1.6092930567279262,0.9389089874429634,0.8613169251936514,-0.1999999307278109,-0.0664758011518942,-0.199913462161237
37,-0.7144483563836153,1.485073465198815,0.866803059381303,0.906904058247529,-0.19999992410426,-0.0094795271463446,-0.1998011330394574
49,-1.0499561239592723,0.6747027130835132,1.5696352067859582,1.341511574936489,0.0227067005333631,0.9502717660946136,0.0436088373934502
0,0.0777777777777779,0.2388888888888888,1.5707963267948966,1.5707963267948966,-0.28746119666940195,0.1544764426949534,0.1544764426949534
2,0.09905873490388058,0.08294002069851132,1.6532616215434413,1.5327496554503206,0.38368255436543935,-0.19918818594348273,-0.19313086735577692
5,-0.09973229358153898,0.24030116865940532,1.656405008187689,1.551562038974602,0.4149001788945833,-0.011418794832765899,-0.007014122398684763
49,-1.1017148109546595,0.5993190214442912,1.7807396766833148,0.9240922713396162,0.2000000099755295,0.6612640749438229,0.1809633962843803
0,-0.0333333333333332,0.3055555555555556,1.5707963267948966,1.5707963267948966,-0.1929509034631797,0.19945797042985705,0.19945797042985705
26,-0.3549477332063876,1.9663816907026888,1.2199545482100675,1.4127299287278017,0.1999591520661719,0.1417797408939508,0.1935389010978818
20,-0.3805321114941839,1.5556894522881903,1.4080265994311054,1.6163494477032432,0.1997297382758459,0.0930581504330328,0.1934867909817137
12,-0.2260603521493434,0.7603773709370397,1.7078912667736774,1.9589285276873447,0.1999890251242115,-0.0568107378484291,0.1951316536966773
9,0.0362025799745822,0.5182464214336564,2.133024739493841,1.8254001208264443,0.1999833213418314,0.0613122588157187,0.1924517152816969
22,-0.3775885043878033,1.5757308988267442,1.419347324473565,1.59695718970421,0.1999097679404977,-0.1048565726001087,0.1986175249788216
21,-0.3672732825395893,1.5453688610248186,1.4633690183181498,1.6443065127104315,0.1999638022199989,0.0390147596237122,0.1959973995940888
11,0.0323547936825314,0.6943206098475706,2.010909982703997,1.9280378819068456,0.2000000099568639,0.1866705166904409,0.2008588320545553
14,-0.1343440136964306,0.959810011714392,1.8114725411426644,2.0867838387985245,0.1999970274931843,0.0005056138751152,0.1924515183129166
7,0.0765769696580614,0.349381957510677,2.2466368304064206,1.3329541152125786,0.199982200383758,0.0813305205441341,0.1285953568968034
5,0.10301334979605341,0.24469660760192918,1.829399092752622,1.5692729301225279,0.17850092335165346,0.04971918065835046,0.05263759281371677
0,0.0777777777777779,0.15,1.5707963267948966,1.5707963267948966,-0.2758509773530975,0.19960564908216105,0.19960564908216105
11,0.04226113300565747,0.6679533044147233,2.3298699101518316,1.8198200697873257,-0.4437732869282949,0.20000000994944223,0.15287811136987509
2,0.056323572590375855,0.19908717239017232,1.7194749438255474,1.5334763282473285,0.5203344306031501,-0.17104773100826862,-0.15847507004320913
11,-0.172108459687763,0.7193918704681468,1.7866160843674377,2.0402977556913497,0.199961650322239,-0.1211297875752176,0.1966018652341422
15,-0.1272034435516026,1.060496704534735,1.8878928163821795,2.035993628058424,0.2000000099546083,-0.126187770037739,0.1996726577436485
5,0.1147045390572455,0.2212285581511632,1.7042021004062216,1.6238759562042957,0.1099109425938777,0.3840821629984274,0.1126384118459443
1,0.05560715169578916,0.3615931616065161,1.5780446669694523,1.56922915388307,0.19966821057680148,-0.1999358180921201,-0.19975203381671033
15,-0.294510908933299,1.0754772034861686,1.6368184081997803,1.8210229354874552,0.1999739261909332,-0.002342953228282,0.1966337347189427
36,-0.7032594131846063,1.5258937907126169,0.9173960335718097,0.8289906555474469,-0.1999545717339681,-0.1036814993690729,-0.2000891136716398
30,-0.3624432812944987,2.000537838593593,1.5132957180016948,1.2190285681256836,-0.1999862736123586,0.0663736513339546,-0.189464762507083
23,-0.3780633800410142,1.674968847402346,1.3669190381735103,1.5536928197133753,0.199961626469565,-0.3255210715984608,0.2025285714335185
49,-1.1011600446742351,0.6038560760289955,1.8021120494610203,0.88127194120111,0.2000000099752035,0.6061118536204654,0.1692835049068379
17,-0.3485130364701118,1.245154975122262,1.587140599257873,1.7036767854833892,0.1999720277560525,0.0772289718201666,0.1977177242030987
36,-0.6978477592908562,1.5338375755644595,0.9056710868670164,0.8499705471242481,-0.1999242408254524,-0.1044362803109151,-0.2001955984769749
1,-0.03344976665219871,0.24959976257129712,1.6288976213850024,1.5499127923907958,0.39115977284585673,-0.05114465604789393,-0.0478988460164773
31,-0.4097589582713937,1.880554745922224,1.5024168731455898,1.010845911344758,-0.1999774030292709,-0.3208518175493382,-0.1914431377927326
40,-0.9046367118608968,1.2095761160926055,0.9080952201836971,1.1357124462121932,-0.1999997034844824,0.0690526472584655,-0.1963993013004609
5,-0.0044186157793649,0.1577405293013066,2.296483680700915,1.5833751383425163,0.1999472934365587,-0.0467828775353775,0.1481660490148118
8,-0.0995743964633948,0.35712837703494155,1.6143492656436305,1.5745753338356907,0.5178161794880553,0.19999003954304004,0.20189088726843998
42,-0.9604924484763354,1.1032167965039286,1.0032809488853274,1.2454628824161924,-0.199999712966948,-0.0356738550811927,-0.1933075881133893
1,-0.0334191284926989,0.3192189062636483,1.5590442108395486,1.5732896185064982,-0.199661873907975,0.4004591628941087,-0.2002120665035701
11,0.060898159692307295,0.7262286508018592,2.2742887483833893,1.8250797389849347,-0.3435083719472843,0.20000000995362865,0.1652412244642611
15,-0.3252858504406307,1.1201629251591685,1.625997568628632,1.7480632611015898,0.1999792857708569,-0.0674472535804521,0.1993125423079324
2,-0.07790635142770588,0.25601910433960806,1.612698863321219,1.555182363782773,0.45150428015939054,0.006488864623134112,0.00907359751081389
16,-0.3219663884133319,1.3261277863674186,1.594707556522711,1.762932462721438,0.1999633027695677,-0.0016479281688746,0.1971681181957999
0,-0.0999999999999998,0.35,1.5707963267948966,1.5707963267948966,-0.449362583311237,0.18616524831525308,0.18616524831525308
0,0.0111111111111112,0.1722222222222222,1.5707963267948966,1.5707963267948966,0.37949024197419634,-0.19994025095563578,-0.19994025095563578
4,0.07871704941428459,0.21393678027709742,1.7933777928879069,1.6173314571558224,0.4666969534858856,0.061827891863096444,0.06904592472081461
9,-0.094644134374742,0.4994240268986548,1.985003521812316,2.042983003981111,0.199962077593309,-0.2633643193581191,0.2011521907532964
8,-0.0858717954283283,0.5805915832312118,2.1460099801976624,1.5614564930751584,0.1999400761012877,0.0100685051439335,0.1672973466954349
0,-0.0999999999999998,0.3055555555555556,1.5707963267948966,1.5707963267948966,-0.11497253985146935,0.026580636071759055,0.026580636071759055
25,-0.2937611313834564,2.08528901579402,1.3659121033439416,1.3337680440552302,0.051707308660673,0.3426912367533304,0.0527819569755746
22,-0.3781685185218265,1.652314565468382,1.5201045571561913,1.6110431713729556,0.0355466439205622,-0.1770201376241228,0.0370073415336904
10,-0.1742104061206562,0.5812205782452657,1.8143921805830847,2.011393557209797,0.1999475910304844,-0.1516399390391281,0.1990482281009983
42,-0.9815803783738624,1.0283279330545705,0.9428323077777836,1.3412482767222098,-0.1910958076634319,0.3838771886198944,-0.1910214071248258
48,-1.0077127180654593,0.8563676600782408,1.239748418488832,1.5451928795085783,-0.2000000099758513,0.7201403095271365,-0.2123985375301506
48,-1.0719019416048718,0.6585509467700992,1.63337970846145,1.1442312003955557,-0.2000000099457648,0.3234878908511319,-0.1613467948934931
24,-0.3504121956597839,1.9033652665587404,1.279993796930858,1.5246532511404496,0.1992656222019638,-0.1658602479693224,0.1973490314754015
19,-0.3649632831093664,1.4480949123658602,1.4947391896350122,1.6807133864091028,0.1997723289038224,-0.1531815025287284,0.1991599591042737
3,-0.0511447667879819,0.100034476022829,1.90653851495682,1.1184841517364157,0.0562093761798208,0.1170992127899682,0.0479424468544392
43,-1.0041058764088897,0.9194275233852672,1.096487338789335,1.4088735700063857,-0.0224767515408587,0.4425128869136745,-0.0349887021586332
2,-0.07753958310476647,0.25111781894430335,1.5708188532390235,1.577330882350277,0.46079992542482656,0.04385604124482617,0.04355503922496169
1,0.0995260357263635,0.1167435233819559,1.589980252934696,1.5596258151898756,-0.1999447668762523,0.110175828680108,-0.1995182790269748
20,-0.3578230288450678,1.5460956263255274,1.431202431464432,1.6847438350906416,0.0276633267576574,0.0181015683036028,0.0263248871149175
0,-0.0555555555555554,0.15,1.5707963267948966,1.5707963267948966,0.27807419151793966,-0.19975426361249268,-0.19975426361249268
40,-0.8926662930548798,1.221453808800127,0.9286303752672928,1.0466590681444312,-0.1518061378619302,-0.2209653279771536,-0.1481480026389985
22,-0.3746275998820479,1.6508715012388515,1.4226422621275785,1.5525661246656273,0.1986104481966837,-0.2656489031109112,0.2003782230953948
38,-0.7999335815595195,1.4023506972214443,0.74629937819312,1.014780279608874,-0.1999998910961861,0.1964416055975377,-0.1980458389489322
29,-0.3521805443385311,1.9675996696800733,1.5679083173667987,1.1287802674448182,-0.0824964680245522,-0.1113075238007795,-0.0794016711782897
0,0.0333333333333334,0.15,1.5707963267948966,1.5707963267948966,0.37583633236717956,-0.19988553706488105,-0.19988553706488105
0,0.0111111111111112,0.2166666666666666,1.5707963267948966,1.5707963267948966,0.40713233358740925,-0.1998444228098391,-0.1998444228098391
18,-0.3279687413801754,1.3483688819162072,1.6334182756520716,1.7417813224199468,0.1998489654543095,-0.1937341128942797,0.2007720006160591
0,-0.0555555555555554,0.2611111111111111,1.5707963267948966,1.5707963267948966,0.1991717570533394,-0.1320690587300043,0.1991717570533394
0,-0.0999999999999998,0.2611111111111111,1.5707963267948966,1.5707963267948966,-0.45144290508625196,0.19965986289196697,0.19965986289196697
20,-0.3638736626934234,1.5200617056746313,1.4501381924492158,1.6577546818915725,0.06582380778865,0.0070231586735254,0.0642654745994857
1,-0.033241235205291896,0.2825175883752346,1.5863747345891337,1.5670431482918825,0.45494777613025794,-0.019116193230302912,-0.018233189941377372
42,-0.9083307675216884,1.2701607470719405,0.6446181771080002,1.088346188772072,-0.2000000099306225,0.1047004715708258,-0.1851263933557228
40,-0.9088340879938768,1.236118395663028,0.6734315592577595,1.1032633979163375,-0.1999998894221179,0.0891081984861066,-0.1855203656793492
34,-0.5914754330870446,1.6669840872903467,1.0479981511187129,0.8490334161584936,-0.1636659292617717,-0.0996548511755265,-0.1624068072275256
1,-0.1047037359349882,0.1438565496915686,1.7772317985984063,1.4522418697172457,0.1998702704535614,0.0308902753204562,0.1903941738659064
10,-0.1064761015556711,0.5958630144834712,2.1174396420692254,1.8192434358090963,0.1999516741016597,-0.2929401133425532,0.1825209273437679
0,0.0777777777777779,0.15,1.5707963267948966,1.5707963267948966,-0.2758509773530975,0.19960564908216105,0.19960564908216105
8,0.04557118895292682,0.44811888855903403,2.097252057709733,1.8707672334391934,0.0827979116735234,0.1999754332185655,0.19672766858624857
6,-0.0771302901877873,0.1779544458747828,2.199307927811831,1.479566821090864,0.1999909373264784,0.003154639354119,0.1505964185995051
29,-0.3683130753930544,2.005210176596918,1.4230411930179612,1.2406787439588742,0.002880046732177,0.1278866333296951,0.0051515567621774
32,-0.4786512160637805,1.7968882670657529,1.3165343693594762,0.9073911167914334,-0.1237142864833943,-0.4034256515089993,-0.1295523740086745
0,0.0111111111111112,0.2166666666666666,1.5707963267948966,1.5707963267948966,0.40713233358740925,-0.1998444228098391,-0.1998444228098391
30,-0.3827562054789059,1.9462027351389768,1.5648111952505137,1.1204781260821584,-0.1999785751148949,-0.1397186772520968,-0.1865660540358697
43,-0.9894932390934014,0.9897485266582542,1.1964426439437774,1.3184975285818126,-0.199999982423002,-0.1222731228279343,-0.1970233911230317
38,-0.7816981521874056,1.4091391874428294,0.8669392992212683,0.9183999085647306,-0.199999889926816,-0.2341276645606356,-0.1985308255513963
6,-0.1178348609593287,0.4191738699053604,1.9535521448192557,1.18194659377023,0.1998419802328486,0.2843713411596822,0.1630739889642188
2,0.034170140475719965,0.3220306017635856,1.7249397601458645,1.5339552591739227,0.2963973745045589,-0.19993847341477375,-0.19067677702562053
2,-0.0803296156269479,0.0870964656861225,1.7528826435477578,1.4821779283011653,0.18921943792799908,-0.10497425817777258,-0.09609145031729019
18,-0.3519890560596084,1.346862294446112,1.6331372135011388,1.677994247644458,0.199786625431305,-0.1305965389533891,0.2001712793540879
12,-0.1824086212290508,0.7969828574629626,1.7669624537524675,2.0328633890617533,0.1999777420947698,-0.1128714943994801,0.1959157753750818
10,0.007673827431531732,0.6670885176653663,2.3373610483791687,1.7378749858545481,-0.15777897709094135,0.1999779050309953,0.1562047197048553
0,0.0777777777777779,0.3055555555555556,1.5707963267948966,1.5707963267948966,-0.40440035075431313,0.19805807792827212,0.19805807792827212
11,-0.11738016418062,0.6723953462129829,1.8911981403986489,2.073589887182298,0.1999814100780724,-0.1340981920941873,0.1990965576185432
22,-0.3701508586080086,1.6392901536043396,1.4627888154772704,1.6214187198745076,0.1995368927758201,-0.0977404733057913,0.1985755967322139
48,-1.0645262272943694,0.6700567096684088,1.6606797552582393,1.1790294532162744,-0.2000000099606275,0.2397708682460373,-0.1661391346758329
10,-0.0911359446481724,0.6620975005339843,1.9679689663674271,2.0659703555497835,0.1999556206439809,-0.189551827818751,0.2008508369336019
23,-0.3601528328757394,1.7726954139650255,1.4126599296806015,1.5729581034716884,0.1998478548871799,-0.1377155216613667,0.1994838651860996
25,-0.3657249461889656,1.9143372574440891,1.2456830304811222,1.5152360061152113,0.1998630745805289,-0.1960009473120265,0.1978655426702667
44,-1.0179250892539164,0.8491534065104298,1.2894289975049311,1.3506406246519556,-0.1999999946359854,-0.0514793840861862,-0.1993105083511713
10,0.0711353196971697,0.7206075659920705,2.350371970184668,1.757553958389982,-0.16047236390117922,0.19995865784385194,0.15687402448686122
32,-0.4538039927428471,1.822725386213092,1.4454171995526108,0.9456553555623516,-0.1927354292018958,-0.5734238120243967,-0.1966426696551991
40,-0.8866896872095928,1.253756957888574,0.8100063977002785,1.059586848140044,-0.1999999895332297,0.0565731228570773,-0.1952005583878418
16,-0.3144041126927852,1.1239347471802668,1.6319572911124394,1.7746954829589314,0.1999641059286876,-0.0665306695737634,0.1988769340227248
11,-0.15228785109688922,0.6795728568855472,2.235039569516636,1.547666581201142,-0.43718476950461677,0.19995557724333335,0.1268090100359888
21,-0.3627507574697397,1.5411673401167287,1.481939306381685,1.672508018047452,0.1991686332333277,-0.0383009818088302,0.1962885047679686
1,-0.09988739057747202,0.39824439528833794,1.5884341141816716,1.5667104357475865,-0.3701083232644872,0.12343667298489448,0.12260359994015371
0,-0.0999999999999998,0.2833333333333333,1.5707963267948966,1.5707963267948966,-0.04788100321313902,-0.018543770885689967,-0.018543770885689967
6,0.10086335848095918,0.26231102681863316,1.6644927841287593,1.5615434546619267,0.41899068042253934,0.13067416984506552,0.13428816747751848
18,-0.331640618003977,1.3228568717272302,1.6175912889716,1.7367815978091774,0.199905758746777,-0.2276763467923485,0.2011947361584115
39,-0.8595787614406984,1.3391072137121571,0.7048251794847946,1.000409410441006,-0.1999998862570475,-0.0741634997667505,-0.1891659413503443
5,0.05722083379655134,0.2724845320549189,1.8009919283289033,1.5277050605830127,0.5024839748226755,0.1869173026279664,0.19354254185882844
22,-0.3755800153778995,1.628241539265726,1.468619438829891,1.566693499716578,0.159779047783127,-0.1843715615285104,0.1608165538665516
0,0.0777777777777779,0.35,1.5707963267948966,1.5707963267948966,-0.41075047818801097,0.14407837052087885,0.14407837052087885
0,-0.0111111111111109,0.2166666666666666,1.5707963267948966,1.5707963267948966,0.3687586470214103,-0.19981951277973756,-0.19981951277973756
3,-0.10108730992750303,0.20318645024376403,1.6376894446039927,1.536854192014477,0.46770147426160946,0.04752826365255681,0.051994932315963055
19,-0.3549568710104039,1.4255707940992992,1.5362774275328173,1.693594623584579,0.1998257832729838,-0.1560011697527932,0.1998022208482917
6,0.07847283793149494,0.2615939795446711,1.6499234354731183,1.5570593736695784,0.5770036221298516,0.14633364923240766,0.15105372322626592
17,-0.319681463695658,1.3251251149566252,1.5969743146780837,1.7691704743845895,0.1999700759678545,0.0136467069524499,0.1967788548436864
8,0.0035433355257562,0.4656775149731825,2.2460808826041725,2.0056434696555683,0.1999628639366035,-0.2551481636443554,0.1881349348308434
33,-0.5313651338456212,1.7337621739541975,1.127212020027703,0.8921817984051214,-0.1999549165444482,-0.2415421217785415,-0.200082465598466
27,-0.3260103442830948,2.134882099099768,1.28073980395816,1.3377777231628207,-0.1319401060781795,0.2899751471876616,-0.1333786035236024
42,-0.974544188933086,1.0279614019868415,1.035848703998662,1.2676402459659115,-0.1999999875631123,0.0085430260223513,-0.1948475198633428
5,-0.0580614377670445,0.1368033970550402,2.1497280957114637,1.370996156149532,0.1998480062614285,0.1563103587081146,0.1532316494426197
2,0.0545393337291733,0.2077886152126154,1.655189891867252,1.5312347014212493,-0.1996833787754048,0.5263416427975022,-0.1916437022679887
39,-0.8416516649652787,1.3081357101392477,0.8789371540276893,1.0181149202393278,-0.1999998902512259,0.048390731040789,-0.1987372902045671
2,0.05502021969792947,0.2966664112199678,1.5435262216586532,1.5694018076181768,0.42520043648170835,-0.1999160126596978,-0.20094919818828533
19,-0.292178635568401,1.475921051034734,1.5116182480286362,1.8418243716946332,0.1999184958523107,-0.1007770363813314,0.1923855798758694
0,-0.0111111111111109,0.2611111111111111,1.5707963267948966,1.5707963267948966,0.39046927336936577,-0.19978799360956215,-0.19978799360956215
0,0.0777777777777779,0.2388888888888888,1.5707963267948966,1.5707963267948966,-0.28746119666940195,0.1544764426949534,0.1544764426949534
34,-0.5755773224577594,1.6855497950579557,1.0292734312135543,0.878745169906175,-0.1995032008108384,-0.0213726056224318,-0.1975677226725762
5,-0.1252523156053331,0.4020225001690438,1.9069873524517709,1.1433994903887497,0.0429548727746744,0.0931295847349687,0.0374689393779891
4,-0.09969069642259949,0.34790618986966265,1.6585108591851334,1.5870193617467518,0.41430240223893616,-0.14452381691212476,-0.14119525361853383
0,0.0111111111111112,0.2833333333333333,1.5707963267948966,1.5707963267948966,0.3619618378537095,-0.199780030950674,-0.199780030950674
13,-0.2056665486576318,0.8505021816350818,1.7306460317612775,1.9846679434557053,0.1999787354265238,-0.0300855143800657,0.1943173734810674
9,-0.0732450764167378,0.5067332982391145,2.0479769109606125,2.0559389557594265,0.199983878343878,-0.3420265066718983,0.2002498596322149
40,-0.8323787018162812,1.3860773144123069,0.6761366273157492,1.0010646656388913,0.2000000099010697,0.3311136599864151,0.1789642577408359
34,-0.5882022331955545,1.6565714776186269,1.0574237394676569,0.8571694519386762,-0.0782367746269958,-0.291808032942934,-0.0824778959140935
40,-0.8916062260813623,1.2852901057316517,0.6800506083851844,1.0703593352069931,-0.1999998980711076,0.0439195049382603,-0.1866292567352078
5,-0.0858949810048161,0.1612662825291644,2.1466650065006654,1.326409810771017,0.1551871695176258,0.1099686290811458,0.1138852437998288
3,-0.07608026463982641,0.18777823471280877,1.7598411696417458,1.5407944827063076,0.3361898229425301,-0.1998821253364958,-0.18780057378290324
41,-0.9340618871363424,1.142042538353338,0.9148749985596484,1.125207045135548,-0.1999989345916639,-0.1356113037009238,-0.1927599308295885
8,0.07890270159362556,0.34232712223719874,1.6759545002740364,1.5707717935065444,0.548713202022597,0.200000009994742,0.20465556714538027
12,-0.2343978941673236,0.7161438296260282,1.710296839251826,1.913107516627878,0.1999962438773388,-0.0234012955844051,0.1963685396238794
30,-0.31289584992138225,2.075129418986271,1.4710240639907095,1.319545529822509,0.2121677669142146,-0.2000000018251191,-0.19450820188892787
1,0.0778257538616932,0.27146164925234556,1.5810826691475253,1.568085843043268,-0.274317195191896,0.1195396001728161,0.11917298889920742
3,0.10284460937330381,0.3169717954625244,1.8468031843626447,1.568576559303353,0.4027827492675842,0.19991926247478742,0.2032936337162774
4,0.1060689730165676,0.2439028655765937,1.646422726937633,1.5859082415314454,0.1310888506732544,0.577155898158188,0.1343393979712635
37,-0.7884343709531662,1.4212047867897548,0.8335385416433607,0.9004345341251655,-0.1998806965807069,-0.1790855943038073,-0.1982365053810279
1,-0.07759765695648266,0.3853211730182535,1.6068718368795256,1.561493286243313,-0.24292137279102613,0.04776477597029929,0.046613641794058455
21,-0.3477423192152492,1.5828061206492536,1.4830851073244211,1.6880031446296992,0.1999299931813863,0.0306682781006603,0.1951229317932003
12,-0.1709056332472594,0.7548823223621323,1.8189489725144468,2.011232870295221,0.1999925343756519,-0.1855219976058878,0.1998520875443463
19,-0.3517238598241531,1.4241187467748957,1.5183254716555432,1.7043427607391926,0.1998586396115454,-0.1291293457720629,0.1987990016812107
47,-1.034828492870627,0.7564104531737006,1.5257031077638592,1.352303107718051,-0.2000000099509454,0.3640882015601684,-0.1907190806603241
36,-0.5887719150651101,1.6635034628983592,0.9307872198166997,0.8780838103407083,-0.1999999786103403,0.0828238081347167,-0.1992859703344886
0,-0.0999999999999998,0.3277777777777778,1.5707963267948966,1.5707963267948966,-0.3182789076541286,0.07875920405412452,0.07875920405412452
1,-0.055522039891589076,0.2537636823913354,1.5676662683202496,1.5722215876301326,0.38609635330694786,-0.19983231543770621,-0.20000612069678944
4,0.07979284015544896,0.24666139150622812,1.8640704080362083,1.592848509931426,0.4755270624821671,0.19950955850503507,0.20495613028415227
7,0.07837068808267554,0.30561782001410837,1.6479527885701994,1.5572775355207515,0.5515927085555099,0.2000000099567741,0.20417310277988016
9,-0.1005599321267559,0.6310256463353975,2.034645961472461,1.9687344364071984,0.1999133053348538,-0.3298755608822386,0.1973065317337121
32,-0.4613923583359623,1.8092753306746487,1.4291653961632251,0.9208261844128832,-0.1142319330077163,-0.5552486231228309,-0.1268132260722222
26,-0.3485796708571498,1.997568091384462,1.2138846471981148,1.4036660248247284,0.1999276368625163,0.2036862645069227,0.1924956129021051
24,-0.3586556833582682,1.8722438588440145,1.3438021688499182,1.5367345668124426,0.1478826367466518,-0.2461874791732454,0.1498591947791019
41,-0.9434936188707168,1.1511464916609873,0.7870042695702448,1.2672196121489758,-0.0820670534969432,0.4799718383733303,-0.094958164586737
6,-0.0557940710795218,0.2105820355085126,2.140114455619086,1.4214249087541726,0.1999656579110883,0.1465264661045175,0.1601552733914178
0,0.0555555555555556,0.15,1.5707963267948966,1.5707963267948966,0.30644761162759365,-0.199893028658937,-0.199893028658937
29,-0.3570698179686781,2.013775859162258,1.537281914552282,1.2087395581159548,-0.0905885882014085,0.0384559031411762,-0.0845025053940853
11,-0.1271348163777,0.661216111541219,2.042449680684973,1.875676415805096,0.1999750177465906,-0.340340945170312,0.1915507703778931
35,-0.6316763209350026,1.605067194758995,0.9060486295018164,0.8867356545014672,-0.1999868689060666,0.0494577466696798,-0.1998540617291398
17,-0.334903164501512,1.345166836652176,1.6283837009707276,1.7256407876500102,0.1999858118276409,-0.0734086332098737,0.1997535561235064
1,0.10002319852925476,0.20018202874687263,1.59562943974999,1.562832529883793,-0.003387239457991167,-0.19979695870874561,-0.19970062091722451
0,0.0777777777777779,0.2388888888888888,1.5707963267948966,1.5707963267948966,-0.28746119666940195,0.1544764426949534,0.1544764426949534
36,-0.6879193939243168,1.5441244856990808,0.8663594752096495,0.8753243012248044,-0.199999925593124,0.0618177878040331,-0.2000473066683101
11,-0.1082985558106899,0.6857584040619045,1.8960111696385749,2.09449505668996,0.1999586413443851,-0.1182957721474432,0.1983653786740825
0,0.0555555555555556,0.3055555555555556,1.5707963267948966,1.5707963267948966,-0.278692405886877,0.10935537486193186,0.10935537486193186
3,0.05579974938833338,0.29993216504520986,1.613289208212171,1.5605486168162381,0.46704209757640974,-0.17975516827841456,-0.17704315956124606
0,-0.0333333333333332,0.2833333333333333,1.5707963267948966,1.5707963267948966,-0.09295375239908964,0.19118105671598923,0.19118105671598923
34,-0.587915897640105,1.671710564143701,1.0075974327341355,0.8724221098690911,-0.1999784238849213,-0.1668368467689894,-0.2004025252439974
1,-0.10010135354187598,0.2217251761180012,1.603731052079473,1.558535480289248,0.33773203426127557,-0.19992128966673853,-0.1981912611921601
25,-0.3737998907031877,1.856712045951992,1.2625126197979828,1.4697202502867013,0.1999806541691307,-0.0869470266736247,0.1974916519696615
13,-0.2291783772504979,0.8498794009019455,1.6940411997888782,1.9506043066199432,0.1999805256480609,0.0017869629104861,0.1933893829692207
27,-0.3395487149853777,2.110496727596118,1.1771134369598375,1.3724866827584816,0.0903573218155714,0.3147998386804446,0.0825270048921206
7,-0.1085781395385794,0.3737696512415659,2.134799011766799,1.2858819283180238,0.199642090158647,0.1562332782011952,0.1436490881124423
41,-0.9172858812911548,1.2398526315414558,0.6746430937228367,1.1584114643253496,-0.1999999202600219,0.4343608721824373,-0.197252548206772
1,-0.03329864640076787,0.2382562752415939,1.576645073541675,1.5693894337941043,-0.13976940956418385,0.19970127740919466,0.19959461010589855
0,-0.0555555555555554,0.2611111111111111,1.5707963267948966,1.5707963267948966,-0.13206905872996547,0.1991717570533344,0.1991717570533344
27,-0.3257838140659093,2.10887592644028,1.336455042989741,1.3304377267589167,-0.1341895714149142,0.2601917046913477,-0.1340305774159402
11,-0.1736529491042726,0.6881450135367206,1.7965703745426445,2.026717234509714,0.1999677527506727,-0.143918020488666,0.1979782490401153
16,-0.2506783885758833,1.1491506690759246,1.6764478030612049,1.9127825010250372,0.1999712780406937,-0.0806422464237799,0.196300780395055
20,-0.3777631750587847,1.554129740644245,1.4147666810373898,1.621925407968329,-0.0183834765721732,0.0171529299483025,-0.0183432260189216
12,-0.2154589654615976,0.94527100354284,1.738211440412618,1.9462775889841557,0.1996988693605339,-0.070885306584473,0.1968560719357048
4,0.05997706177002767,0.32417778128085617,1.9831932641108105,1.2865126155115487,0.4185145434720197,0.08449117547009591,0.09165778092154159
9,-0.0848234705908805,0.4829545851335221,2.031603857616064,2.031071937941606,0.1999562157234191,-0.3269139991530755,0.1999387982377794
0,0.0333333333333334,0.1722222222222222,1.5707963267948966,1.5707963267948966,0.4067251970228847,-0.1999191914260118,-0.1999191914260118
0,-0.0777777777777776,0.1722222222222222,1.5707963267948966,1.5707963267948966,-0.1437248075799517,0.19993274291873195,0.19993274291873195
11,-0.2044933093237809,0.6283477790810689,1.7902918606430127,1.936575082326054,0.1999832612333301,-0.1682380271704711,0.2002996473311043
0,0.0777777777777779,0.2166666666666666,1.5707963267948966,1.5707963267948966,-0.23589875468743174,0.166616393543175,0.166616393543175
16,-0.2515390215182026,1.303404387231974,1.7734792904535412,1.7704314883205408,-0.048072437537300804,0.19999168487441285,0.19997610449888448
21,-0.348570705606307,1.607238470227212,1.5581676867117218,1.673688770467176,0.1981967354855116,-0.0519102693664145,0.1974740660268667
47,-1.00287964410999,0.9578702199172258,0.9868710992061414,1.4898007817230474,-0.2000000099382273,0.5057546385653806,-0.1996119515422456
3,-0.07791198314538554,0.3374324815288591,1.7538556956455995,1.622039973996622,0.45329642949654725,0.026975645862659284,0.03269950006743142
25,-0.3430936613158389,2.0015305451621326,1.197063672946197,1.4667019259135363,0.199935642267137,-0.0005115797195944,0.1927250598089336
3,0.078776115268383,0.22883408964643692,1.6618710371430723,1.5960577328360124,0.5157656063032239,-0.04354048392641781,-0.04005424854575565
42,-0.9675022864825684,1.075499235123829,0.957839748782072,1.2601311750487405,-0.1999999620450686,0.0423395872343381,-0.1921918130964693
24,-0.3426596423050106,1.930149288200896,1.2754012442546196,1.47209766250314,0.1998555774536794,-0.1086486323648183,0.1981251979687874
1,-0.0797447372242599,0.4511321843362235,1.372777857568873,1.597013385728532,0.0129815127683251,0.0136712449657505,0.0123525172580507
37,-0.7275986508935263,1.4680407109901683,0.8580602253939879,0.8977120257345143,-0.1999999123648047,0.062710929075115,-0.2000913014747967
22,-0.3774772042425922,1.595075249739786,1.48296885583899,1.6042366177142346,0.1997727453650463,-0.3343305642809965,0.2023500507061367
12,0.046789964172886514,0.8176537076370862,2.585997707297321,0.6474133754243563,-0.6540556254842296,0.20000000999348985,-0.1329420153620211
7,0.10095675426214101,0.33092393448290497,1.6875581201773624,1.572456971030412,0.5319489874028737,0.20000000999359083,0.20478592798515882
11,-0.2145757262151998,0.6719531611341749,1.7385722110635204,1.965688571967365,0.1999549997781262,-0.1120098511916717,0.1973422187958959
4,-0.0991996365739913,0.34193689865949634,1.6241934040591328,1.577415109827404,0.4547847253145934,0.023765143776867382,0.025865776555724137
28,-0.3142259311193085,1.941782264478409,1.4577506186677396,1.9458883705879049,0.4764125466409446,-0.05382495181479128,-0.06988150313433365
40,-0.8302147675533614,1.3614834711868673,0.8229131788567068,0.9097735323742444,-0.1668035341061457,-0.2748540465629538,-0.1637902955012857
30,-0.3657589591670986,2.009558379872139,1.4924150345174363,1.224395957705233,-0.1999991634834068,0.0873626102730585,-0.1905451172539895
8,-0.0735471344366798,0.3625666736632612,2.172360588597966,1.8389513425605104,0.1999741764376643,-0.2487763627985162,0.1808204043440368
0,-0.0111111111111109,0.2166666666666666,1.5707963267948966,1.5707963267948966,0.3687586470214103,-0.19981951277973756,-0.19981951277973756
9,-0.1213646059047994,0.5622086503238545,1.8717013982589528,2.0907944505914324,0.1999501039026366,-0.1226666252418604,0.1978363817925585
31,-0.4077122820767688,1.9246067340902264,1.513659375040569,1.1046993021181473,-0.1999909978329649,-0.1094385615109932,-0.187850593700259
4,0.10189520157632259,0.18246738859204314,1.7812123960491757,1.5343600310660428,0.5246913133862416,0.03801500092274602,0.04968361513700956
25,-0.3836042386362411,1.863072903010024,1.166409392617353,1.561601333294331,0.1999294292521522,-0.0515331747920392,0.1865033577529334
6,-0.0316245502465025,0.4467784267277024,2.104969634938008,1.413953463877186,0.1999233389641388,0.1575366792162603,0.1641008189888637
0,0.1000000000000001,0.2166666666666666,1.5707963267948966,1.5707963267948966,0.03836785227926507,-0.19993278612429316,-0.19993278612429316
1,0.03334139026658616,0.2176121002318135,1.6194438050177435,1.5546769697920293,-0.02866016435221125,-0.175684428434623,-0.17550157478134065
1,-0.03343030491325972,0.325405387681714,1.5614691572871546,1.5715463289965617,0.4493730731643271,-0.16246451848732152,-0.16290910276851958
0,0.0111111111111112,0.2833333333333333,1.5707963267948966,1.5707963267948966,0.3619618378537095,-0.199780030950674,-0.199780030950674
16,-0.3349283807297395,1.1431072704577738,1.604562760845035,1.734402588018534,0.1999647567119637,-0.0182137648304185,0.1985174056421078
49,-1.0950365537469615,0.609447054007734,1.8196727996417803,0.9251206940735368,0.2000000099744908,0.5741126597967232,0.1699503491097398
2,-0.032599249806118426,0.4928234886518418,1.6379737752166132,1.5703296191200782,0.3335520873789957,-0.1998845826699,-0.1971728832466318
1,-0.0792397787865745,0.3396264878717757,1.423042173873835,1.5904271278321245,-0.1998284252511278,0.481626128724507,-0.2050596908058456
0,-0.0555555555555554,0.1722222222222222,1.5707963267948966,1.5707963267948966,0.36918106159707426,-0.19979142870246674,-0.19979142870246674
37,-0.7255199779683065,1.470713822337108,0.8472664178183621,0.957164023212562,-0.1999999201034545,0.1828837970296196,-0.2007991932007235
0,0.0555555555555556,0.3055555555555556,1.5707963267948966,1.5707963267948966,-0.278692405886877,0.10935537486193186,0.10935537486193186
28,-0.3516841693568956,2.07945476668511,1.3542938018052382,1.2963549287435083,-0.0960052964217678,0.1270430909291903,-0.0951085391816774
31,-0.4211512197855387,1.8761988613613785,1.485809272407301,0.9981329609661452,-0.1998768981413882,-0.375635967971584,-0.1941773996146277
39,-0.8501725956983804,1.3166143654022076,0.8445201809918887,1.0639697413861424,-0.1999999056873817,0.1170256691870288,-0.1977509527743745
4,-0.0614881477955442,0.2927493348358203,1.9521070710333344,1.3737008264334638,0.0490667303754958,0.3338681406015701,0.0593375323767386
1,0.07775786367747738,0.24518566062713246,1.5513029704478125,1.5770235850734184,0.06602796428204047,-0.19981695753328527,-0.1999206759791886
25,-0.3504783395852027,1.9412852038769617,1.2516955720955203,1.454673876931633,0.199971708745984,-0.0905160607214781,0.1976910859544188
2,-0.07769939764197732,0.2003188757277382,1.6715644628688562,1.5430287034490187,0.3103837661459053,-0.19994570548124205,-0.19431771774385365
37,-0.7496941800998507,1.4572726004767036,0.8584805011411332,0.9438803693513842,-0.1999988390416364,-0.0200846464347893,-0.1990986584623891
8,-0.0312917156361645,0.4667446336580382,2.1749176751938943,2.0421303074930397,0.1792787475617319,-0.4072321014401663,0.1723088531976477
8,-0.0672270664334496,0.4042130015691785,2.108824918616253,2.0055478642762044,0.1999401663297073,-0.4017369307806799,0.1947331689314881
30,-0.3663891816974771,1.9848512473465745,1.5159423057231738,1.2037728483715344,-0.1999849438828303,0.0400350867940618,-0.1890900016174479
7,-0.09523366296293999,0.32009452300576213,2.034494296877625,1.6179065512749502,0.08616937475914645,0.1999557317144089,0.18634129681406572
5,0.1045489214262534,0.1745871375037655,2.0557793394475503,1.559976559725198,0.1998728913404762,0.1608713750019464,0.183458874294858
1,-0.03340502995677776,0.333369852752782,1.5638163025167326,1.5715263659507686,0.43222491124869183,-0.09343904270698537,-0.09376951032184407
47,-1.0229052482908287,0.8729528219226542,1.1240575098870516,1.4589755167626033,-0.1661784816634671,0.38926217498697,-0.1697398763493169
16,-0.3238333581948296,1.1278261593651755,1.6020838546022635,1.763514854694383,0.1999644730943846,0.0045059794423539,0.1972921677090054
0,0.1000000000000001,0.35,1.5707963267948966,1.5707963267948966,-0.3774983538941273,0.14159334122688672,0.14159334122688672
1,-0.015371843624507,0.2096166226936658,1.7548828317162757,1.4648231905047169,-0.1999193459544365,0.2209796885396111,-0.1852478527147
16,-0.2198796362808174,1.1376870302651088,1.674904449869594,1.9711646908429488,0.2000000099495933,0.1094934348118622,0.1880903949019808
41,-0.9547063723906724,1.1219754845235324,0.8526577998706057,1.2373168924935158,-0.1999998795304941,0.1177165732674476,-0.1898024041960159
1,-0.03308972335922053,0.3654328913851231,1.6170794079687933,1.559081231886178,0.3728908172123595,-0.14319100788743586,-0.1407887568064551
34,-0.5869281146119708,1.639113658194262,1.3601160538844272,0.39226687381652947,-0.28512437259372614,0.19999996871446502,0.08992968212228154
24,-0.3832776393870572,1.7869331195845826,1.3474420070333069,1.581722306443796,0.1485783997843261,-0.3620652288319078,0.1529245765992097
1,-0.03363924136170797,0.4588899311747127,1.5405358346786837,1.5743721475441819,0.43919189402196396,0.00973008885479856,0.008238739531013924
4,0.0125151460257243,0.0718510186804846,2.1988227820896427,1.4035259645996772,0.1995495267081096,0.1574339425791679,0.1509411135329815
36,-0.6778338142236766,1.5338926375119035,0.9684302164616332,0.9222465443402384,-0.1999994491759396,-0.1776064272826023,-0.2006061546565537
1,-0.033356098535171665,0.30946785277719424,1.5672364691880087,1.5716201584473128,0.40945167556319534,-0.19974855790974255,-0.1999261289719776
8,-0.084188042003761,0.3126988754478625,2.1918248282440205,1.785085197989373,-0.4932063209453609,0.2000000099929256,0.16417103758963675
34,-0.5679263172314841,1.6923540074513228,1.041028677610492,0.9009893326838088,-0.1999980871566021,-0.1381428129223232,-0.1999684329495517
0,-0.0111111111111109,0.1722222222222222,1.5707963267948966,1.5707963267948966,-0.1998382639615457,0.3791306568524662,-0.1998382639615457
0,0.0555555555555556,0.1722222222222222,1.5707963267948966,1.5707963267948966,-0.14582178322542047,0.19914198241669304,0.19914198241669304
8,0.06838903370801518,0.4426508090011938,2.295517567928986,1.7886563999081015,-0.04928027787928558,0.19999044169022986,0.17245390650090564
2,-0.03320548336165662,0.24676694660019158,1.5843082192030291,1.5686276043522729,0.07940073371061251,-0.19053682524710255,-0.19038890083930676
5,-0.0075377001362921,0.2098393574353791,2.251549458668837,1.538863689052988,0.1989856375521979,0.0382937059289199,0.1530581219690207
27,-0.35350952767881605,2.1029411167621475,1.4974684935742575,1.2571266898805422,-0.5066306871221143,-0.20000000986610356,-0.2063109079587021
31,-0.400369573057113,1.933860637388868,1.5183430831601503,1.1100225163851318,-0.1999619613870991,-0.1361428663689214,-0.1889286866494026
2,-0.055465326272731555,0.3028874487054799,1.5707642729839284,1.585462988180265,0.4855723972832307,-0.12345942103619853,-0.12415978777210698
11,-0.0587047700541022,0.7005955757602869,2.078003619859115,2.071869851506826,0.1999725537645432,-0.3739623323012118,0.19973941358767
0,-0.0111111111111109,0.3055555555555556,1.5707963267948966,1.5707963267948966,0.36817300984275736,-0.19974942508477256,-0.19974942508477256
47,-1.0190537094904066,0.8309206934220502,1.5312308881007537,1.3686493308457692,-0.2000000099639293,0.1166414463116538,-0.1954745194249297
38,-0.7936177289482005,1.3714146031796073,0.8880346785182551,0.9808343753958996,-0.1999994401786324,0.0634146957601693,-0.1997265242245099
27,-0.3342731659778261,2.116433603964917,1.2549715248289832,1.3443180765950773,-0.0501558482361651,0.286909453056629,-0.0525158169852069
14,-0.2797035890196099,0.9636907247604466,1.660343470271862,1.8520303331619004,0.1999744698391249,-0.0527939332633895,0.1973175935708756
6,-0.10217456292914588,0.3239654517334757,1.7010598350923996,1.6208796516546724,0.40070765106712386,0.09576333352244978,0.09866511365631493
1,-0.01102886750538566,0.37215124229958874,1.5795756551113467,1.5694436171363026,0.4186609148910327,-0.08811342481868101,-0.08768472050373552
4,0.0095386118100874,0.0967648839065778,2.069088348340936,1.1920340886850909,0.1497461982270558,0.266323162085208,0.1162270171908933
6,0.05449456745319265,0.3051576998376326,1.6303194519740085,1.5396282909678347,0.5548905583281298,0.1478840472076478,0.1523017704602877
14,-0.2575431243752641,0.9778432989192508,1.6818799071323247,1.8973311181916075,0.199952286500284,-0.1630793065974402,0.1988158392591514
1,0.055456287293177545,0.26999451059912705,1.5486735823240618,1.576693258376747,0.23811831680561435,-0.1998475692936913,-0.20043623654841602
20,-0.3350222580267663,1.511299133863004,1.4918357090863492,1.7570798923570414,0.1999392893114589,0.1326639552507455,0.1894693979131135
24,-0.3686572472029588,1.885373219232852,1.3225071063685063,1.466007313350382,0.1009385175426014,-0.1897689275326315,0.1026148726901338
0,-0.0777777777777776,0.1944444444444444,1.5707963267948966,1.5707963267948966,-0.20553646666327713,0.19992106105418703,0.19992106105418703
0,0.1000000000000001,0.2388888888888888,1.5707963267948966,1.5707963267948966,0.037091147065255986,-0.19979443148239204,-0.19979443148239204
1,0.0988077924602141,0.2942313055770699,1.4497756263530768,1.587068851821466,0.1275335458941242,-0.2040699609265558,0.1291264141670945
32,-0.4615999140403444,1.8034384787457527,1.1894045150772108,0.9683713459799508,-0.1999727512860515,-0.2101476586339667,-0.1997149367688741
3,-0.0425422359255045,0.1915400557373738,1.9154342760973184,1.3580732100423698,-0.1826067855629786,0.1703940889569873,-0.1459569954292873
33,-0.5079928126682891,1.7554138281863008,1.214533272942176,0.9007414760272828,-0.1653569798018924,-0.2629364582745982,-0.165398593150025
7,-0.088121016370034,0.4207646808820175,2.124041593677794,1.2597754898310916,0.1999385455670415,0.0965868446787106,0.1371463841977419
39,-0.8497833830163964,1.3234222146252952,0.7193435415426798,1.004678273072545,-0.1999999100930085,-0.0346613126085275,-0.1909377690562328
29,-0.3532985926593692,2.015274460801441,1.530302221182751,1.222841631084196,-0.1378073931642652,0.0700231536280601,-0.1292257627753658
12,-0.2492222702566972,0.751281909284115,1.6903020079824231,1.9039332252529404,0.1999524424866674,-0.0563360685947117,0.1966014053902386
9,-0.128209265575392,0.4338965066606863,1.971643529942276,1.9442034981414429,0.1999933915144474,-0.2825866652201345,0.1991427817897118
16,-0.3204515330752998,1.1814211669261734,1.6321339924340508,1.7570296401442722,0.1999678102900788,-0.0697455866377954,0.1992790245151
19,-0.3739839941339662,1.4563939795744796,1.4833815360384304,1.6548845124797098,0.1998168613251426,-0.15070987321465,0.1994574903943585
30,-0.3749704748745953,1.944056367303634,1.522964845358194,1.156256248947548,-0.1997644730185139,0.1032478399457845,-0.1827807380032699
24,-0.382779695453171,1.7571031494499405,1.2718682023913113,1.5248088888898792,0.1999519493102189,-0.0219012341248016,0.1941377005248643
0,-0.0999999999999998,0.1722222222222222,1.5707963267948966,1.5707963267948966,0.0400688561458656,0.0219498097944995,0.0400688561458656
48,-1.0566107687532804,0.7054598056937067,1.5681660039049166,1.2093703273317755,-0.2000000099618201,0.3829164820660522,-0.1738180968590625
3,0.07753806040883374,0.3202143269896766,1.5643104564093075,1.5633185155657,0.39405742959693046,-0.03160793648007436,-0.03156883277030992
2,-0.1007557494782992,0.2198569902599174,1.667327643143448,1.528374344441217,-0.199892061305499,0.3095964114192553,-0.1936772904622882
1,-0.0344406813421463,0.4278722836132613,1.458480194660396,1.585833436429716,0.0835071806487786,0.503020590482465,0.0764420726392727
24,-0.3364690207295954,1.96332746018712,1.2706137973910367,1.538067908595286,0.1864426657399305,-0.2283861979131503,0.1858497600991116
18,-0.3556282833327224,1.346510165902382,1.6215220568759183,1.6683736642706233,0.199866593676844,-0.3156887040660838,0.201125784183683
6,-0.07903275484225881,0.20662069011687942,1.617523276307855,1.542020096512584,0.49477161638368244,0.14058752564198582,0.14391912489023578
5,-0.1172981803311421,0.3376575115640087,1.7581896903883267,1.284852158923696,-0.161780850139593,0.3285027630486941,-0.129018230307925
2,-0.0312169070068263,0.0209002024830476,1.9419078092126651,1.2537919305893055,0.1151266785074071,0.2441580053540839,0.1044349654898684
31,-0.3431602778827548,1.9680397677887267,1.279790917706805,1.5323698612097878,0.3684046018902499,0.20000000994972397,0.18444774038174178
30,-0.368153080773603,1.9698794270311704,1.5487335671423463,1.1404343811176076,-0.1999771914467927,-0.1523797300914975,-0.1895887780530539
12,-0.2499329506163189,0.7640646212887545,1.6825672854676843,1.908963060965827,0.1999707215648019,-0.0266912768562548,0.1954669493312969
2,-0.055910871695399586,0.3874314132062345,1.5704268277593183,1.5905916229832373,0.4650889163015238,-0.07241420672551206,-0.0733372634491254
14,-0.1565712676169219,0.9933816932207712,1.83143031019208,2.05156307111013,0.199992836177322,-0.2015262109555296,0.1995672125859712
28,-0.3382741193495612,2.109541826538792,1.3657281183747223,1.305628140949049,-0.194632331550316,0.1020274021112186,-0.1936681152561858
32,-0.4531175582289503,1.8404946564634863,1.4318577992371335,0.9665074416241426,-0.1998768147738769,-0.4077751952995987,-0.1969211324248568
26,-0.3471422702314296,2.0363792280494546,1.1611402447910413,1.4288870245375187,0.1999110336973349,0.2207436669457447,0.1869481182110046
15,-0.280366778697836,1.110252253756273,1.6643064595793322,1.8350741765407967,0.1999921108689591,-0.0416954174762126,0.1977917116265082
15,-0.2920835308677165,1.0276273830693448,1.642905859366413,1.8245667626818909,0.1999924380242498,-0.0218971365079479,0.1970971605783938
0,-0.0999999999999998,0.35,1.5707963267948966,1.5707963267948966,-0.449362583311237,0.18616524831525308,0.18616524831525308
42,-0.953762892351828,1.1519682640993054,0.9256312019841988,1.23225999143563,-0.1999999766631988,-0.0159382122058571,-0.1901902032010284
0,0.0111111111111112,0.2611111111111111,1.5707963267948966,1.5707963267948966,0.3843946861742985,-0.19992810404767983,-0.19992810404767983
44,-0.9346161915443436,1.2166606355043823,0.8227504017241527,1.107252695021515,-0.200000009989174,-0.0708786045444826,-0.1899708839768046
29,-0.27403988310438787,2.04510652759353,1.4056316713438086,1.6635830817031347,0.10452469983853141,0.20000000993233943,0.19071650210973118
26,-0.349848855997184,2.033747696964054,1.1918756084691506,1.402788190714657,0.1998321852703938,0.2147999190154992,0.1909070714289223
46,-1.0180645158545432,0.8322365389599524,1.3955547775612298,1.3832143158921906,-0.2000000099295636,0.3301884614860945,-0.1995773239593234
6,-0.1017772257503119,0.3829505406616621,1.9695408859610977,1.1911084161417158,0.0849458781863404,0.3090014154333923,0.0821797183633693
18,-0.3433980866243318,1.3630021694821042,1.6161278899741034,1.693145630054521,0.1985901234469933,-0.0829621222523902,0.1986397468295875
47,-1.0341272196450184,0.7722630447077159,1.568019486347375,1.2944898513396823,-0.2000000099656025,0.1051162521387677,-0.1897251742635715
27,-0.3294407001066117,2.1294550930386014,1.2992755679769004,1.3289823560637046,-0.1339569187392775,0.2482741344489574,-0.1346352492824921
1,-0.033273321613556346,0.25943886387233484,1.5811062390592436,1.5682946484350564,0.4414489557442236,-0.199232507049585,-0.198650605716076
5,0.054966354174836626,0.15331219358944326,1.5934059741583209,1.5578793860754365,0.6080647149619665,0.19987892366030519,0.20191259156073163
3,0.08032837360331192,0.25565107377704144,1.7920567850258688,1.5604062922254338,0.3857108144388492,0.04415483663341827,0.05183072016717724
35,-0.5965709576654822,1.6527480625213478,1.0243151074873986,0.8584994107685162,-0.1999998487888529,-0.2748486789611654,-0.2017932272251173
35,-0.6237762587936154,1.6055650234971457,0.9989794064401964,0.863990132498159,-0.1422474000924188,-0.2346757560214039,-0.1441116023299321
38,-0.5954876748141301,1.602552413430663,0.9387281822290038,0.974926422966958,-0.2000000099055343,0.221285268120709,-0.2006698317652708
0,-0.0777777777777776,0.2388888888888888,1.5707963267948966,1.5707963267948966,-0.2955083058288543,0.19990706399673244,0.19990706399673244
20,-0.3802579298053775,1.5456394235891626,1.4077756400170576,1.6179097494463857,0.0772583449817023,0.0530260584533271,0.0744528130848122
3,0.1051217426666188,0.07514186358831342,1.5058966817451083,1.636686551071338,0.3638738121188555,-0.029772813749766036,-0.0342640740611038
43,-0.9242100289574968,1.1272095127333313,1.063832583838193,1.1681816111579764,-0.2000000099595477,-0.1430263635404899,-0.1974223664734145
1,-0.10009545253267381,0.19468222859299697,1.5945037129011492,1.5617060079056775,-0.2672046805756822,0.19984354943090124,0.19885986134625055
29,-0.3710979206229459,1.991156111390644,1.455263409581319,1.218476038363319,0.0445648885714418,0.0779508716417988,0.0451499553872819
2,0.07747071241531742,0.2639086267518883,1.4893539315397444,1.5936883021111323,0.1696433521176618,-0.19979231589279664,-0.20047262007131245
19,-0.30457282823410825,1.438191288517182,1.6383232995998567,1.777089949168798,0.004719671884395375,0.19991111515478333,0.19792415597684151
2,-0.05592252686182784,0.3120761328164234,1.5337002585318427,1.5758556510736723,0.5131900454001219,-0.04567664210334044,-0.04779879474692537
16,-0.3338474211134728,1.1466124361658143,1.6150236282109898,1.7335059111234683,0.199987564829169,-0.055766057906233,0.1992446725077078
31,-0.5055701823851819,1.8606856198658066,1.3522804382447982,0.7487955539759545,-0.6202357857343658,0.05632008591147017,0.011172542945803166
47,-1.0243833244011649,0.8079459939072607,1.5821368734790533,1.3219562836551593,-0.2000000099632304,0.08629407063928,-0.1910487581767552
20,-0.3732985747179925,1.522847408093783,1.4243810055714363,1.6336804818944717,0.0072406607083511,0.0255634467808257,0.0065515018529605
0,-0.0999999999999998,0.3055555555555556,1.5707963267948966,1.5707963267948966,-0.11497253985146935,0.026580636071759055,0.026580636071759055
18,-0.19304081659998046,1.2541144065666214,1.7106144489618016,1.9537903425137109,0.11063576382198069,0.2000000099973481,0.19145168406551025
0,-0.0333333333333332,0.2166666666666666,1.5707963267948966,1.5707963267948966,0.02282237895228195,0.09399769253898718,0.09399769253898718
32,-0.486807725024758,1.7751610605642036,1.2558468429192635,0.8567416197287722,0.1137094855548968,-0.4282077038716503,0.0881330548107725
1,-0.05536344406724798,0.2687592887134269,1.5992226238038878,1.5644284635340626,0.23803194513444553,-0.19980017034358116,-0.19885119508115293
9,0.08241244484724701,0.6609224423068178,2.30802391941217,1.5539441341641786,0.04718117776753318,0.1999593101350195,0.14898081993789883
28,-0.3517204189346503,1.995863493703192,1.5105518790153614,1.203342665466837,-0.0502218114112138,0.0940907592899221,-0.045025185488055
44,-1.0187166599938526,0.8437439667586103,1.3736274591736517,1.3516631218864743,-0.1999999630632613,-0.094054139218632,-0.2001582888740714
26,-0.3552803026543275,2.001834999957151,1.1821577001092498,1.4215806349927864,0.1999346518143969,0.1886080138824106,0.1897588231492009
8,-0.0461207982638439,0.5102289818169312,2.225360294974732,1.849457784188512,0.199941998261113,-0.236771480627404,0.1772892144777591
25,-0.31440280035154017,1.9727585030334334,1.2761470347969102,1.52585567661127,-0.2056275508496937,0.1999892192072149,0.19886794825786067
13,-0.2456863650358422,0.864818889242712,1.684390293465926,1.9189428771558992,0.1999700941594848,-0.0212880238845638,0.1949893477486045
2,0.030985653476488,0.3599988358397984,1.7006276894398864,1.501927458163263,0.1990541033446455,0.5765499001424121,0.206518333899096
26,-0.3546789553546829,1.960014022909428,1.230816142763533,1.4067150183702044,0.1999605374556425,0.1244739975369696,0.194696863800523
49,-1.0108655063837404,0.7247227876036728,1.5749576241668377,1.438222503069548,-0.199918233138237,0.9785380739913124,-0.184713860346057
5,0.0813961595746846,0.244869339771892,1.8991925005470824,1.4953904121946278,0.1988085529133815,0.4410464161597913,0.2001486083981218
0,-0.0777777777777776,0.35,1.5707963267948966,1.5707963267948966,-0.3960369384522841,0.1994508462494476,0.1994508462494476
0,0.0111111111111112,0.35,1.5707963267948966,1.5707963267948966,0.4129433273309255,-0.19930205602238565,-0.19930205602238565
3,-0.0910408477593078,0.1521575855062879,1.859094172579133,1.3515228836194482,-0.1971605092883542,0.252025331715432,-0.160054158940358
0,0.0111111111111112,0.3055555555555556,1.5707963267948966,1.5707963267948966,0.35738645108235345,-0.19976205640121553,-0.19976205640121553
0,-0.0555555555555554,0.2166666666666666,1.5707963267948966,1.5707963267948966,-0.1459848140978977,0.19981138019172734,0.19981138019172734
0,-0.0777777777777776,0.15,1.5707963267948966,1.5707963267948966,-0.14742041656065838,0.1999558785497725,0.1999558785497725
20,-0.3570153721009849,1.5227859544200075,1.435635663267969,1.6642491067602514,0.1998535671496212,0.0403058420692688,0.1937402493765965
43,-0.9642810240367335,1.1573883246382444,0.6875963119532454,1.2117326958600318,-0.2000000099391221,0.2164894362624793,-0.1839858531200348
16,-0.2903945329002508,1.1293625227873785,1.639290085262251,1.8319557363346108,0.1999882065530152,-0.028402360117457,0.1968317244919681
3,-0.021486232457959,0.0687287783118233,1.983652986119376,1.1339586355956883,0.0961660491790038,0.2308609009338458,0.0808295204629283
24,-0.37790280831267,1.7639136645021671,1.2876751670130937,1.5103728567875427,0.1999866135886679,-0.0198046520082906,0.1954853892999738
0,-0.0333333333333332,0.1722222222222222,1.5707963267948966,1.5707963267948966,0.019629576006228052,0.1873025034132022,0.1873025034132022
0,0.0777777777777779,0.3055555555555556,1.5707963267948966,1.5707963267948966,-0.40440035075431313,0.19805807792827212,0.19805807792827212
0,0.1000000000000001,0.2611111111111111,1.5707963267948966,1.5707963267948966,-0.21350118027676815,0.14798275135700062,0.14798275135700062
32,-0.4771159654918855,1.8020917757509625,1.3461628171788227,0.9168327287754684,-0.169844178443933,-0.4379015943022392,-0.1726581079541406
3,0.07853681464617025,0.33324917384104363,1.6748964945462088,1.5481820995974536,0.3474835748103773,-0.19871871382987413,-0.19273413666805775
0,-0.0111111111111109,0.3277777777777778,1.5707963267948966,1.5707963267948966,0.38909411936052873,-0.19971430670961426,-0.19971430670961426
49,-1.072647804551665,0.6638773797558764,1.7487395683753304,1.0691894281213967,0.2000000099048247,0.7110750006358362,0.2002581316140928
41,-0.9549827856371168,1.1234888218158463,0.903508853069747,1.259222689752166,-0.199999864612429,0.1382357514718903,-0.1922936913203031
4,-0.1069965984675073,0.4035648073140907,1.6835185579550265,1.4381210544769043,-0.1994501800301984,0.3148616009648286,-0.1858255096766808
44,-1.0035859814921475,0.9327597999552883,1.1635694891153034,1.3816811370412576,-0.1999999798611331,0.1484443588765907,-0.1984736750340125
12,-0.2153983484565567,0.7525681088398539,1.728046782117664,1.9644417496671829,0.1999726976292518,-0.0573520975822882,0.1957543569028838
35,-0.581765621232488,1.6514198138150475,0.9389636254509828,0.9123218108951348,-0.1999999186890288,0.0903467013081404,-0.1996882727548579
0,0.0555555555555556,0.15,1.5707963267948966,1.5707963267948966,0.30644761162759365,-0.199893028658937,-0.199893028658937
2,0.05572292160497728,0.19114838826158131,1.5703983131832286,1.574568979608337,0.5014390070110056,-0.009097977642850103,-0.009307031392552484
20,-0.3651633126637553,1.5159102366415582,1.4461689706826646,1.6520344569844168,0.05876339726872,0.0579744456690055,0.0563374934043225
1,-0.03324711790713036,0.22821552961494337,1.6177951730643905,1.556316380387158,0.3797664184246598,-0.19992935917765833,-0.19721835986160208
47,-1.0395914463260376,0.7466880240263073,1.3934035811631325,1.3137118920130455,-0.2000000099440189,0.4002645583344743,-0.1961788687162083
46,-1.0509293641523647,0.6829754558107484,1.3409566931341712,1.3862856152384613,0.2000000098701036,0.4582120116446954,0.1977182594715526
28,-0.3442452386418288,2.0574413299204166,1.4522434063673288,1.281810080224497,-0.187327714635736,0.0598518041593403,-0.1835984484882404
0,0.0111111111111112,0.15,1.5707963267948966,1.5707963267948966,0.38022983069613614,-0.19984198028788652,-0.19984198028788652
48,-1.0443365217042089,0.7283431033620981,1.5873798223548443,1.2688695023253211,-0.2000000099659307,0.3205477033180622,-0.1799025826871261
2,-0.07772693666905166,0.240381925170909,1.5708254129486532,1.5860317969999496,0.4622605488039865,0.047913994042119684,0.0472055504201156
25,-0.3826376815038658,1.855502668533085,1.219595928173816,1.5082122234083717,0.1999404743565024,-0.0759154493143077,0.1938314139767925
18,-0.3442077844713961,1.4080930816162265,1.6124282636500231,1.7054889837463345,0.199368558095462,-0.1115107774016803,0.1995421155584676
15,-0.2551580351133384,1.0618737822611768,1.6828910910862396,1.9060489207869171,0.1999923487061037,-0.1054232691405824,0.1973663539587063
5,-0.03237744696928712,0.4824387032499706,1.5481980969771714,1.5615041645697196,0.6001539147125174,0.1795495023357232,0.17873506253064506
29,-0.3680850568956613,2.0007966078198027,1.4564318182129758,1.2205288935933416,0.0115124267561969,0.0651762501700497,0.0127168810127248
32,-0.4719586600120356,1.8122480046680844,1.433574350810197,0.9439823654404174,-0.1778293357897835,-0.3151779078653957,-0.1717605408139932
20,-0.349867527247475,1.8492260720548,1.6421293599377276,1.3538866616726892,-0.1600853040724764,-0.1281967267953515,-0.1571251897758374
28,-0.3436052415905365,2.068571499400771,1.412639626436502,1.2812309268752111,-0.114551504390559,0.138529051389129,-0.1117487174327901
8,-0.0378573928046183,0.4268612723323532,2.208471794306451,1.8878653781173265,0.1999605013604812,-0.2114749854131183,0.1831069432656626
40,-0.8940504589431074,1.2113143556259225,0.9562910152951044,1.0541162276193603,-0.1633265355249975,-0.2309614049059676,-0.1602898767516624
0,-0.0999999999999998,0.1722222222222222,1.5707963267948966,1.5707963267948966,0.02194980987667257,0.04006885609833144,0.04006885609833144
37,-0.653986409356118,1.5863731196029889,0.9796843857590116,0.8349340950158002,-0.1259809215325085,-0.2629286155789745,-0.1284560301879272
27,-0.3398449410242534,2.108527247955116,1.2190088383236397,1.3537300561568526,0.0117725796533704,0.2879944610278135,0.0077977355838902
3,-0.0371744187137901,0.0491018742891166,2.005418996252895,1.16868501293504,0.1999449541683086,0.289866241250719,0.1554627669579676
7,0.09145337749717027,0.2828799930066952,1.8692775694111088,1.6695668813038371,0.33941169606817057,0.2000000099937049,0.20275825796390395
19,-0.3257237035470583,1.436456494646261,1.5328975503894453,1.7733207016995325,0.1999036375319022,-0.0847774581638213,0.1961725367334623
20,-0.3643115126759736,1.5704600362469685,1.4309436476715007,1.6871688993149971,0.036620537109051,0.0374470969678648,0.034475979977395
3,-0.0011333310728797,0.0505090185515242,1.9909350325923727,1.1157356607148403,0.0849257971190573,0.2422473155040847,0.0730208029107008
3,-0.1102206329268905,0.1289520383372984,1.822125848853076,1.3874453823740678,-0.0837804371424307,0.3477437826572399,-0.0613450389343484
7,-0.0003048206142754,0.3217667564670022,2.25976318041658,1.9583366377813745,0.1999679314587952,-0.2440701063050921,0.1837061462701048
0,0.0111111111111112,0.1944444444444444,1.5707963267948966,1.5707963267948966,0.3746942483614454,-0.1999403285461828,-0.1999403285461828
17,-0.2553598892534582,1.2813095573521605,1.666495647995106,1.902427200100469,0.1999764823284676,0.0429070322753637,0.193433589774099
18,-0.3391794474326063,1.3418159417588091,1.6301462002121676,1.70520067940412,0.1997462768426555,-0.1289501507891625,0.200150858284023
42,-0.9237496091757462,1.214634396908692,0.6711501148003056,1.178698617948124,-0.2000000081955747,0.4861140878217261,-0.1984146438570999
22,-0.3595361653841685,1.7080469223360484,1.4643370575549763,1.5863314226909393,0.1291475785160101,-0.10335425574875,0.1294454808250723
12,-0.01830065574576883,0.719317073635566,2.473365310661773,1.3966662326484884,-0.6150760519571394,0.20000000999683623,0.04069629516903587
0,0.0555555555555556,0.2388888888888888,1.5707963267948966,1.5707963267948966,-0.15858194124158514,0.19985161556140005,0.19985161556140005
4,0.0041889214887395,0.1139496456835271,2.1507186510963483,1.2981330102707331,0.1485785127763077,0.2163089434566734,0.114058092288143
46,-1.025310552094839,0.8099144523980877,1.29572322326499,1.391541840470212,-0.1512944033560095,0.5442771959346916,-0.1558076141360284
21,-0.3587958094338158,1.559529047636057,1.4421011961510013,1.662146654535106,0.199934849458817,0.0452432800849247,0.1941263828842013
7,-0.0392362856680211,0.3243700932172602,2.204511197246625,1.9229770352473408,0.1999442259482336,-0.2622532699267799,0.1847863126694464
19,-0.3664784028188426,1.396689841467048,1.6098078587479645,1.6476850544000956,0.1998536360808708,-0.0652366756655108,0.1999573291703541
22,-0.37456063983536,1.750701918462011,1.377639149450792,1.5010855583750973,0.1998001607740676,-0.0541184391798526,0.1989460913722536
15,-0.313533374595302,1.040086185556196,1.6290433616455775,1.7740229175253197,0.199968233928123,-0.0243251389504678,0.1982217697618811
41,-0.8457821616405938,1.3134857776678677,0.7047201167294312,1.1318104706239478,-0.2000000099037293,0.490710918718785,-0.2023614157249824
9,0.087240379298933,0.5060319866984684,2.013530849983277,1.793882050733318,0.200000009948594,0.1710420889996097,0.1989215986244777
3,-0.0993289156046731,0.2813601534091581,1.590809933166244,1.5896434224404892,0.3870131231032525,-0.08435645098465147,-0.08431124810508046
41,-0.8244991046873358,1.3230845476680584,0.7612672923791179,1.0288340367275906,-0.2000000098720765,0.2019421424557294,-0.1982224816061258
23,-0.3700278049479795,1.7518270233692292,1.3102568875295026,1.5846236780732152,0.1999141267447368,-0.2066178770982942,0.1980347812199488
1,-0.07773898575504122,0.4089185703058303,1.5760599123921732,1.5696879718674523,-0.2696220693966766,0.11582854207439895,0.11565439025231268
7,0.0054074883223056,0.3089741993144312,2.2874013347391333,1.771658317840335,0.1999822320427952,-0.1120192896353588,0.1684452647520441
20,-0.3759100066821714,1.581619207845108,1.4071358253079786,1.6427155666092887,0.1999569455841876,0.1106163034937239,0.1918521134011798
20,-0.3696058940837577,1.5170540041668226,1.426045524005492,1.6418497864624482,0.0829578069931872,-0.1471900721661236,0.0841853851409637
4,-0.10774220040036445,0.45275999179806753,1.5881635326447388,1.6020014109467622,0.5064334872640065,0.199857231054553,0.19913732221035094
33,-0.4950369764516089,1.8210803210823205,-3.136424272372042,-2.8094231762364608,0.5722245994309436,-0.200000009997694,-0.2077820926488414
0,0.0777777777777779,0.2611111111111111,1.5707963267948966,1.5707963267948966,-0.3450117782622278,0.1715896042371206,0.1715896042371206
45,-1.03299694172375,0.7820722694963163,1.2156007680451943,1.3900487223187583,-0.2000000087115457,0.2507118501779542,-0.2013159770971618
4,0.09775112582598607,0.13567516484904307,1.634558679596756,1.5288940013133938,0.574651416819382,0.1545364441296938,0.15973528787600336
45,-0.9708049708943388,1.1319967795061006,0.7873110994519115,1.236380731538248,-0.2000000099964203,0.1097441637051849,-0.1849345841463068
3,0.07673102687123674,0.30089856740995974,1.660038680055112,1.622857862782753,0.6086373276938155,0.1998577157404963,0.201982030655429
0,-0.0777777777777776,0.3277777777777778,1.5707963267948966,1.5707963267948966,0.10184137238576339,-0.17844750026534514,-0.17844750026534514
38,-0.8044092185642073,1.4116042173481549,0.7244671321164105,0.9501919249421996,0.1999520563979321,0.339738286747927,0.1872759230064264
0,-0.0999999999999998,0.15,1.5707963267948966,1.5707963267948966,-0.29963551631299107,0.19976529693488188,0.19976529693488188
3,0.1012438149317494,0.3271585636237456,1.370927854321904,1.6468570687924065,-0.1856571332552429,0.2122920564877666,-0.1844178885737448
36,-0.7059241253493288,1.5118892660817116,0.8835134497226722,0.8714456221484234,-0.1999864544832681,0.0062602080914268,-0.1999643378722773
49,-1.0756641722813711,0.6359201838002753,1.6131639191974028,1.2513611005079064,0.2000000098655006,0.8687491118282684,0.2178023753432358
39,-0.8433403855784106,1.3260219782514404,0.7372706803684808,0.9637511777481894,-0.1999998795194695,-0.1092646949868644,-0.1924388976478522
12,-0.2119265981572481,0.7497632398571392,1.7375544288960971,1.9740631224147964,0.1999896309710502,-0.1136957123762286,0.1970863124410435
5,-0.0047878253106355,0.1470638274586681,2.287836574930617,1.6096391663748355,0.1999074008033801,0.0077673727875036,0.1561561923826329
28,-0.3484412894994909,2.060390134909507,1.42949027039041,1.272060293373123,-0.1238800109567418,0.0764925445697015,-0.1211487917520846
3,0.0740932833047497,0.3724726955471978,1.5994599031217869,1.495295395888554,-0.1052842240491487,0.3695311339156089,-0.1008713147019716
42,-0.9259612695679156,1.220474984201971,0.638846343489412,1.1799424129589255,-0.2000000099562588,0.2393303734307965,-0.1837562641730363
0,0.0777777777777779,0.3277777777777778,1.5707963267948966,1.5707963267948966,-0.3736574047322966,0.1640131168652352,0.1640131168652352
46,-1.0150642802808358,0.8348622916581145,1.4287481204637884,1.3504327542596126,-0.2000000099303343,0.0408943862360279,-0.1990670550523539
45,-1.0046687304800272,0.9139673736702086,1.276131123130867,1.3653792280192645,-0.2000000089311282,0.0633978192383966,-0.1997690777218568
0,-0.0999999999999998,0.2166666666666666,1.5707963267948966,1.5707963267948966,-0.4128075021401451,0.12677282556665864,0.12677282556665864
8,0.051289704143488435,0.474135985942787,2.3118084692961425,1.8094960970461411,-0.09882714126558807,0.1999904408660602,0.17052787512942028
41,-0.8422465796380536,1.3127689752396006,0.7067187757727892,1.1259511892958591,-0.2000000099183662,0.4828439373796676,-0.2023349607579246
13,-0.1969905128488076,0.8476396014347876,1.8072589031033808,1.933449942860356,0.1999831016817534,-0.150606864968222,0.2002884138952109
44,-0.9665906770829956,1.035168076489922,1.016617514882402,1.3236695887049152,-0.2000000099303811,0.4235975830950098,-0.2034489866119474
1,0.07780762978704442,0.28167093061893955,1.5803670399498682,1.5680335057050863,-0.29382772743142727,0.11772581062684855,0.11735447250044519
1,0.10005921613878485,0.1983092280924879,1.586156346895967,1.5665413655494644,-0.007955026977458556,-0.19972886006851798,-0.19970604148131188
38,-0.7935338066736363,1.3887998817984055,0.8691496634452096,0.9150722255016168,-0.1999998915208526,-0.2710466929671846,-0.1985447621127046
1,-0.03309879826550601,0.2136696577542104,1.6501723832904993,1.5476375114637473,0.11759795255334926,-0.16099698745886656,-0.15894773842293528
37,-0.7267282760261606,1.4787010574750898,0.8842455440738383,0.9494955701902634,-0.1999999161287973,0.0179769996030592,-0.1996915275039357
38,-0.715181908595753,1.5167234910701743,0.8030468293275568,0.8793703605920185,-0.2000000093758346,0.1274529357619454,-0.2003895855823757
10,-0.06755012913062064,0.5768238520546276,2.2619813501720882,1.6278228741494019,-0.2086842301443716,0.1999955833900216,0.1487460221771931
11,-0.1298133654054204,0.6589988146558594,1.851412114600381,2.079209259198094,0.199994561879218,-0.0923848553198868,0.1969142959389884
4,-0.030558015464213578,0.3073395690971829,1.7770814920211668,1.5675871679297837,0.4391733247652443,0.0860252071308167,0.09327765096110242
18,-0.3415690522016152,1.3265318098793513,1.6084297047112557,1.713835730447953,0.1997534873648791,-0.1443045543568773,0.2001630827233793
12,-0.2221597361571449,0.7278640581942664,1.7343408413040464,1.93767212377608,0.1999939049959828,-0.0952287569456706,0.1977968778356538
41,-0.9531039385264184,1.1555555652697838,0.7173123402931202,1.292784085282797,-0.1999998703852971,0.6092884188474709,-0.2009463638897043
47,-1.0207768035089453,0.8210937380909249,1.527276789561356,1.366082455346551,-0.2000000099642006,0.1202060655869764,-0.1954779965019696
40,-0.88325138206606,1.2508882617572512,0.8517012753064837,1.0064670948299677,-0.1215547663601115,-0.2128234599483676,-0.1168212555996971
49,-1.084954840434033,0.6413186047943912,1.7792036599312453,0.9852377404059408,0.2000000099671694,0.6432523287937725,0.18607736068864
3,-0.10293264810748845,0.3059365867494288,1.8252715318322439,1.6843192954264334,0.3628989777863296,-0.06583770221899778,-0.06008654642539758
49,-1.0841384352350345,0.6562616993276935,1.7685425729267323,0.9796631534311118,0.2000000099681217,0.6454652235655842,0.1867280791149436
38,-0.7857159636927598,1.396867560156295,0.8640659681040503,0.9950820009170408,-0.1999999115719893,0.1870141424607881,-0.2007290276705704
45,-1.03356791481691,0.7724731631527574,1.38316811335576,1.353158748891261,-0.199999987725483,0.0595095782692347,-0.1997313806345299
0,0.1000000000000001,0.15,1.5707963267948966,1.5707963267948966,-0.24891133445678396,0.19991749938291045,0.19991749938291045
37,-0.7043657534546853,1.5215865358855816,0.8569275939070534,0.850276306720069,-0.200000008873789,0.0600057785635829,-0.1999556736554455
25,-0.35704257785082577,1.9725436466722122,1.268235579412325,1.512986855554932,-0.2699567514816719,0.1998239012991095,0.20041013195063848
2,0.05564865311581066,0.3698433576855861,1.612729494520698,1.5581306519503768,0.3341198629034496,-0.1400120463633834,-0.13798005833974428
3,0.0032984076371669,0.1201714641930998,1.9140232862749311,1.1862277755100947,0.0723424521423007,0.232489273600311,0.0694797379786683
0,0.0777777777777779,0.3277777777777778,1.5707963267948966,1.5707963267948966,-0.3736574047322966,0.1640131168652352,0.1640131168652352
1,0.0297016306796478,0.1416816994840982,1.7244445028147632,1.4820118272111185,-0.1199739700753924,0.3884313376700984,-0.1071406811255144
26,-0.30596459366964834,2.0767469721560383,1.2413456671266125,1.4559162016046632,0.39624169896208383,0.20000000968443152,0.18697650680701736
36,-0.6650434209477243,1.5608571478602482,0.9283191975656436,0.9214026229906208,-0.1999999177912543,-0.0858085738483277,-0.2000544835787193
30,-0.3652675281018179,2.005104293643171,1.492334313754308,1.215427322846957,-0.1999940451895296,0.0832820619096526,-0.1900986143004505
41,-0.9585131287087788,1.1176984965796284,0.8056950108850369,1.2701854876358214,-0.1999730191397221,0.3545397840207785,-0.1946680877486899
29,-0.3694654021547451,2.0019836207290327,1.4163287301164815,1.24740641989113,0.0119582588159176,0.1542642664710544,0.0143815435207511
31,-0.4187460131928842,1.8776815420405577,1.5384404925707058,1.0011959010553422,-0.1997086919873532,-0.4292404931343639,-0.1935414174924685
32,-0.4553125003192311,1.8131155762185331,1.5001720416875113,0.9108923524037018,-0.097971129153903,-0.44239131355711,-0.1060338809751585
43,-0.9974061118325712,0.9532740785394124,1.0692215589173455,1.317515043423424,-0.1999999812343025,0.0385813306707738,-0.194814760407728
47,-1.0207500580759812,0.8189629912348958,1.5562462842877864,1.360128878736558,-0.2000000099710982,0.0997986455685058,-0.194221415272262
46,-1.0309170921418114,0.7762182460476904,1.4997181314750252,1.3395886260483612,-0.0455340471468469,0.1094454121475216,-0.0432064498667548
45,-1.0209783694667498,0.8341904314051064,1.2073421824711512,1.4231132976859189,-0.144813969706394,0.5218071339179412,-0.152627892387146
14,-0.2711517537893195,0.943548766986304,1.6784461476345862,1.865818407383284,0.1999798810504124,-0.0637051184409056,0.1976663413399592
0,-0.0555555555555554,0.3277777777777778,1.5707963267948966,1.5707963267948966,-0.15973085538250706,0.027544650378791093,0.027544650378791093
7,0.0477414504917877,0.3453076166326098,2.30001523784249,1.805980852304086,0.1999765547289262,-0.080478599671577,0.1722486094635998
20,-0.3688624913498565,1.5256350886212795,1.526545870621641,1.6692405415414246,0.056426081734233,-0.0863327932800726,0.0570803349317628
25,-0.3654591698505612,1.909702893563919,1.207229975650392,1.5255250387325912,0.19991868335638,-0.1104706533621111,0.193333992615181
29,-0.3663501459228938,2.019300562744696,1.4034372706663731,1.2590415491017442,-0.0314707330912741,0.1650835315296008,-0.0287677577289439
16,-0.3323342686482675,1.123952647098702,1.6017141306446392,1.7375019932666214,0.1999637400292623,-0.0059281000591855,0.1982033200644477
42,-0.9696736057786348,1.055735572828917,0.8470693467091864,1.244884714709332,-0.1999999964751209,0.1769944703707386,-0.1912387614274052
42,-0.8345647406996353,1.3850611103802744,0.7276458730944864,0.972039117918496,-0.2000000099950198,0.1277660106242744,-0.1971483974977081
49,-1.1012376076932109,0.6032493861127621,1.812639840143312,0.8683993730693738,0.200000009965502,0.5827185367146654,0.1644748881486758
10,0.06296082122968107,0.7433097587920358,1.9533111670370387,1.7542005344970177,0.3298353638219434,0.19997710870432067,0.20255020178606065
0,-0.0333333333333332,0.35,1.5707963267948966,1.5707963267948966,-0.20346872518089917,0.16655774522580905,0.16655774522580905
13,-0.2569282559400668,0.8621093941295127,1.676480483359731,1.8942108355841167,0.199969561307788,-0.0273689327415077,0.1958395354914436
45,-0.9795129917641638,1.0389621559785276,0.7371021207916504,1.2211901897537465,-0.2000000098448793,0.253379932114615,-0.1888122925209976
11,-0.1848968138313986,0.6770676535080768,1.779114866539905,2.0137324974883866,0.1999770667009614,-0.1298116094966886,0.1975161003188249
4,-0.0092160308808315,0.0716790749967814,2.2255069299958588,1.404638116133884,0.1947508425842314,0.1246592898695159,0.141861190709992
0,0.0111111111111112,0.3055555555555556,1.5707963267948966,1.5707963267948966,0.35738645108235345,-0.19976205640121553,-0.19976205640121553
9,-0.0968330787403858,0.4896098211950395,2.0112430794991334,2.009015328884576,0.1999559431460001,-0.3080281744032653,0.1998868260295263
7,-0.0710582340018618,0.5125669215011924,2.14671656625643,1.5998268379774414,0.001323971541993177,0.19997200849890934,0.1708741611095266
0,-0.0999999999999998,0.15,1.5707963267948966,1.5707963267948966,-0.29963551631299107,0.19976529693488188,0.19976529693488188
0,-0.0111111111111109,0.35,1.5707963267948966,1.5707963267948966,0.3561175064547438,-0.19968190542199007,-0.19968190542199007
28,-0.3477801321560537,1.9982386337748297,1.447038737993655,1.254256264712834,0.0068336008363496,0.2213800264035851,0.0109484403110651
32,-0.4812124732424325,1.794736679862608,1.3322963899846174,0.9064620387492344,-0.1817503812006463,-0.5175800053418117,-0.1868992879716931
23,-0.3846789349564493,1.746061711219922,1.399544473096549,1.5706635281671464,0.1018730142029645,-0.3652170587488881,0.1066042458174373
18,-0.3358360174000533,1.3330689993164462,1.628964714826474,1.7232023768096345,0.1998507378359278,-0.1509195991114409,0.2003841103402401
40,-0.8907236972668341,1.2472582894948068,0.7238438070558976,1.1105832167660037,-0.1999999365273398,0.380592580948567,-0.1995835322806561
47,-1.044634005662226,0.732042813416122,1.4925966290834962,1.2926133202584509,-0.2000000083432977,0.2599135995504761,-0.1908507260135599
25,-0.3588711523859936,1.9461001758215253,1.2280395297487083,1.4299053898493157,0.1999160266262011,0.0348155784389716,0.1951585241766993
15,-0.2925084404207039,1.0932509271455713,1.6507513992538465,1.811428041492636,0.199982596719885,-0.0315846979333418,0.1979119835631463
1,-0.07779818396408626,0.16629335221493552,1.5627043033626418,1.573205931268942,0.3701735805434493,-0.1998220980460355,-0.2001998149133596
1,-0.03334892775986567,0.24627876681004754,1.5689658085491995,1.5711285818588074,0.4203951177583273,-0.19967809319403618,-0.19976854805138827
3,-0.1065693198141826,0.1517929259600242,1.9026689311929204,1.3846900868470928,-0.199218305234103,0.2280734121042159,-0.1617926946480997
18,-0.3341444859677975,1.3529672556402077,1.6311068918945215,1.723575686795071,0.1997690012791674,-0.1143316990402477,0.1999712549057529
0,0.0111111111111112,0.2388888888888888,1.5707963267948966,1.5707963267948966,0.39981577211291136,-0.1998291862253709,-0.1998291862253709
41,-0.8599770672152021,1.348232774823952,0.7132981232515183,0.9563527346704588,-0.2000000099241398,-0.1373598922870364,-0.1908156597510633
0,-0.0111111111111109,0.2388888888888888,1.5707963267948966,1.5707963267948966,0.368350673346973,-0.19978521419499629,-0.19978521419499629
12,-0.203099521658372,0.7432470289413026,1.7637797448646402,1.956418460334648,0.1999806195728858,-0.085168837540816,0.1979120253047457
2,0.0133112715618102,0.0825791035355581,1.8903525686867235,1.2810301428403654,-0.084408748733765,0.220463601990983,-0.0566008162842173
0,0.0777777777777779,0.15,1.5707963267948966,1.5707963267948966,-0.2758509773530975,0.19960564908216105,0.19960564908216105
24,-0.372223949981007,1.8164302648828805,1.3120461681054048,1.5518543098464033,0.199901756841275,-0.0993274026802447,0.1965404679960532
20,-0.3475077537391721,1.6093639521813836,1.2121494185186523,1.717753960770764,0.1998817080435168,-0.0389245107659788,0.1767581308776328
7,0.09929723512029288,0.42370759711815187,1.4615400583216536,1.5506821559087174,0.43702219657555624,0.07474031332701205,0.07055300477358058
0,0.1000000000000001,0.15,1.5707963267948966,1.5707963267948966,-0.24891133445678396,0.19991749938291045,0.19991749938291045
40,-0.8880307982163694,1.2328688733281523,0.8583315622444454,1.012222709255186,-0.1085234110281107,-0.2130790223875176,-0.1039747231249779
18,-0.3415849743043156,1.3133499466362577,1.6319866702220684,1.7052273891099248,0.1999561937976037,-0.3089885444634924,0.2016811623014805
40,-0.8992383997196186,1.260804148804005,0.656159483519708,1.1167961647380236,-0.1999998946860493,0.2068647737092244,-0.1883493604024648
0,0.1000000000000001,0.3055555555555556,1.5707963267948966,1.5707963267948966,-0.3505973243934364,0.17297097277553716,0.17297097277553716
17,-0.3522906051364335,1.2558506042795474,1.5701111902323546,1.6914523950416709,0.1999709927458354,0.0970376386048191,0.1973260638210724
21,-0.3620676700036778,1.5080288060542404,1.5971015587501292,1.654909418310888,0.199954528033918,-0.0877760576978799,0.2001276542184975
2,0.055293113151213366,0.12861927217912003,1.7776385867014834,1.5009367418582977,0.30747705604395453,-0.19970887007042684,-0.1837124840639379
1,-0.0333185368788396,0.3938807288642029,1.5723799104478697,1.5705509041719787,0.4194624918015542,-0.1613307066791021,-0.16125371692205237
22,-0.3792293228896665,1.5659061244953127,1.419817088508022,1.6103356210471058,0.1999686903263452,-0.1561290498313724,0.1993070772571587
14,-0.3010996720651211,0.9623921121079766,1.6355058951593038,1.805083317371719,0.1999756864993852,-0.0174042435696246,0.1974009937623591
0,0.0555555555555556,0.2166666666666666,1.5707963267948966,1.5707963267948966,-0.13305147877539275,0.1494447317724843,0.1494447317724843
26,-0.308776279222499,2.15749732814178,1.3082642413720111,1.3449895376388208,-0.168125811149288,0.2443705687439209,-0.1689097006944263
28,-0.3258663878331699,2.0811918618491183,1.488842129245242,1.2807378867023602,-0.1999909398096915,-0.0162255637496224,-0.1960112335109668
2,-0.10042438878806301,0.22784230967740526,1.6175086231852305,1.5505012138847885,0.3147246293625832,-0.19986617424547437,-0.19731033284539232
0,0.0111111111111112,0.2833333333333333,1.5707963267948966,1.5707963267948966,0.3619618378537095,-0.199780030950674,-0.199780030950674
0,-0.0333333333333332,0.1722222222222222,1.5707963267948966,1.5707963267948966,0.019629576006228052,0.1873025034132022,0.1873025034132022
0,0.0111111111111112,0.1944444444444444,1.5707963267948966,1.5707963267948966,0.3746942483614454,-0.1999403285461828,-0.1999403285461828
5,0.09999341895286407,0.2166529108541588,1.6484395880859832,1.5492271191156686,0.361644122916672,0.07128391445712959,0.07451545169538434
37,-0.7031627688045312,1.538528585559885,0.9419793625332792,0.8360594089059742,-0.1999998811047093,-0.3087840566834344,-0.2021435537668496
29,-0.3591168273082556,2.013763142237275,1.5180053193727792,1.2352047524034242,-0.1208801163531166,0.091321439156889,-0.1135301934864837
17,-0.3400398246460379,1.3849098823553454,1.6173456785409792,1.7101237038392885,0.1998793447698487,-0.0879540168824286,0.1998345545744065
2,0.07771419810926149,0.2351047895215136,1.5565622682359557,1.5745763718093346,0.13806319332434192,-0.1998657230269032,-0.20008198991339377
8,0.087962000101234,0.3649550460540888,2.016055795424853,1.7400103983353448,0.09949471731947304,0.20000000996265524,0.19513992648952666
7,0.05606105822740743,0.44753622936475607,1.4797936091807227,1.5297379880978152,0.5376451335246308,-0.03421961043503625,-0.03686105891294244
3,0.0771658890534274,0.23032513798706894,1.606152581111763,1.5523968133234831,0.4913898381424466,-0.002093327241500723,0.000549928358349952
3,0.0521912484844864,0.2022475508953694,1.8449646173505172,1.4378794166232909,-0.1956360326985692,0.342841513686055,-0.1660741442323071
31,-0.4035760981002429,1.921691414656,1.513818718823261,1.09418016574203,-0.1999859141146068,-0.1205737980002329,-0.1875469321368376
39,-0.8589169328333238,1.318901762383664,0.706404822402019,1.0280150868251892,-0.1999999072613931,-0.0043538101259046,-0.1896078208578087
27,-0.3195352341916211,2.1410255855762825,1.3745916751281704,1.321666601668815,-0.1999522655724392,-0.0156319512158038,-0.1997549850462296
38,-0.7789516561343729,1.3735859306300078,0.928901557363882,0.8992770342529874,0.200000009375802,0.2207469880142333,0.2005661113291244
1,-0.033120146111530344,0.3385510211712063,1.615960900732551,1.5589317977308046,0.3860932983779422,-0.19027068298101837,-0.18776069427110226
13,-0.2380699535518137,0.8358590532779514,1.721195326094232,1.907621592224681,0.1999906003751486,-0.0917142096793512,0.1982252491452614
8,-0.1077695938322824,0.4032452444537976,1.9908348383575645,1.9852769003773432,0.1999434976478712,-0.2603486326937033,0.1997957100506647
4,0.0802577570761238,0.2188053281204206,1.627320074945854,1.5673340307987305,0.0409376730772602,0.5437448512024561,0.0441237961250185
25,-0.3310492553433199,2.055599460961195,1.1564206984344612,1.4830542196316594,0.1999556851816981,0.0391508315262896,0.1881274217701692
12,0.006512606902176294,0.9276965700176332,2.1698827963163376,1.8879237188581024,0.03246369360709479,0.19997768970423674,0.19298427213510774
34,-0.5803410940353909,1.668547079110872,1.0400625115789357,0.8891330764643012,-0.1999869742795565,-0.1380973716692937,-0.1997898654933634
43,-1.0019807721640983,0.9329317123272388,1.0850454798032323,1.3921607772544355,-0.1417066662193672,0.4767033684425817,-0.1494873837204225
21,-0.3592322209848967,1.5592318124109,1.4402532156162335,1.6707686419869514,0.1999754469604446,0.0319674137194646,0.1939554590487406
2,-0.0800416368975044,0.2397139897780883,1.6638552382360885,1.5167643399884323,-0.1999278068196133,0.3904778686860892,-0.1920460258493594
18,-0.3505965213448611,1.3779651612054882,1.6269739831967838,1.6858355607250264,0.1970312608633072,-0.3051548367526253,0.1984851862258789
4,-0.0412606948857153,0.1218201000360253,1.965088121351804,1.1713687382517943,0.0666015634535979,0.2170838356837288,0.0621782524703866
45,-0.9993666927825126,0.9941611849828512,1.0884488861063553,1.3511407036548344,-0.2000000099308639,0.3273873611292159,-0.2016405288785086
45,-1.0265211852649188,0.8099494102897971,1.3201192762416132,1.3630885793716747,-0.1999999902002039,0.0386395969878967,-0.1999813630829947
4,-0.055083200040597,0.0938146831443784,2.0488317408153227,1.1916064239564803,0.1193956309857754,0.2576071993213463,0.0976248050180704
5,0.07943259517866515,0.0743114324751989,1.8753504803127905,1.4961038627375647,0.2909723576307588,0.20000000995789516,0.19656117235130866
3,-0.0552276450612372,0.24486382988658714,1.621330433585916,1.5589766445775644,0.5436183773346303,-0.07124146034124858,-0.06771554150025806
3,0.09937052093719694,0.30171553076093593,1.4886679335925441,1.5886078642023955,0.22789168775028812,-0.19977815666769083,-0.20105505419813033
26,-0.3467158652080728,2.012465048486124,1.223563729581176,1.3935650748431,0.1999372966612952,0.2257826268171298,0.1932352349674546
5,0.058763011836946,0.1837128914265553,2.245939798335743,1.425002300658489,0.1999107199668376,0.0414709730642533,0.1392810284771642
0,-0.0999999999999998,0.1944444444444444,1.5707963267948966,1.5707963267948966,-0.4421779977812528,0.19962432587690984,0.19962432587690984
34,-0.5629484204502262,1.67467643179368,1.0627203410703654,0.8895212107997204,-0.1999757445947758,-0.1884105399523139,-0.2002307685637994
7,0.01315741719877,0.3336414210120194,2.276167035627884,1.627000010914201,0.1999535196445876,0.0023288606440218,0.1594212848503359
44,-0.985137405749308,1.0286935197052194,0.9391951849385564,1.3359551298905177,-0.2000000078523704,0.2313776803298068,-0.1934047603768938
0,-0.0111111111111109,0.1944444444444444,1.5707963267948966,1.5707963267948966,0.3806528054895435,-0.19993736276202304,-0.19993736276202304
5,-0.0798209219045218,0.0860091964974822,2.0186853622467362,1.3913454600638573,0.24509754798908323,0.19997184168699272,0.17628262979495024
1,0.033290792624902685,0.426476211507687,1.565893300869737,1.5716639280493263,0.35677981441982254,-0.19972332590689232,-0.19992588369571965
20,-0.3786214312010837,1.6107183803646716,1.3299386383864191,1.6009618192701789,0.0887189577979715,0.0733837593512159,0.0835158810472183
1,-0.09995900413293503,0.2593994140815686,1.5615244413520513,1.5743935249720762,0.3128474713483109,-0.19983957963449575,-0.20022562672960992
24,-0.3651078520037883,1.791976800276475,1.2302075344554797,1.669657721696273,0.1999538655613646,-0.064116539533458,0.1836831782777901
0,0.1000000000000001,0.1722222222222222,1.5707963267948966,1.5707963267948966,-0.34015337082150215,0.19977933404653134,0.19977933404653134
42,-0.9672777584498548,1.0671845805816569,1.0012260956427002,1.2789507730653522,-0.1999999832083714,0.2547350083307844,-0.1993203579889632
12,-0.1634586156100909,0.7604495998541768,1.824149044351555,2.030860681851104,0.1999923485796326,-0.1870060251805545,0.1995728963093563
5,-0.0694527959839638,0.1243808185481183,2.153640304151777,1.2557174909101465,0.1998532132369884,0.1421969943595337,0.1356759544358013
26,-0.3475728843140594,2.0156924532175635,1.2439611365429697,1.3751581326255828,0.1789671094658805,0.2764073598406315,0.1738130810388389
41,-0.9129957417948744,1.189539696312186,0.7517920510506864,1.0902001378951838,-0.1999999863302569,0.2169504366443636,-0.1958593060596302
2,-0.07754977488358926,0.34752910727788333,1.5944023887303214,1.5669897295948472,0.45495175651151515,-0.11393250970172139,-0.11264271731588893
30,-0.3738524595062107,2.002585734504493,1.5197319860251808,1.1902482517420057,-0.1999927359899573,-0.1060770115908433,-0.1926671989260914
28,-0.3467626591268489,2.0656815445924974,1.423412635201379,1.2752514687687289,-0.1299960818277548,0.0869040742361748,-0.1272889951932219
5,0.0399647625286816,0.1548106394548176,2.307607224063001,1.6241708552705412,0.1998197914733329,0.040523663696925,0.1575006510993533
3,0.07749572643045326,0.2906322328492515,1.6294178006904758,1.5475760159265726,0.49387555622191376,-0.18168295776374335,-0.17703737905406342
17,-0.3261575723354253,1.2151467260584994,1.590091077181579,1.7539473716509235,0.1999852439628092,0.096256837183425,0.1957363743745233
45,-0.989683087346025,0.9348115197472504,0.9933460602335472,1.2974114352353572,-0.1991197582393054,0.3423225279691759,-0.2002347665997759
32,-0.4757840349683382,1.7974573966808878,1.323820246003524,0.9116184789505606,-0.1671530122099427,-0.5110530729005603,-0.1736266346330452
4,-0.0510792518731644,0.1081831562567775,2.033139421497838,1.235361619210584,0.1999619686256579,0.3092965809699768,0.1617728996655024
44,-0.9594770101458646,1.026677795515601,0.9845953279900684,1.213170702897571,-0.2000000099557388,0.0175014644869576,-0.1951946135691542
5,0.1161499092943707,0.1657139672535029,1.7491207128044346,1.6067342617647915,0.1995620402980192,0.354234860796479,0.2025693039138476
25,-0.3666361750936788,1.9187075328417804,1.2761248295259162,1.4687605463818354,0.1997206815267991,-0.2013860639604559,0.1998819234277782
36,-0.6954892262280268,1.5283415754365546,0.9307775028366564,0.864707396796102,-0.1999937799683988,-0.1558580500771732,-0.2005864331821893
47,-1.0281815013412317,0.7842939444451505,1.555374774901681,1.3526920864678715,-0.2000000099696816,0.0989749248495454,-0.1939136828226692
45,-1.0185747288966278,0.847589890865486,1.343324738450879,1.3551492879741664,-0.1999999945899264,0.0016019036475341,-0.1999879068908354
22,-0.3816122736156476,1.6420449445735854,1.4067607860756806,1.5726206553119448,0.1899695247434515,-0.1219019338034868,0.189375132991616
28,-0.3306437813903201,2.045127001039104,1.5428147103472178,1.2472390257145558,-0.156893031542361,0.0690557656420563,-0.1480777742678222
2,0.0551541666881217,0.2999606909902165,1.510530606904302,1.5842968459921956,0.4463096536324852,-0.1997970023323096,-0.20254292877434685
3,-0.10145774547525618,0.43340759319104616,1.7099747183409075,1.6071508232611547,0.3754814898298543,0.011592908319539984,0.015385725045519903
1,-0.100046623170935,0.3172975479173669,1.5963270413365702,1.5616835890892884,-0.3769990263163888,0.19194457232952655,0.19052360736250581
36,-0.6636247998606327,1.5453327108219206,0.9837414883311228,0.8697020756571311,-0.1999998914651682,-0.2513625258742695,-0.2015611165462259
35,-0.5874093436124014,1.658732230420738,1.0218752717838315,0.8899631656923672,-0.1999999120252618,-0.2271579755128375,-0.201250160221848
24,-0.3589577880201272,1.9422531614960867,1.2815019918188506,1.4320879851502832,0.1988038201306395,-0.1124098217430049,0.198240368847177
25,-0.3643501862949597,1.9319136495635767,1.2350672794634472,1.4191001967949943,0.1999590584809225,0.0410959171335724,0.1958304480260262
8,0.087803168025433,0.4629176890163321,2.1982860267817443,1.7597833982250035,0.1999896985903577,-0.0232120629878166,0.1800828132718092
3,0.07700355067169219,0.30018201363427316,1.4610921897524518,1.5848310029581083,0.27102095703255097,-0.19974145069056137,-0.20155928053589714
37,-0.7174186022578715,1.4523960004956356,0.8864448487261798,0.9133569441509068,-0.1999999156880642,0.0849134172754047,-0.2001559862169516
6,-0.0758648117292852,0.1809304669002516,2.194407806765837,1.5142678989702891,0.1999613564691949,0.0049020272553001,0.155775192243174
17,-0.3224265202753522,1.2239567785302286,1.6286976907925272,1.7528785798180804,0.1999738220277821,-0.0357506506270833,0.1988767295811127
14,-0.2930469380478208,0.948220795006992,1.6553572818332292,1.8124662329608847,0.1999161337084629,-0.0794781543786411,0.1986974597818468
24,-0.3849891105974697,1.6902498780352735,1.337953892990915,1.5948405539087265,0.1999776713317996,-0.2495468961341626,0.1997557917176642
8,0.10015982196331537,0.3770894468878912,1.7134829145532589,1.5921906467777627,0.5317920392560315,0.20000000996382097,0.20496505334724024
11,0.022336450268240472,0.6677394641403418,2.542726037060943,0.886929089570577,-0.6368239515546835,0.20000000999413242,-0.08043213872456476
38,-0.8280257675253115,1.3822823142611746,0.8107153517262632,0.885152638128555,-0.1451028482863761,-0.3145390368126109,-0.1423618513494096
22,-0.366259650704304,1.6711581475421478,1.4514024943527537,1.5917448034842372,0.1384066519109614,-0.149937970815925,0.1391432247402873
29,-0.3612687874854206,1.9904941791648167,1.5029681697727266,1.203274962668334,-0.0469410047752516,0.011393238741203,-0.0445123491373606
18,-0.3540751676802806,1.3528471811318037,1.6145594131299297,1.6822246644656458,0.1903475808796789,-0.2396404469898345,0.1915322817140392
12,-0.09161121424351498,0.8511675734987976,1.9737150365914422,2.0397671232190677,-0.15859470530041803,0.19999299797170988,0.2006036735898342
13,-0.179180023621219,0.8558540522463479,1.7957431727164694,2.020699878403036,0.1999836474036469,-0.1424238818271315,0.1981217788463626
0,-0.0999999999999998,0.1722222222222222,1.5707963267948966,1.5707963267948966,0.02194980987667257,0.04006885609833144,0.04006885609833144
46,-1.0388938709293931,0.7321551155276884,1.392059980411097,1.3851845914101852,0.20000000983857,0.2783418153793128,0.2001866520774518
3,0.0766835066340819,0.3876118919106537,1.4550637599038492,1.5958834258043255,-0.1545883619474038,0.4264972739472252,-0.159044226076602
24,-0.3162293768725687,1.8745859944553929,1.3566786617366837,1.5768837904050557,-0.3149885590154462,0.19999336576989518,0.2020443475886301
29,-0.3667756111011952,1.9928726633046077,1.524051532604375,1.2126305485886526,0.0019892047516771,0.0086952586874001,0.0021599550570217
10,-0.1202988679761777,0.6884732190991597,1.9043721561223816,2.035737750644926,0.1999883421061227,-0.120871307495296,0.1998485010634227
46,-1.0397180332579077,0.7369872615226662,1.497617081351828,1.3279475584315692,0.1689931170793607,0.1172584058719165,0.1685464672521825
4,0.1117922588469968,0.2542386792181201,1.495068009708178,1.687038448082214,-0.0641635415080877,0.4182681813960864,-0.0709651549832638
34,-0.5463060291590998,1.7187087982882887,1.03257513376695,0.9074209606176727,-0.19999992957633,-0.2526654650243137,-0.2015895818563494
3,-0.0931102650316058,0.1075594778022807,1.8350296610856096,1.3461017382593388,-0.1549375181318865,0.3039868555491462,-0.1225069128278834
45,-1.0187458897293176,0.8399583308002531,1.231788650417836,1.4254614259241338,-0.0590042736100456,0.4892911677489295,-0.0673182362843911
31,-0.4125298741457268,1.9035975746839195,1.4720191806482654,1.0685034013465091,-0.1998881110769962,-0.1306147207345957,-0.1889629779375291
12,0.015254108436507098,0.7718755394321533,2.449172372069887,1.5504628499051987,-0.49791890483317314,0.20000000999472436,0.08556071602828585
49,-1.0923696034107493,0.6259137737780233,1.790202186697645,0.9446605093845042,0.2000000099667171,0.622175896059587,0.1792245336838612
12,-0.1277143667982158,0.7620962986743282,1.8650745468928556,2.077772199868865,0.199994574597951,-0.1267715382795058,0.1981638135132283
7,-0.0818066209055254,0.282236821947433,2.198185859451151,1.6671629255945637,0.1999488611785194,-0.12138777821078,0.1662665346180863
27,-0.3364937376170074,2.0973501303670576,1.276461707050455,1.3415938962120295,-0.0495135137130333,0.2969554851290006,-0.0513412965438645
29,-0.3530085030818532,2.012551057504404,1.5005800893046335,1.2103444388578255,-0.1308490192352786,0.0586547412820489,-0.1236978807688322
12,-0.1587950789697268,0.9426135531727572,1.862383699353156,1.9978359945373445,0.1993293193666998,-0.2665930563815687,0.2011035656580702
24,-0.3816005675558012,1.7647931128635928,1.3120796995514603,1.5390158504719187,0.1999575784744091,-0.2597592161172868,0.2006751367776419
9,-0.0768967434275398,0.4827983178958983,2.0324285442722227,2.0583282443108653,0.1999638733318811,-0.3279211144123808,0.2007460206529416
18,-0.28679868355003385,1.3559431831322553,1.702022388590545,1.7876817309326922,-0.18567599112165806,0.19983515372907476,0.20069099840011959
33,-0.5365478385449859,1.7319890259189403,1.1135091817695049,0.8987781055493681,-0.199985522661845,-0.1206009786306517,-0.1979624239626464
1,-0.03335900010047224,0.3902765624483906,1.5674489522960524,1.5714778854984748,0.4269687805114889,-0.10862984413310763,-0.10880098488227397
1,-0.03324711790713036,0.22821552961494337,1.6177951730643905,1.556316380387158,0.3797664184246598,-0.19992935917765833,-0.19721835986160208
13,-0.2670754037927708,0.8528246559775985,1.6759961236539145,1.8623831592231237,0.1999767728550923,-0.0412776836413696,0.1972781237219659
33,-0.4259597714747732,1.8474096533986,1.2162515166643932,1.034992582390072,-0.1999999921116078,0.0644489097537733,-0.1955616898138194
34,-0.5807272819119164,1.6786689562462505,1.1023214374211858,0.849343414013301,-0.1724488523668813,-0.3812826334914134,-0.1765030967553286
7,0.0542299403221933,0.29070374111842695,1.6199056775949332,1.5472290397863229,0.5615957910317546,0.2000000099544879,0.20354995034553963
45,-1.017432875687371,0.8440833120050124,1.259073010531799,1.4255325416977016,-0.0331291425172036,0.4639907620575981,-0.0403591667940664
47,-1.0396524662854765,0.7439943044060968,1.5122064959481176,1.3112705346702955,-0.2000000099417796,0.2405499196627558,-0.1911749972902442
1,-0.10029003957775949,0.12905017154287934,1.604438447454248,1.556191222843816,0.2551732707496533,0.009727474940910693,0.010946817980911318
36,-0.6592492200102539,1.5528964431684196,0.9686422482874876,0.8964717443052996,-0.1999999215321115,-0.2294773817589302,-0.2011340021154906
36,-0.6548875742223165,1.530871179228112,1.0016074332920937,0.8903607317402823,-0.1999999879000022,-0.2303251691318271,-0.201320690654834
6,0.030049712947017,0.2981983882498934,2.339114401848187,1.7571140611673095,0.1999493126504974,-0.0825115022352977,0.1624949814087812
10,-0.1169847160418915,0.6054147654357491,1.904658818796083,2.049542438287949,0.1999595807006954,-0.1240117891927794,0.1996549955912684
2,0.0276552103188714,0.088544462029527,1.9402453942776887,1.382215198884833,0.0354409057281788,0.2938037213659952,0.0456218974538047
18,-0.3550227313039873,1.3393132532038217,1.626275019296116,1.6752442197775193,0.1996869365988551,-0.1906871011046129,0.2003809678753122
3,-0.0350669667753498,0.1533191602560626,1.9661287838720904,1.4223396711885934,-0.1458696053189466,0.2254470040365369,-0.1131643302056465
7,-0.0782882098478361,0.3020926409958728,2.2066415832109136,1.68197101789153,0.1998694487118375,-0.1319572078961788,0.1663747067837529
14,-0.2461163004214412,0.958493660404542,1.704222780086237,1.914983684642005,0.1998776095177369,-0.1490971232347608,0.1985738923459753
37,-0.7762287647338814,1.4631004005366053,0.7960820341336823,0.8940689644625983,-0.1999997270992978,-0.2408639463784435,-0.1966839756640635
27,-0.3278327081290415,2.131743141018823,1.2753710599881312,1.3394211029497065,-0.117441075648089,0.2918815783333288,-0.1190684871683467
1,-0.0999616969141397,0.2741017687342095,1.5468558252159337,1.5792734485012656,-0.1999500537964017,0.3225970096667391,-0.2008905986850167
30,-0.3673698277029087,1.9939013898889155,1.498632663802343,1.2011376387033808,-0.1999893021314506,0.0433529796127469,-0.1899337350297537
35,-0.6152958148773551,1.6290017450615986,0.9143446919611457,0.8854365390450618,-0.1999999893958887,0.0592581250902339,-0.1997451466534884
10,-0.1390836554651811,0.6147608469697641,1.8973143371961816,1.9718066596705903,0.1999528757858904,-0.1040868885041852,0.200173002926654
2,-0.05528589229215356,0.3309192172483907,1.60003192409392,1.566065537227262,0.5029425625686532,-0.19989920174891976,-0.19807591373823286
15,-0.3259306205806073,1.0634866497222983,1.6215243556347174,1.745523596805675,0.199987113081115,-0.0326702375949137,0.1988556710866272
3,0.07701212875491315,0.3097512148086178,1.6249761492571668,1.6086878519460683,0.4058170710240111,-0.05160814531993151,-0.050940321745551416
29,-0.3568292402591645,1.977992650589256,1.5773425931682463,1.14402721614429,-0.0517766134222959,-0.065226093134754,-0.0497300767912646
30,-0.3773179974502355,1.9391755199487772,1.562074943003848,1.1186080459276573,-0.1999637828043845,-0.0648228626854824,-0.1834025720101655
0,0.0111111111111112,0.2611111111111111,1.5707963267948966,1.5707963267948966,0.3843946861742985,-0.19992810404767983,-0.19992810404767983
28,-0.3506367780749774,2.0586452252885103,1.425108505539168,1.268486208918744,-0.1063727050703586,0.0802614204067862,-0.1038187401505387
11,0.07118449189552997,0.7473317688354169,1.81951862672833,1.7096179924538808,0.48942016379690656,0.20000000995403483,0.2041613477487135
44,-1.0211364303943002,0.8347674937329133,1.2737208130203057,1.3457717177065704,-0.1999999427642602,-0.0262339618231445,-0.1992921796019856
0,0.0555555555555556,0.1944444444444444,1.5707963267948966,1.5707963267948966,-0.2005827059256199,0.19953881470929893,0.19953881470929893
0,0.0111111111111112,0.3055555555555556,1.5707963267948966,1.5707963267948966,0.35738645108235345,-0.19976205640121553,-0.19976205640121553
49,-1.0888438637230984,0.6055380506638001,1.7558223279923104,1.0329545954878772,0.2000000099692683,0.7065167697222431,0.1967211122910869
37,-0.7081725433626741,1.5487054183988505,0.7953996650896853,0.8643613028208353,-0.2000000094623638,0.1433381937718518,-0.2005123274907078
3,-0.044611560240534,0.1338934537019365,1.8897288421180416,1.1761286881102615,0.0052228891294365,0.1131849690800521,0.0113571904167275
19,-0.3555413599096321,1.413446275465607,1.4774923979903225,1.704796938295434,0.1999994297755982,-0.1161294189498028,0.1974719189603643
4,0.05498667011313074,0.1549932630174053,1.5889786976065974,1.5595380070543694,0.5970010615342076,0.001218272146432918,0.002975102672482942
43,-0.9851785071713848,1.0292783002218602,0.8409535524994896,1.366183814659904,-0.1866771261854841,0.6452318732316275,-0.1938673539444363
28,-0.3449245182141207,2.044450162241234,1.3667756995202685,1.3052936754205438,-0.0406669161230281,0.294503963288094,-0.0387805496027338
35,-0.6087887163749425,1.637498812539162,0.8905496827105521,0.9378595102571944,-0.1999999123765487,0.1352099678769102,-0.2004155696705231
3,0.032655168379314925,0.468394273353986,1.6249705234384777,1.6133949145689235,0.23475290351305303,-0.19987694308271142,-0.19959181729405048
0,0.0333333333333334,0.3055555555555556,1.5707963267948966,1.5707963267948966,0.31367196508585893,-0.19990491426387783,-0.19990491426387783
28,-0.338790954815227,2.0586017101222787,1.4632630185883846,1.2750789767471262,-0.1711857845723694,0.1190754600218834,-0.1659359902688916
2,0.10011582467659386,0.16940054091478396,1.5708976086107054,1.5744074424451353,-0.15833305045081975,-0.05011015870998313,-0.05005427790278281
0,-0.0333333333333332,0.15,1.5707963267948966,1.5707963267948966,0.27462461624983053,-0.19975498186773072,-0.19975498186773072
45,-1.0417557263778163,0.7369514412531355,1.2441206940084726,1.3896044800446588,-0.1584156404795672,0.4902506452449191,-0.1638493383049853
17,-0.2809263067104092,1.242651254491844,1.63140140878951,1.8560554078565783,0.1999775561207335,0.0733748195922583,0.1933178048272743
1,-0.1001614192109973,0.24808565276662056,1.5840866448307764,1.564554914026805,-0.3209776945642215,0.19986822002962146,0.19920321239462715
32,-0.4702125532544169,1.804330551292262,1.3678599342132682,0.9015908215643786,-0.1138776856978848,-0.5312967448761273,-0.1256062481440328
14,-0.1559511584477826,0.9481162648111692,1.7797359848134922,2.057932655062212,0.2000000099503072,0.0414438198169684,0.1911723178293031
2,0.0543628821230711,0.1945306275555844,1.6194205162761175,1.54254451711212,-0.1996940853616383,0.5570377248437446,-0.1948262215375225
15,-0.23794510481683,1.0550625990271167,1.6948289789420263,1.9350211629838223,0.1999791227187722,-0.0498959545109303,0.19542514826823
28,-0.3361622128809818,2.132905304281125,1.3316252020843204,1.3066782859826889,-0.1983324610115217,0.1312202641549807,-0.1979434281067917
29,-0.3597105910201862,2.0840297116790127,1.3703947956672202,1.269349077526845,-0.1232242819064845,0.1276300326633682,-0.1213082890528928
23,-0.362174284237138,1.7128183414043718,1.390088799748454,1.6497598221203669,0.1998787320679213,-0.1405085684089793,0.196785432331612
43,-0.981522393493191,1.0352827213542577,0.9975137436723964,1.3245075073375792,-0.1999999727369448,0.2341492122265708,-0.1969232327302267
11,-0.2270953304209423,0.6782055275067048,1.7283494677674638,1.9323613325578937,0.1999784448744721,-0.0953538629486702,0.1977630891706373
23,-0.3635145630148068,1.7225509943757942,1.4062839286108222,1.651861381322355,0.1506700636592491,-0.3152151809172029,0.1538129254936236
22,-0.3545926391240903,1.6134467807241375,1.4271358286263736,1.715300295442997,0.1998423766056957,-0.2326864537574584,0.1982150858065897
11,0.01256262741022237,0.7870793696283153,2.2702976895564086,1.939579362312363,-0.2277505201551485,0.1999751249119189,0.1817427668990598
33,-0.5212891319844836,1.7639814011318735,1.1891411247521848,0.9146985766299824,-0.1999116279825155,-0.1729379473171293,-0.197117017704553
38,-0.7466809549086462,1.4821209291772155,0.8341007272838112,0.8730886819657669,-0.1999998935181583,-0.0657187878438448,-0.199591747587485
30,-0.3716425471918878,1.9666246453940277,1.5208474965536023,1.181364048701212,-0.1999278690933709,0.0654617635124314,-0.1863374693233051
13,-0.2242882284765474,0.8321703232814316,1.7126721242367,1.9567538928758248,0.1999941278324633,-0.0534076752224663,0.1953569084261468
42,-0.922041761050836,1.2145506992212634,0.6732395485131346,1.1632314162550623,-0.2000000079600721,0.4443551695307067,-0.1973795299808154
5,0.0800990369165538,0.1863539153684037,1.8331546255520208,1.4924191762541423,0.1452993380857734,0.2188176829142163,0.14425841229606
33,-0.5046897879562677,1.7608506139664877,1.2227377526768657,0.9058167319994946,-0.1999914648388343,-0.3519236563387782,-0.2009992153223522
0,-0.0777777777777776,0.2388888888888888,1.5707963267948966,1.5707963267948966,0.1999070639967164,-0.2955083058421238,0.1999070639967164
30,-0.3699350443419403,1.9319925251513028,1.5122545554664093,1.0880851458538847,-0.1999885914228423,-0.2723491267610965,-0.1934746880639242
5,0.08092487943281866,0.24800904420906603,2.052633323390703,1.4796992268434326,0.11488225389569266,0.19312890676181163,0.16851669451477583
0,0.0555555555555556,0.1722222222222222,1.5707963267948966,1.5707963267948966,-0.14582178322542047,0.19914198241669304,0.19914198241669304
8,0.0005187972215865,0.4173643899568477,2.2773314659498936,1.8028255566731992,0.1999731924628191,-0.1433256152738461,0.1713313371167397
11,-0.0923831595880457,0.8334260063288141,1.9134000857373183,2.1153021147117914,0.1999766540520692,-0.0906143766258424,0.1977316324211213
5,0.07622272437818282,0.3129234401225721,1.4374556819080677,1.5821364075927034,0.6888070445427458,-0.048657960208047385,-0.05808056004823235
40,-0.9286436210272048,1.1972621641377987,0.7741998522499574,1.1638115556816178,-0.1999801898616804,0.109208832795988,-0.1891410685749978
39,-0.7436271847448513,1.4881323905794424,0.8943362754903741,0.8638636606841835,-0.2000000099016695,-0.335029452788447,-0.2009279234093507
15,-0.3159978494419143,1.009001760995748,1.629681792771894,1.7704670905338904,0.1999955592475655,-0.1297716114818404,0.1998377889375607
32,-0.4652401143820452,1.813501795305481,1.382851174882354,0.914581772545696,-0.1504010403111494,-0.5191681643773549,-0.1576427502370612
2,-0.0345739575173243,0.3934451342558715,1.726239856084829,1.4976201215715836,-0.1991078916468031,0.2558174369793551,-0.1881294543076913
46,-1.0453014481665317,0.7196356052877697,1.3414529606659666,1.3676292492968272,0.2000000076102844,0.4817657632231746,0.1986705517548028
43,-0.9842661799250356,1.0274975838871103,1.0173037783545338,1.370613188686887,-0.1999998675600669,0.4639105347608748,-0.2036979542495015
18,-0.3267512814886497,1.3399755865758871,1.6400213961804502,1.732468946951149,0.199773243943475,-0.0869836890832962,0.1997231637521322
42,-0.9731576321703416,1.0557192871772256,0.9667336897711992,1.308649972220095,-0.1999998541396745,0.2812516905111268,-0.1978528125591869
1,0.033336880769145434,0.23933462483117315,1.6144877533104758,1.5562716733747453,0.4159777515571986,-0.15457311785434893,-0.15189096726493176
0,-0.0777777777777776,0.2833333333333333,1.5707963267948966,1.5707963267948966,-0.3612153276471322,0.1997182121031899,0.1997182121031899
7,0.0886561190031727,0.318224631904245,1.889928153185473,1.777794676562826,0.1999664420815431,0.3547761067808981,0.2026804742392301
7,-0.10551678901872237,0.38100431724808625,1.6911051422965269,1.63693916123046,0.40887369328356005,0.12899047917611078,0.1310149210607976
0,0.1000000000000001,0.2166666666666666,1.5707963267948966,1.5707963267948966,0.03836785227926507,-0.19993278612429316,-0.19993278612429316
42,-0.9128003637924144,1.2258002904677752,0.6837478041782017,1.1956841079270593,-0.2000000099586163,0.370226836069159,-0.1924956936379213
31,-0.4023876184621165,1.909070036670898,1.5324747575970588,1.0755798157687344,-0.1999497031448421,-0.1897823729863828,-0.187812703278582
5,-0.0978306568548658,0.1872719694324971,2.158703053914439,1.4414311596403402,0.1051446866689443,0.0658721495051442,0.0835672071774198
4,0.0804228984828566,0.1955256709020199,1.6275434072931845,1.5682887682372624,-0.0270967042344578,0.4112224365176746,-0.0246138903229252
33,-0.5074250808688708,1.7683769877971764,1.291122999217757,0.8780407622530603,-0.1250599279856469,-0.5083125401952332,-0.1349462743012611
9,-0.0337153773389987,0.4832455496174975,2.164847943230504,2.0192750885020616,0.1999934210814618,-0.3261730449020545,0.1931466430387927
40,-0.894742774265729,1.2311422371970628,0.6980985707568274,1.106059976429265,-0.1999999030930283,0.385200476745415,-0.1988686148403508
38,-0.7722359696310296,1.40424476810163,0.8966593980709212,0.9067207898326068,0.2000000097470186,0.2522430560933231,0.1997360993327873
35,-0.6481093575309816,1.589919020918536,1.0209461013631502,0.84159166727027,-0.1192807120293438,-0.3091732523070011,-0.1228828153520951
31,-0.4122550202409348,1.9252885226905456,1.5107326901656402,1.0854649934366774,-0.1999237498103544,-0.1401820635654183,-0.187899622605978
30,-0.3725489041131724,1.9289082047956236,1.480198551521012,1.0865838211544578,-0.1999845828611518,-0.143131049823028,-0.1901810041693256
0,0.0555555555555556,0.15,1.5707963267948966,1.5707963267948966,0.30644761162759365,-0.199893028658937,-0.199893028658937
36,-0.650397093869592,1.5804354101940148,0.9082962840274128,0.9038212052037812,-0.199999912240003,-0.0402460781444742,-0.2000159199882661
12,-0.1941348659642276,0.7491797185956984,1.7593293254692566,1.999765511935072,0.1999921157543245,-0.1027107872553266,0.1966849963613118
17,-0.3407280206222468,1.2839466419924874,1.6172015225090426,1.7120505950458476,0.1999722568587326,-0.0385997657042352,0.1994389876471516
28,-0.3517842959008783,1.9515714476804964,1.5746795105252196,1.04937607911048,-0.0470108103193183,-0.1552654782929353,-0.0484586123127362
0,0.0333333333333334,0.3277777777777778,1.5707963267948966,1.5707963267948966,0.31800732758473066,-0.19973174241888458,-0.19973174241888458
5,0.0493248879767036,0.1742073270708182,2.1492635589069256,1.298155606396716,0.1999180378591611,0.1318205521005258,0.1416890990299458
9,0.09749762546037904,0.45841963426830623,1.7476976793867092,1.6153479598608635,0.5313658115251993,0.2000000099614128,0.20526301896224688
13,-0.2687633756301248,0.8161569473419802,1.692071273415282,1.8516394636223137,0.1999832305796199,-0.0746698409492266,0.1986290841882535
2,-0.0331919136006841,0.4580757936286588,1.5850767298277955,1.5697410175175817,0.5571893926123208,0.19995747708159983,0.20078842026498772
33,-0.5008365183356727,1.7334307303052643,1.0501643529649956,0.9569787933283502,-0.1999905801231015,0.0568827545933863,-0.1985935960009488
41,-0.9114849432366128,1.2022572708707755,0.7452895453322999,1.0902466192425742,-0.199999988742148,0.2192683898947882,-0.1956326815556802
21,-0.3257702606612208,1.551263725249963,1.583882653281762,1.7351130056479271,0.1984418331382401,-0.165832427958412,0.1986752520118519
1,0.05573194244580825,0.39596133135045003,1.599450801559959,1.5640269044604864,0.24172001718048497,-0.19986385945724444,-0.1988823853080384
22,-0.3654362522530169,1.6595238095774658,1.4738223263924397,1.590148284747851,0.117429773108252,-0.184432440235437,0.1187767474747852
46,-1.0470958775104224,0.7118071333491954,1.34087287015671,1.366029485163944,0.2000000077656861,0.491976532291021,0.1986992096890153
9,-0.0954814953779964,0.5523113742800684,2.163899189328768,1.726158759944974,0.1999591127931493,-0.1679476116835615,0.1739861275986889
26,-0.3762160970544103,1.9700499122719093,1.143408934890922,1.480550073884162,0.1999374203219078,0.0066736848806264,0.1884610250935381
0,-0.0777777777777776,0.15,1.5707963267948966,1.5707963267948966,-0.14742041656065838,0.1999558785497725,0.1999558785497725
42,-0.9197771294682692,1.2417695172088663,0.6280447512578381,1.125181688574887,-0.2000000099451948,0.1654115308252002,-0.1836789843636047
2,-0.0364096780526542,0.309768053801571,1.7613732308643932,1.472424213208457,-0.1996130809235435,0.2783529156383107,-0.1834063701649205
46,-1.0570741668632393,0.673138493585399,1.4018073341872492,1.327212406929697,0.2000000097846231,0.4909256755687553,0.2031024886712421
44,-1.0175901539912977,0.8541303427726752,1.2250325421563213,1.3412777725918266,-0.1999999990473472,-0.0356422202156127,-0.198236833357184
41,-0.9606175610928523,1.1094592137318533,0.8288042686479515,1.2831751054081055,-0.1999500738060963,0.4141310789945163,-0.1978387001158589
23,-0.3728120768638864,1.7439125234497326,1.4044280833534266,1.5705336545755315,0.1443298574877652,-0.184763830496043,0.1453982610572274
8,-0.0107680678092383,0.7244062364441349,2.213401544844702,1.974020260210288,0.1999702858644619,-0.2097197568890467,0.1892956160305517
26,-0.3383045177967435,2.081583492616016,1.2221805829466124,1.375039221334721,0.0888147811386261,0.2957174229856188,0.0832764739169341
1,-0.07779364103983659,0.28812300559898363,1.5668040672924857,1.5718944745545083,-0.019935291258771862,0.12991745165197832,0.12992591626043726
0,-0.0999999999999998,0.2166666666666666,1.5707963267948966,1.5707963267948966,-0.4128075021401451,0.12677282556665864,0.12677282556665864
2,-0.05641430682601176,0.44699018826732645,1.4677501106013962,1.5683603449552672,0.4959125718675839,-0.0906746916722466,-0.09519712985769409
33,-0.5143184229630569,1.758930272993208,1.2749329136865557,0.8843806212507483,-0.1852648063409332,-0.4913189649460027,-0.1900186432927689
33,-0.5129153484665687,1.7604995892669772,1.227970201587334,0.8991396272589385,-0.1826424503015952,-0.2161252858570487,-0.1798360587749986
0,-0.0777777777777776,0.1722222222222222,1.5707963267948966,1.5707963267948966,0.1999327429187319,-0.1437248075799966,0.1999327429187319
2,-0.05620042907991988,0.39943712111606783,1.5067957898308286,1.5855143257169022,0.33040876542356623,-0.07587746393338228,-0.07824073796115258
22,-0.3625856419765644,1.660167918882328,1.487004973465914,1.665737248664569,0.0862444043477202,-0.1652394492576656,0.0878081821815438
0,0.0333333333333334,0.3277777777777778,1.5707963267948966,1.5707963267948966,0.31800732758473066,-0.19973174241888458,-0.19973174241888458
16,-0.2879454273433854,1.223106287721048,1.6566608561387373,1.822481408843892,0.1999680954406291,-0.0312316086899844,0.1977406963767976
15,-0.2546212777774168,1.1402408983721228,1.7320422438198555,1.8588553129019612,0.1999930910130262,-0.1389739826537135,0.2001447969350915
11,-0.1846298120050137,0.6354963335238523,1.8111021661793376,1.9734989338304965,0.1999936142004507,-0.1535226497505823,0.1998444322053647
2,0.0970185815084717,0.462359305434833,1.2831448386102933,1.602695281817329,-0.0570707311952673,0.0538570047728694,-0.0558734874361983
2,-0.09918847599670352,0.3092827158730791,1.6422698395934443,1.5671151076227108,0.3422693675162884,-0.19994352218560402,-0.19680922860694774
21,-0.3731576778999712,1.7164081309874153,1.372760637652119,1.5701858538832898,0.1504488149865599,0.0691133439794319,0.1461707003919023
8,-0.1102283725343728,0.3772878474809015,1.997940201108575,1.977277933275487,0.1999074071556166,-0.2951952183231567,0.1992548386407955
33,-0.5059381810030575,1.717715566310983,1.0265618180643954,0.9564405564342758,-0.199988664473748,0.0726870644862709,-0.1989879213594143
29,-0.3639369264972272,1.9874766616765387,1.430531474389956,1.2491045483974612,-0.0492648193391846,0.1867306158689725,-0.0450870057273568
38,-0.6979502536989982,1.5385170855604935,0.8422595097573393,0.8627252687007485,-0.2000000098067699,0.0089502816670123,-0.1999764426897579
39,-0.8748432070295336,1.3072590697300042,0.7020065497055465,1.1363040915233928,-0.1999996781114597,0.4601854207931909,-0.2007962482691034
23,-0.3666312671383978,1.718924396967444,1.3816061062747211,1.5886803355981796,0.1999385610891804,-0.1591060924263236,0.1989383821301708
29,-0.3575285429443289,1.990839253691964,1.4370356708038838,1.2397603637975028,-0.1102919836543792,0.1572217929618572,-0.1050712690513033
30,-0.3757828847883129,2.0065824305282947,1.4780194091811598,1.2124571543164224,-0.1999761563073383,0.0511399975838765,-0.191623831140743
46,-1.0487570339212169,0.6990076074508573,1.5170520934592528,1.3097033522416943,0.1489951991192897,0.0652051737167028,0.147146099326388
10,-0.1126548672369658,0.7579038170708923,2.073042336519023,1.8503419500303009,0.1999577366874884,-0.2607957983765916,0.1892596543412458
0,0.0333333333333334,0.2388888888888888,1.5707963267948966,1.5707963267948966,0.30729635204964145,-0.19991953981487004,-0.19991953981487004
44,-1.0170425670011436,0.8567773123969907,1.2625384227087952,1.3478576807579274,-0.1999999904498993,-0.0382157994265884,-0.1989468354451714
21,-0.3773599158948338,1.5260126268298808,1.42563747022807,1.601822315201302,0.1278562310901457,-0.0321162531789458,0.1264398768083353
42,-0.92160676101569,1.211586135068494,0.7814366542559263,1.164718076404199,-0.2000000084288994,0.3160875445608154,-0.1973090994699434
3,0.10138858636517517,0.36840015061292625,1.723577526458774,1.5439395084967447,0.4771223310305649,0.1995804527074538,0.20489379888850878
6,0.0614310992154714,0.2655337680026182,2.2524050111751537,1.654559048189423,0.1999650690574797,0.048668183498095,0.1680204735724447
1,-0.03344976665219871,0.24959976257129712,1.6288976213850024,1.5499127923907958,0.39115977284585673,-0.05114465604789393,-0.0478988460164773
34,-0.5804230996870221,1.6955185377786892,1.1331115134941745,0.8687603572194748,-0.1999966101644301,-0.2507454714926287,-0.1996007284758625
24,-0.3576674477642156,1.89927485481714,1.3021704824708356,1.4671552577528637,0.1834351422193283,-0.1539971120785336,0.1834734571853803
2,-0.10010533858448907,0.2556633399412947,1.5927977612192166,1.5622831056571538,0.34575955550248516,-0.19986242218495126,-0.1987144693925967
0,0.0777777777777779,0.2833333333333333,1.5707963267948966,1.5707963267948966,-0.3792818520132476,0.18031257198932615,0.18031257198932615
35,-0.5912231417654112,1.6287311895775491,1.0372617289701345,0.9019682889468054,-0.1999999198227687,-0.1949684130540102,-0.200802034347892
27,-0.3010533685060511,2.110864604604684,1.488714146312087,1.2965007130015282,-0.1999496094701812,0.0632735829125457,-0.195058570030029
39,-0.7627723936340605,1.4623885553320506,0.8467346505908453,0.8682150163592034,-0.2000000099619326,-0.1915650831990684,-0.1995424139600051
46,-1.0195796603513994,0.9118240153585632,1.101714626455743,1.3620679378869518,-0.2000000099788235,0.1620935000314451,-0.1974324701571152
48,-1.0644029674013766,0.6771335410556168,1.6415642270775814,1.1556993311837374,-0.2000000099571999,0.2700124443921767,-0.164245426908668
26,-0.3673328045831601,1.9932360899812491,1.154977110579283,1.4492514907376188,0.1999225640663322,0.0522180821042122,0.1898139022510424
2,0.0556630343634988,0.28318850052170386,1.593311303355966,1.5649421508531984,0.45091671709312103,-0.18690628966909745,-0.18555204186728308
9,0.0716510949023595,0.4947884354298733,2.064745335429328,1.7447894451894408,0.2000000099606768,-0.076877679944102,0.1874318751346526
29,-0.3720059009486398,1.9833597068661597,1.4605142191631009,1.2174721277753089,0.0548321117431244,0.0886795623089615,0.0553547467818216
29,-0.3685725687225994,2.0064623165675464,1.4253640010708284,1.244804986709658,0.0030689188601882,0.1320307624599837,0.0053900310575571
24,-0.3666983887951589,1.8346838020915477,1.2564467561524155,1.5286545507727902,0.1999763212230911,-0.0044691728289719,0.1927332825821203
1,-0.01100198700550204,0.29481009198407815,1.6304858277869219,1.5523936461690941,0.39637761097778124,-0.13017061633095534,-0.12668164844601543
7,0.09980464655055984,0.4487299866212334,1.7237728545302424,1.600933630005572,0.2335631984255824,0.035630810812568456,0.03822418575597395
3,-0.07827751343829593,0.1713622752584234,1.6166774472829442,1.5496156653353976,0.37742853143676,-0.18396958984703102,-0.18102685700997292
11,-0.2250698533261874,0.681287574280039,1.7427805829734366,1.9168552247888213,0.1999468048178059,-0.1046809420810303,0.1987380954989726
5,0.07831625272132386,0.2594473125027334,1.636507430174623,1.55795691779409,0.5290663467394573,0.08398386496166993,0.08787647111135201
11,-0.018129671843466,0.7125852055824843,2.1674494760241254,2.0985031870072506,0.1999558210706837,-0.4299772430306807,0.1965185698433187
2,0.055992327446930716,0.1931918212418669,1.6917928443341896,1.537505387712733,0.42301338696554674,-0.12797566246932698,-0.11995477269879376
1,-0.07774390404521163,0.24384269317961543,1.6124253506448607,1.5573723678714728,-0.08757718959794905,0.1934848631266964,0.1927098321817274
1,-0.1022023597299613,0.2960067485729818,1.3497073279047471,1.5999272881482136,0.1995831684452829,-0.1382741248779015,0.1967916487112495
28,-0.3364012059618819,2.1263155090519703,1.3467354728145722,1.3073509931679443,-0.1999100329421874,0.0851709587578559,-0.1994196543576558
22,-0.3647759291833436,1.6289680816879228,1.4615798360133994,1.6730906255768128,-0.184898253983426,0.13353008903884725,0.1344360555485166
6,0.09884168723464534,0.19727618715550618,2.0389743680742125,1.6723562308709883,-0.1837888998865199,0.2000000099935999,0.18012089478945498
0,0.1000000000000001,0.1722222222222222,1.5707963267948966,1.5707963267948966,0.1997793340465314,-0.340153370821415,0.1997793340465314
6,0.07613519699067227,0.3161109823282268,1.4328386583832362,1.5769480498682378,0.6981380770506865,0.13609994291632121,0.12466311964804949
28,-0.3320813345225185,2.0869371784517514,1.4424622641461422,1.2945484466894162,-0.1999680669371605,0.0097927287116641,-0.1976402314923525
3,0.0534398638753446,0.1845906010626077,1.9104810715522456,1.4305487066152458,-0.1637359631623973,0.2861103777453893,-0.1320278165742153
38,-0.7846935955036868,1.3860490987914451,0.9224629885411444,0.9569791870761184,-0.1999999185127712,-0.1540115869458071,-0.1993493096883355
40,-0.8211018500364999,1.3899302514257532,0.7285294717129849,0.912437176907458,-0.2000000099418773,-0.1958358835208463,-0.1930460223796814
22,-0.3587735136160428,1.668062796562629,1.4926077216946405,1.6609637979567673,0.108183025063071,-0.1726475861676361,0.1095464012975052
11,-0.1623039392478388,0.84027527625901,1.868908833576504,1.9793150820330063,0.1806968193250282,-0.1793902431542919,0.1815731911450526
11,0.032659639180725536,0.8412096564473119,2.0698931284075703,1.843699039451835,0.18158409240380452,0.1999793358175337,0.19895765282035416
46,-1.0022959740724364,0.8664877597881412,1.1268727731303063,1.3304976739788137,-0.2000000099475939,0.255467983434807,-0.2010340969751276
27,-0.3553618742861916,2.0481755655081937,1.2169132385044297,1.3568752718851038,0.1114756721042916,0.261892715994254,0.1067320362856616
19,-0.3485350563212155,1.4518104797641027,1.5739410423743978,1.7050196783085123,0.1998586056781614,-0.0365741900697325,0.198622154242238
30,-0.3713293308343396,1.9764352364616424,1.5656175302548518,1.177828715016106,-0.199978706689485,-0.0867051688655158,-0.1884084703195708
3,-0.1021944882699885,0.3753544498032197,1.2157736800747578,1.5529542271070829,-0.1805125033846238,0.3688756339247608,-0.1825514836268091
22,-0.378433948253971,1.729256361429482,1.466160420086509,1.5517098983827908,0.1585116161836557,-0.0639393157759222,0.1584782498694041
4,-0.029500129351914,0.5982949383805792,2.128489415184414,1.6350899644164885,0.1999715251287856,0.0688975301689427,0.1793836429785654
3,-0.0249649632968475,0.1353893926481887,1.8918264080788656,1.1550177725760764,0.0237453109716977,0.1371385046042556,0.0268008905007684
31,-0.43294331191611773,1.8778856107089086,1.4706515520613697,1.7250096406966466,0.03195824809826063,-0.20000000988596442,-0.1943691595392452
9,0.02048985957121774,0.7049793138739416,2.3217286440220217,1.60639398871803,0.014093554911410011,0.19989379733476928,0.15181894310160762
1,0.09963984148289486,0.18190499381511466,1.6007688316192965,1.556755480142881,-0.27007708351045473,0.19980413852122458,0.19842232594801534
9,-0.1269197562313655,0.4601740723772724,1.9890210793538583,1.929302736428816,0.1999622179044131,-0.2885893175114074,0.1978833797744331
10,-0.1034765480526575,0.5700740888288748,2.128474252675288,1.7620345015163703,0.1999778236459168,-0.1720491439806307,0.1805366562909895
6,0.0064639549421054,0.2340428083300659,2.283200573164333,1.7866402842408995,0.1999431277176425,-0.1111782969698939,0.1704987074539282
7,0.10100734331684671,0.3209672420597658,1.6857204642754535,1.575381620093584,0.5328594152092738,0.2000000099607957,0.20465136481916477
45,-1.0068414176926122,0.9159718449178256,1.241310066444362,1.3902430327284998,-0.2000000048514779,0.1865465237307935,-0.2005540321060621
45,-1.0157632151624312,0.8594383229545622,1.2252177122774492,1.4355059995105404,-0.0823723924376633,0.5096487912471519,-0.0911962955968342
1,-0.055524445357233526,0.34789171392725615,1.5761843184616904,1.5694842022271007,0.41739280276958474,-0.10890486719987513,-0.10862276681743498
23,-0.3733025632577832,1.738458799170693,1.4139185788243749,1.5831252461546612,0.1447040937622299,-0.1869530470720761,0.1457858242945731
18,-0.3535556810644549,1.3828547369936688,1.5979016396569248,1.6877649513730473,0.1992417580481671,-0.2531515476789744,0.2007096624397457
2,0.055429989704918144,0.1485513813859799,1.580439449348722,1.5662026617808114,0.5042689467775242,-0.15050331226379868,-0.14977016731968062
0,0.1000000000000001,0.3277777777777778,1.5707963267948966,1.5707963267948966,-0.3521421311467152,0.18248983633270013,0.18248983633270013
24,-0.3522882056015338,1.8254476775960888,1.290496271158208,1.6075198136994635,0.1999429871078615,-0.1235786256956116,0.1938317671448634
7,0.106679848180567,0.376556608245658,1.991709227169478,1.668428404902381,0.1341149397661379,0.3046075333202256,0.1368443002033746
37,-0.7397689757953316,1.4707279257886572,0.9260952558355976,0.8559356260483644,-0.1999948913000945,-0.2712150554268505,-0.2014041424797821
48,-1.0595058621636302,0.6860703034610592,1.6676035501040731,1.1790671703774558,-0.2000000099620925,0.2387497006181994,-0.1653988201519756
0,-0.0333333333333332,0.3277777777777778,1.5707963267948966,1.5707963267948966,-0.22463226426900082,0.19927976270050665,0.19927976270050665
47,-1.038128883905139,0.7427045386594601,1.434387143752594,1.2844484493980357,-0.2000000099206316,0.2666321075438581,-0.1937731731422368
14,-0.0963591092872494,1.0228734151769956,1.9237685488973255,2.108827248744693,0.1999777235770567,-0.1693425648603669,0.1996791690469616
42,-0.970089793190856,1.0488682073096327,0.9450461762361893,1.2634377263423966,-0.1999999268367585,0.2483507653623132,-0.197722317803231
2,-0.07611496875898228,0.2508141703117004,1.7112204528188713,1.5609819354587715,0.387927371514481,-0.01713427414851254,-0.011135000639132607
1,-0.01087577309401446,0.3163640035681193,1.620596126714025,1.5577170202330943,0.37821943339702063,-0.1947077542696295,-0.19194632190724753
32,-0.4614792344512399,1.8260456802521363,1.4520904731344206,0.9717463931627914,-0.1999702789639558,-0.4918296205959609,-0.2000675154055251
36,-0.7168066118909148,1.518368380238356,0.8470302651064749,0.8899138697191986,-0.164264907097852,0.0977256790248546,-0.1645328428710667
13,-0.2072464888420321,0.924912695635304,1.7440387350679092,1.9695802083266247,0.1999530764618132,-0.065893004582105,0.196362489131392
20,-0.3722874146804655,1.5303103523146635,1.4269854629124428,1.6472651584144695,0.0014793515094804,0.0218569324106384,0.0009660254243766
31,-0.4154670923842812,1.8671784963420412,1.5803053441185893,0.9993012668965814,-0.1998741124181021,-0.3825506446263358,-0.1880739729197882
6,-0.0419388881028315,0.3271387420649289,2.138359942723054,1.2711562346544916,0.1999088909272325,0.2353588463167881,0.1472799673138781
27,-0.3442538310865611,2.1031766132946808,1.1954262835555394,1.3588102364559032,0.0549926450811257,0.2754397523063913,0.0497800324591768
15,-0.2499447266067483,1.0312450458719795,1.6982520555222322,1.9054495741425908,0.1999874912078193,-0.1275263633383642,0.1983334634360113
0,0.0333333333333334,0.1944444444444444,1.5707963267948966,1.5707963267948966,0.36809782327613144,-0.1998775181082128,-0.1998775181082128
13,-0.2554870209030132,0.8547271016736251,1.683166405293146,1.893233175282472,0.1999865850406564,-0.0502521819814374,0.1966381633198878
0,0.0333333333333334,0.15,1.5707963267948966,1.5707963267948966,0.37583633236717956,-0.19988553706488105,-0.19988553706488105
17,-0.3287786560512155,1.3103520583152144,1.593843388105891,1.752933895330251,0.1999596377652452,0.0371697510882645,0.1968456580493585
3,0.08026208410328886,0.2648811458747853,1.8588471419146781,1.5416259065884088,0.3407027165786952,-0.09484542780805878,-0.07948573693005698
15,-0.2623489037084167,1.0347686829111484,1.6748615459106042,1.8872013632418112,0.1999938172337582,-0.0711429212967061,0.1970013730592972
20,-0.3379916824112657,1.5558826038535625,1.4183040129429905,1.7325098543235231,0.1408686331382341,-0.0091129277852815,0.1342536491729654
44,-1.0120170793480177,0.882806843728249,1.238531835810884,1.3693607699598076,-0.1999999850910041,0.0465041577210032,-0.1988974790112936
3,-0.0943695152949134,0.0892755053296746,1.892146811160836,1.3175566177944713,-0.121062927814918,0.2647269557071675,-0.0872343820313583
46,-1.0211574255028528,0.9050620629251184,1.0257570240066975,1.3477974943254756,-0.2000000097181167,0.23319103902129,-0.1970988864335636
6,0.0367115995147801,0.2435447672616354,2.3406089321315706,1.6860442546284706,0.1999690819718951,-0.051401083993194,0.1555087093411775
1,0.07778948062249642,0.2925871576854728,1.5787059348684291,1.5683207627025184,-0.3149733524271308,0.1117676590246969,0.1114345325377322
2,-0.0851031333464247,0.141989130683848,1.711118406919172,1.4601758396558284,-0.1328695654690108,0.3620568084833269,-0.1197174405741461
16,-0.3107593722736959,1.218555862107214,1.633028063989245,1.7843614511736765,0.1999882483242538,-0.0501736056522009,0.1984589699462036
4,0.09970126265414138,0.2272792322749905,1.5368193293139818,1.5797023386420066,0.36304792718670115,-0.1006669729850228,-0.10213080792227203
5,-0.09894723663663542,0.37326014992261497,1.603188475878671,1.577385831625555,0.47435762658354896,0.07204821301123258,0.07324806263852099
5,0.07842424057514931,0.23791249211392979,1.866963531770165,1.61185745639418,0.44067178621072606,0.1527935935639668,0.1589689298767222
1,-0.09999829899427998,0.2840428622111611,1.5851339540120701,1.566039562050419,0.3566224764252335,-0.19991563565190523,-0.19919828500122713
0,0.1000000000000001,0.3277777777777778,1.5707963267948966,1.5707963267948966,-0.3521421311467152,0.18248983633270013,0.18248983633270013
44,-0.979265195503148,1.037605649793285,1.0242234174044504,1.3737637389805923,-0.2000000099554534,0.4248231558968078,-0.2024548036882909
29,-0.3668363956497201,1.9836616387388064,1.4676800326785049,1.2192912288871554,-0.0001332674213581,0.0965245460893371,0.0022438064544394
37,-0.7584013522150798,1.4648106611692608,0.8448831368835135,0.8449179324335702,-0.1985522287335425,0.0463671998848606,-0.1985523899505683
8,-0.0224503438134299,0.4566158091406806,2.198048703817171,2.020242477910039,0.1999226507640217,-0.3463430525379832,0.1906448875930677
30,-0.3679078538462274,1.9761883832384188,1.5054619646069778,1.180844197629465,-0.1999849666785809,0.01824293443495,-0.1889584412575386
24,-0.3571677771944704,1.813138447151441,1.2791849974935114,1.6017275620913032,0.1999829075597771,-0.0851493928710477,0.1923693551828707
18,-0.3529611996816779,1.4839150489276105,1.5733686700997644,1.6897161409931276,0.1852383031367536,-0.273945256613814,0.1871660537415018
0,0.0777777777777779,0.2166666666666666,1.5707963267948966,1.5707963267948966,-0.23589875468743174,0.166616393543175,0.166616393543175
12,-0.2137734303846263,0.8084414205825495,1.726051190579829,1.9767200901327229,0.1999707453954772,-0.0725974785963389,0.195521798052268
17,-0.3452468523446179,1.231582850013469,1.574971914600503,1.7134294772130343,0.1999704092784521,0.115255416850354,0.1964659988188988
12,-0.1831657746473678,0.8400414874924822,1.7562819566809111,2.015812171745574,0.1999922924848383,-0.0124939166030117,0.1936153064606423
3,0.07679522780746552,0.2640260209351332,1.4481530732709027,1.5865719383370787,0.6060176804546209,-0.06246769693553067,-0.07023188494119034
30,-0.320651651913928,1.9654448271105887,1.3914769085925665,1.461155275162348,0.17877677560395286,0.20000000988753275,0.19827001915531522
0,-0.0777777777777776,0.1944444444444444,1.5707963267948966,1.5707963267948966,-0.20553646666327713,0.19992106105418703,0.19992106105418703
19,-0.2834158261022697,1.4198499208278517,1.5927524348015636,1.8526211591711648,0.2000000099414314,0.1870030032224164,0.1884796421501216
2,0.09963345502223651,0.1566760020657521,1.6090383576836924,1.5537675290053596,0.11441565458510249,-0.19953043348540989,-0.19859367896552851
2,-0.07777139609471771,0.16946911312933557,1.6142630158599953,1.5563868073180407,0.49622881124124485,0.00725879069618055,0.010117017990477694
47,-1.0412837639248231,0.7666256789269673,1.3568971133367311,1.3476628643298951,-0.200000009916297,0.2796196091993302,-0.1997332788007459
1,0.055565936536354825,0.32009375851773786,1.57537263358501,1.569416374843774,0.2370092090998564,-0.19994778676921054,-0.1998030720214231
32,-0.4582234121683327,1.8172800792026849,1.434062534762714,0.939564294090414,-0.1886369348295331,-0.5680853103777678,-0.1930003052759705
16,-0.3264096812272764,1.109386871721138,1.6138826201801724,1.7494262359540491,0.1999803290357763,-0.0051147129113114,0.1982152279169586
6,-0.0729943949278491,0.1862675852186812,2.2210070602888266,1.498372430157126,0.1999708372946275,-0.0114302906821154,0.1492353462250535
7,0.08972828759560969,0.26375202794556174,2.0780037800457816,1.7405375521277024,-0.24725692644627154,0.20000000997329048,0.18053272309968613
12,-0.2091995304701707,0.8072539415598508,1.7383704543134135,1.9847705076584303,0.1999686981391699,-0.1194361534516787,0.1968422189948474
2,-0.07791941311237773,0.16183861395290583,1.7168696493175073,1.5256696908448706,0.4198025787860844,-0.0294351188955721,-0.020920912506624926
22,-0.376397452595484,1.6039561325375256,1.4537087968987734,1.5798486278195902,0.1966984799743648,-0.2351166814702176,0.1980935930307465
47,-1.0376008521253028,0.7533079609319002,1.2641188602002795,1.325426932013646,-0.2000000099926733,0.6612180050087465,-0.2036755208042277
43,-0.9949745214778886,0.9633524325272852,1.0990803815341288,1.3190017511810717,-0.1999999766211747,0.0189994833231369,-0.1955973775557824
11,-0.1358224414920376,0.7093429476738123,1.860934039488633,2.0834414249979427,0.1999664059894315,-0.1879431714723302,0.1991841260346047
33,-0.523775387561372,1.742792321706942,1.1578192336539022,0.9108091813450452,-0.1999778143422133,-0.1235842731945169,-0.1969297585430259
7,0.0376425987065888,0.3796509260111015,2.305486702810598,1.8795775645439632,0.1999838727149988,-0.1188116404128505,0.1772093239362304
4,-0.0620220413045478,0.1308378281017659,2.0006313205758124,1.140391577583704,0.0350514490736608,0.1694175623193019,0.0357043432014721
47,-1.0341225268279182,0.7711602631078089,1.5732040956811733,1.2950566102045724,-0.2000000099626341,0.0978128746824962,-0.1896274628267294
21,-0.3788911290972401,1.6530707439084524,1.3666305180620273,1.5555002052174138,0.1982092197901167,0.022017262777529,0.1942711091035302
42,-0.980155767518514,1.1210733473970391,0.6234787212435109,1.3904601135561057,-0.2000000086836376,0.6795954358397088,-0.1911633004949395
31,-0.406958228016734,1.8806106747541336,1.5097128105391948,1.0404574613745077,-0.1999871806541812,-0.2589140695381176,-0.1900782933637903
16,-0.2849976312917815,1.1559550626130093,1.6301794565159486,1.8499962236260885,0.1999634975028242,-0.0073256809519502,0.1953115968669006
4,-0.0668490448544677,0.3121295647702174,1.918435258797213,1.328693508598164,0.0705122343751867,0.2336105231360631,0.0715937786429495
7,-0.0759566747879944,0.2873334064381501,2.157971762842372,1.8770361171451928,0.1997995365073055,-0.3200631234675937,0.1830927830862576
0,0.1000000000000001,0.2166666666666666,1.5707963267948966,1.5707963267948966,0.03836785227926507,-0.19993278612429316,-0.19993278612429316
0,0.0333333333333334,0.1944444444444444,1.5707963267948966,1.5707963267948966,0.36809782327613144,-0.1998775181082128,-0.1998775181082128
7,-0.0290906646388217,0.4263785749283687,2.281540361555348,1.6781391076754515,0.199918182298736,-0.112360133161232,0.1582388658503726
7,0.05630205155044831,0.2565347878297079,2.0742492732900697,1.4077962410361429,-0.14982964115561612,0.2000000099946858,0.14794138060850848
41,-0.9076761175800994,1.2129914640021957,0.7405471726020312,1.0818632621160882,-0.1999999871313099,0.2114934291657898,-0.1955422457293123
0,-0.0111111111111109,0.15,1.5707963267948966,1.5707963267948966,0.3758563771522168,-0.19982546476363616,-0.19982546476363616
0,0.0777777777777779,0.35,1.5707963267948966,1.5707963267948966,-0.41075047818801097,0.14407837052087885,0.14407837052087885
36,-0.6550660808754825,1.593774221533913,0.8675485793174746,0.8701880751770806,-0.1999999605644603,0.1264239336693842,-0.2000326333773632
25,-0.3738098840707165,1.8729118691038877,1.306712570639931,1.5382623326138911,-0.30524755999734443,0.19861314172141267,0.20031754758138032
43,-0.9795369556809694,1.062739290516089,0.91766209588127,1.354716963805781,-0.1999999865178552,0.4644024747052989,-0.2008573281625862
14,-0.1256586924168048,0.9811950604901062,1.8576801485424264,2.0942871533912686,0.1999891452978144,-0.1159950312633498,0.1971362164664157
33,-0.5147108644869466,1.7425261863735526,1.13363873040102,0.9166369519133892,-0.1999854424427575,-0.1944791984662571,-0.1994824458654053
43,-0.9390260476060508,1.128469608504726,0.9602712419751516,1.244688540485636,-0.2000000099441252,0.1126925458145007,-0.195127206296322
36,-0.6793485953867651,1.5526565993354633,0.9439737545062624,0.8567759156792402,-0.1999999867682551,-0.2588319706952455,-0.2014942219752437
27,-0.3410505262226666,2.10724608451471,1.2017995707971352,1.359470106406481,0.0410755668448692,0.2898718040348733,0.0360145434522579
26,-0.3440113263228729,2.043815027777027,1.1786970624380846,1.4162690899725745,0.199864684307197,0.2225858930992049,0.1890125190132696
23,-0.3765984689031677,1.7027921186350814,1.336150456163665,1.560412971004184,0.1999356248613081,-0.1020825025241366,0.1971990991252561
12,-0.2454718859559309,0.7731304547035661,1.6936438476049855,1.913619761542532,0.1999674089044876,-0.0597757779647716,0.1964530793726586
35,-0.6441457496687859,1.6269348180990986,1.0501704886763603,0.8315181954708456,-0.1717135813852517,-0.2296201693146667,-0.1726059840646177
11,0.02434847996067087,0.7825433197784442,2.3020448862976757,1.8238151738681312,-0.10025709482911749,0.19997495266546783,0.1729260516989195
12,-0.1806362015880696,0.9440138523672515,1.8155822184993975,1.9508958057391752,0.1998607058758424,-0.1165865175358581,0.1996065587166296
1,0.0987706206814974,0.250515546850868,1.4463406595664896,1.587370059789566,-0.1999121596714841,0.139309274299535,-0.1998855611040718
1,-0.10005003049484086,0.1585440602368417,1.591486227759395,1.563260630545587,0.20723347512050852,0.06579180103495888,0.06635044632173252
7,-0.0769590505645128,0.4365521435011194,2.1107120638035117,1.717035794323861,0.1999731006946395,-0.0229431673537848,0.1837961180302194
36,-0.568410595943882,1.6770906757532051,0.9435749770685208,0.8925946630623923,-0.200000009128078,0.0877677189122055,-0.1992929173638948
17,-0.3247283302816848,1.1987650895554505,1.5696452713537152,1.7550869860669511,0.2000000099686306,0.1714020217075247,0.1934106680140368
14,-0.1345998313377425,1.0114184694465764,1.860923495689943,2.0750317645043674,0.1999908552764669,-0.1906560521030878,0.1994753012087257
0,0.0777777777777779,0.2611111111111111,1.5707963267948966,1.5707963267948966,-0.3450117782622278,0.1715896042371206,0.1715896042371206
4,-0.0112757514697596,0.0795632156463734,2.2006125583121308,1.3752403745700854,0.1999840810176714,0.1917422447775696,0.1497351342949862
0,-0.0777777777777776,0.2833333333333333,1.5707963267948966,1.5707963267948966,0.1997182121031898,-0.3612153276471244,0.1997182121031898
40,-0.8903999295376966,1.2216061527585382,0.9150056989014118,1.0373862723679244,-0.1615962718865393,-0.2190321325563771,-0.1577138256281116
24,-0.3313593113580134,2.018746498825262,1.264018359958341,1.403009217616095,0.1999380410615585,0.1160742964976932,0.1964017636244849
18,-0.3389146536611771,1.5179662450270683,1.5439183831694714,1.7314008552014564,0.199116359699623,0.0008384991331532,0.1956115316874976
0,-0.0111111111111109,0.3055555555555556,1.5707963267948966,1.5707963267948966,0.36817300984275736,-0.19974942508477256,-0.19974942508477256
46,-1.0432786463007846,0.7216393693424688,1.4862487038422385,1.3271260601731236,0.2000000087622527,0.1171331976470604,0.1993293439866206
40,-0.7968501879787956,1.3947902536585064,0.6948962422984956,1.0107469358883436,-0.2000000099593765,0.0236450669485875,-0.1908409800256109
30,-0.3625586088615193,2.009325101063,1.5048540003175814,1.2267593917857007,-0.1999613283096457,0.0671715163744535,-0.1904348468153387
0,-0.0333333333333332,0.3055555555555556,1.5707963267948966,1.5707963267948966,0.199457970429857,-0.1929509034631797,0.199457970429857
44,-0.9705273577015052,1.0341198538490863,1.1251878066570464,1.3123293610304174,-0.2000000099545986,0.1322626189640332,-0.1989687837264313
15,-0.2906403182472819,1.2045544241812185,1.6908114528876728,1.8004960289198018,0.1999916651205441,-0.159576829937379,0.2005366544743102
0,0.1000000000000001,0.35,1.5707963267948966,1.5707963267948966,0.141593341226026,-0.3774983538934046,0.141593341226026
7,0.07526786480270316,0.39813957287799856,1.8687878614899258,1.6507467080599774,0.4143710621900759,0.19997070958680332,0.20419958833430954
34,-0.5982915148753946,1.6419944070131087,1.0509170090458233,0.8555715632088986,-0.0596920733861039,-0.2845325514831114,-0.0640797015570577
23,-0.3731359527769936,1.6432807103647422,1.4235742429355254,1.6678574591433222,0.1999394110253221,-0.4023899920514575,0.20373563700373
0,-0.0555555555555554,0.2833333333333333,1.5707963267948966,1.5707963267948966,0.4261357513229632,-0.19993785202596379,-0.19993785202596379
0,0.1000000000000001,0.35,1.5707963267948966,1.5707963267948966,-0.3774983538941273,0.14159334122688672,0.14159334122688672
0,-0.0111111111111109,0.1722222222222222,1.5707963267948966,1.5707963267948966,0.3791306568525211,-0.19983826396154572,-0.19983826396154572
1,-0.055526492668510945,0.22940614478818314,1.5852915617313723,1.5663690629468714,0.3312672209897304,-0.1999406442212113,-0.19927804686826864
0,0.0111111111111112,0.3055555555555556,1.5707963267948966,1.5707963267948966,0.35738645108235345,-0.19976205640121553,-0.19976205640121553
2,-0.07817953040694159,0.2435684470475052,1.5706754889982841,1.5628436882121868,0.28951651895881736,-0.041519171866849815,-0.041291157288367776
41,-0.9263917344108192,1.1543256946280291,0.8054896326232234,1.1316055795424342,-0.1999999822314338,0.230928636146963,-0.1968569151141005
0,0.0333333333333334,0.15,1.5707963267948966,1.5707963267948966,0.37583633236717956,-0.19988553706488105,-0.19988553706488105
19,-0.3651626385350217,1.4825110456662496,1.4713258658174373,1.679152132501318,0.1999477384959804,-0.1903389786615237,0.1995725405062689
35,-0.6299855124755825,1.581802623746999,0.9312842813555238,0.9038056242524548,-0.1999847651637482,0.1073927074265588,-0.1996142044041546
8,-0.07484588433370222,0.3046701363725535,1.973367947241937,1.5757963835656499,-0.14553148863107757,0.20000000995509692,0.1787661052993716
44,-0.984356721557767,1.029660608832002,0.9340989743128922,1.356389380465196,-0.2000000079478895,0.4956792747899881,-0.2027459801367781
8,-0.0900863535690763,0.4280243109661823,2.2013008555873856,1.4707008708008904,0.199953711042379,-0.0310490484957044,0.146848401929212
2,0.09959528617394679,0.173593145332093,1.4992173055128415,1.5884045720735391,-0.13007402334590207,-0.076078236521791,-0.07461730257068097
2,-0.0331350923113952,0.34449468357366575,1.5705439009850286,1.5779606715282486,0.5123295832988659,-0.1458176815606346,-0.14619365058660064
46,-1.0588841426310214,0.6689263755497022,1.4032271424867797,1.318969610929566,0.200000009819382,0.4172540515404857,0.2028020178155815
36,-0.6122087165159867,1.5747240377208156,1.0358034226269262,0.9000940996294462,-0.037825606767849,-0.2091691215963126,-0.0403077383905592
0,0.0111111111111112,0.1944444444444444,1.5707963267948966,1.5707963267948966,0.3746942483614454,-0.1999403285461828,-0.1999403285461828
40,-0.8223309998002454,1.3855599961305485,0.7505058762624524,0.9341909763095096,-0.2000000099491918,-0.1850844425037425,-0.1932548244573381
41,-0.9127321361458676,1.2078457040484674,0.7513901226855078,1.1007764777136684,-0.1999999829121661,0.2298192341751659,-0.1957837765787455
2,-0.07596390328940086,0.21246462987966466,1.7232602863523114,1.5611239863034123,0.4040544382349293,-0.06154672359667213,-0.054216994857137636
12,-0.0450942183575943,0.8565854779990106,2.1019781434726545,2.076517294984757,0.1565021170394428,-0.3069263137174287,0.1556700171460866
15,-0.3103947962859659,1.0359961453173778,1.6253976495071147,1.7889676264085297,0.1999742371351507,-0.0174279227100872,0.1975888262879731
2,-0.07772693666905166,0.240381925170909,1.5708254129486532,1.5860317969999496,0.4622605488039865,0.047913994042119684,0.0472055504201156
13,-0.1190939549015164,0.8714346115958973,1.8781430332667064,2.081643729943112,0.1999955770932786,-0.1147971908822399,0.1981887269439843
6,-0.0318832144891589,0.1888067133173186,2.247596768063337,1.4559551940212647,0.1999920540653598,-0.0682003599487787,0.1356775623090053
7,0.07178481819021475,0.27511898602583257,2.0616049597771973,1.7149492901924428,-0.2290592424824841,0.20000000995657863,0.18032046678919553
35,-0.6353664034437686,1.6039419281927394,0.9912830860471044,0.8488401039280451,-0.0741083007605905,-0.2378458316888485,-0.076734243953845
43,-0.9864046116566796,1.0147559126364576,0.9873665205224972,1.3704053700670695,-0.1999997802486569,0.5126956634268529,-0.2046679617489777
14,-0.2933197553906904,0.9527615853264704,1.6454191381163588,1.823965703853287,0.1998913105505786,-0.0489176048469435,0.19758238453724
41,-0.93314213449978,1.155770419947092,0.9141400975301812,1.1543760542867854,-0.1999999886670529,-0.0646462050665744,-0.1927182221657239
25,-0.3566973095308387,1.921401053761696,1.2015408939649674,1.582120382940141,0.1999302553942738,-0.1875889799854272,0.1925933059217577
48,-1.0102551411991645,0.8564605431930462,1.236145476982684,1.5477367030605025,-0.2000000099756921,0.7262335985335483,-0.2126338058106156
11,-0.1460643255276875,0.7532822606327977,1.881581840386525,2.027324551470979,0.1998377419003955,-0.3177888664692569,0.202334287597554
5,0.07902793780667543,0.18893044165487927,1.7382534249362092,1.5351301339089207,0.184779264062698,0.16483566720024426,0.16517440040833736
27,-0.23400288082714196,2.1024304158796614,1.563230467238423,1.3737047207404671,0.35107848213549814,-0.20000000966867054,-0.1898046695464455
18,-0.3536420597246064,1.328023696893654,1.625184017429877,1.6795455450732306,0.1998410422373352,-0.2907422065197921,0.20112557296593
39,-0.7159009472347719,1.45188906648168,1.039275051370999,0.8930009783857621,-0.2000000099623026,-0.3777893709152884,-0.2033706056158714
0,0.0111111111111112,0.1722222222222222,1.5707963267948966,1.5707963267948966,0.37949024197419634,-0.19994025095563578,-0.19994025095563578
0,-0.0333333333333332,0.2611111111111111,1.5707963267948966,1.5707963267948966,-0.023504231910695932,0.11620258918021101,0.11620258918021101
10,-0.1166412784823481,0.6179786054187931,2.087367014318043,1.8403102152075244,0.199857315927086,-0.374944052044316,0.184619623728095
29,-0.3670251104091658,2.010018830872883,1.465239215742561,1.220247382547505,-2.9044292825341867e-05,0.0361103894590425,0.0008476747152962
0,-0.0555555555555554,0.3055555555555556,1.5707963267948966,1.5707963267948966,-0.10358550461213002,-0.006260116949293437,-0.006260116949293437
42,-0.9804427642774644,1.0316244466868836,0.9115160865043296,1.3526198762689845,-0.138692070363518,0.5294076824700843,-0.1480190175184154
25,-0.2667142443825436,1.9222857660417176,1.364529579997071,1.6501424352310583,-0.3342068902382378,0.19999999299191107,0.2013139558152544
8,0.0808706814587086,0.4182558486845373,2.241998619891642,1.7131173725942097,0.1999977996479497,-0.0409752074640958,0.1706050428720517
6,-0.09956100556262897,0.28779198134841755,1.6077608848598341,1.5674758603530992,0.480422670921898,0.12079030964954762,0.12262716908818411
22,-0.3570098763103678,1.7651515464341856,1.3527152122636656,1.5405060089728153,0.1999379384452713,-0.0395416010927553,0.1971610409173327
5,-0.0557461520760437,0.3217708128606639,2.11904114133412,1.3798848799377703,0.1996031134323138,0.269001080407742,0.165635780213918
24,-0.3709076033285852,1.8419975636850097,1.247336714642505,1.4868110097368754,0.1999135730873783,0.0342001898157816,0.1933973988880695
20,-0.2997748872147607,1.5226135055588002,1.6916124043700531,1.7800483716533253,0.07544230548154,-0.172923406894483,0.0766747558537262
4,-0.08117282050782729,0.07825215835061475,1.939490660038694,1.4056841767365447,0.04082957732995228,0.1865840443346244,0.16270328858922226
14,-0.2482207738732696,1.131021741512442,1.7298257166649216,1.8778870618915489,0.1999750935781439,-0.1223540270234288,0.1995921302431899
22,-0.3292292902640108,1.6376350220295934,1.4857226787108235,1.751114868738844,0.1626227971527871,-0.2536021596566244,0.16358099953884
0,0.0111111111111112,0.15,1.5707963267948966,1.5707963267948966,-0.1998419802878873,0.3802298306983674,-0.1998419802878873
31,-0.4058704780179658,1.8900698146611496,1.5457051841235718,1.0574930806200291,-0.1999972824667052,-0.2448181229627864,-0.18811531132901
46,-1.0366958640430142,0.7442482191672724,1.424758838938581,1.3716882567647413,0.1557228539877479,0.2050359012455495,0.1565912365292676
0,0.1000000000000001,0.35,1.5707963267948966,1.5707963267948966,-0.3774983538941273,0.14159334122688672,0.14159334122688672
2,-0.07752376223998554,0.14777263041684968,1.7129647540314323,1.529460661246533,-0.10532527696976966,-0.032207089443693646,-0.03358827560811538
35,-0.598367027782189,1.6599400393688732,0.9283648352521704,0.8838679387618432,-0.1999999192715074,-0.0404063701479345,-0.1999816911197112
35,-0.6127418416555264,1.6346365695982064,0.8780104459370834,0.9394990752023146,-0.1999999207687077,0.1432002619825279,-0.2005019189092468
0,-0.0333333333333332,0.2166666666666666,1.5707963267948966,1.5707963267948966,0.0939976925388198,0.0228223789522793,0.0939976925388198
43,-0.9661113862101258,1.1142136444689754,0.7573739244708293,1.29880387893638,-0.2000000088140544,0.4685448667453996,-0.195541549899666
35,-0.6284810402097998,1.6158567767089116,0.9173654355048116,0.8992006446440759,-0.199998591047162,-0.0882817072995653,-0.2001259492804849
46,-1.0156005320678168,0.8454196508972357,1.1363777788598597,1.3445833377281653,-0.2000000099374353,0.3710799535476163,-0.2033510828460723
34,-0.5575584412504626,1.7061536408978666,1.027743063556934,0.900298820540486,-0.1999999223908772,-0.3104639468579854,-0.2023238988833728
35,-0.6593239654578538,1.5909129740062269,0.9794405768949632,0.8197446200549258,0.1999999208919557,-0.1709260216263611,0.1947370252828259
20,-0.3542531431848376,1.5148573722281724,1.479070472082479,1.6816874086176108,0.0902664706314036,-0.0739385518629547,0.0899078088631567
44,-1.0168107796012962,0.8594238210348696,1.0712676465944724,1.4182723472565797,-0.0606367677431861,0.5467400835105688,-0.0756162256338943
3,0.0077523759643917,0.1543438536512569,2.0313307673785017,1.3962478857984568,-0.1047818072621433,0.1676202707466319,-0.0744077396249464
10,-0.0695109500705611,0.6134316187410129,2.0250453424032537,2.097753718250081,0.1999761591643291,-0.3207405132111898,0.2017778022001933
11,-0.1183071032327205,0.7559201208937039,2.0345513519488323,1.9185656541209144,0.1999548914587986,-0.3354026678093587,0.1947299589082937
13,-0.2166976874101504,0.8407003742819474,1.720253267972785,1.9611113030769391,0.1999843714407342,-0.025927341205646,0.1948300149803048
3,-0.0780675842790692,0.16282487161739265,1.613969925851796,1.5528567396428632,0.5145035660231129,0.09656711344070748,0.09952917745054664
19,-0.3689467932890091,1.4043844037894904,1.4785625149011858,1.6740175115880334,0.1999983447890009,-0.1488568385425063,0.1990812489356895
10,0.0629387571194489,0.602191454076609,2.0990518944830816,1.8447405775419317,0.2000000099614975,-0.1762838235581678,0.1891324366406821
24,-0.3612555321009137,1.8870438197515065,1.3380594697901076,1.4984418911893267,0.1017195189330369,-0.2334676531325845,0.1041424583376307
1,-0.09991484682624403,0.34112273840853086,1.6113614747908453,1.5584571003919987,-0.29482589348486526,0.05942988320654554,0.05778770380722347
10,-0.1418670204595829,0.7225178162666077,1.869708181031342,2.009396403057772,0.1999762943015595,-0.1059419180142529,0.1995034918494088
1,-0.09998758713090979,0.33255154298395734,1.5867160270598273,1.5656575606718672,-0.38244337510519366,0.1859502949642059,0.18510375824855096
24,-0.3751698641975614,1.7939793018950083,1.312282853456576,1.5771713533774223,0.1999273553072257,-0.1114054954812526,0.1958708429377906
15,-0.2763822162345549,1.0317499840689237,1.669794126515976,1.8546237132750136,0.1999788433354035,-0.1094497272594878,0.1985841767627846
2,-0.10101468255172653,0.5392898322683338,1.488615548218621,1.5779593010547475,-0.2698402746442413,0.1813083934336326,0.18299289330176566
7,0.08512950727973388,0.2741993214893479,2.3372736593383365,1.5835167630862308,-0.49314109966182407,0.20000000995540676,0.11207485053494076
13,-0.2552591097687178,0.821078240635112,1.6867264628312109,1.8865224494214143,0.1999785623331772,-0.0417871762873246,0.196829754018022
25,-0.3616721004017784,1.90967006033897,1.2810276362345014,1.4359951921000664,0.1999664251054068,-0.1296609768715135,0.1995714270621602
49,-1.100803731542466,0.6041690566739363,1.7947111144517347,0.898140960013708,0.2000000099753323,0.6236347218827208,0.1735763439518876
48,-1.0653844306093294,0.6676772043818996,1.605157871309003,1.1822394590584837,-0.2000000099558556,0.319302156491144,-0.1692741068577736
19,-0.343026738914919,1.5061895184421734,1.6030305599794836,1.7139987710413769,0.1437855023655712,-0.1960653881684998,0.1450723671739551
9,-0.0955345627150653,0.6206579388182881,2.1611376191475857,1.6187997293621024,0.1999661738983566,-0.0713507072678075,0.1675892027604169
0,-0.0333333333333332,0.2833333333333333,1.5707963267948966,1.5707963267948966,-0.09295375239908964,0.19118105671598923,0.19118105671598923
33,-0.48751691181889,1.791155802218862,1.3294351656695451,0.911036202309712,-0.199999833555307,-0.537668012969687,-0.2045933158545124
37,-0.635750220796969,1.602773366126833,1.0171124275742214,0.8313374033330154,-0.1993002546868217,-0.3426454485000632,-0.2021999184758978
10,-0.1410234368864641,0.5802384007864395,1.8572289922975007,2.03009252156943,0.1999672690599689,-0.0964892027308103,0.1986466624474566
38,-0.7874651082371892,1.3867398128269484,0.9295749592760472,0.9719553049489776,-0.1999999162879518,-0.1278476207096472,-0.1992786734180691
29,-0.3710647642882957,2.000866925870143,1.4383945801085396,1.2278013089796025,0.0395854382483821,0.0926074167510552,0.0406467462789725
17,-0.3569371985998405,1.257544934603276,1.5587865619944137,1.6857202580550887,0.1999710799882246,0.1295273141952867,0.1967225319996523
28,-0.3355848326052302,2.1400691113774037,1.328560504980009,1.3070596424186427,-0.1998814358744657,0.090709545725954,-0.1996402180295246
25,-0.3568720715244138,1.944867133644796,1.2407136159646646,1.4868280772023643,0.1999563049223713,-0.1567510971956232,0.1977499444618727
0,0.0777777777777779,0.2611111111111111,1.5707963267948966,1.5707963267948966,0.1715896042370564,-0.3450117782622205,0.1715896042370564
5,-0.0588571130614904,0.132548902810028,2.190000437243547,1.3436690287853577,0.1999430566766518,0.1155892479680046,0.1411651783248667
2,-0.033581644687527584,0.07201720256317501,1.5659499420437974,1.5704447373049988,-0.12127709534552933,0.010768303343589948,0.010822705954557905
20,-0.3618944562525686,1.5307320488040737,1.5185515391508957,1.6679154200422028,0.0259537269920816,-0.0494606349174146,0.0264007759810322
7,0.0579875444251056,0.3325701500414663,2.262056515480568,1.6980841770752098,0.1999863561170354,0.0210469586019272,0.1701412052376674
30,-0.3724901126650909,1.9520370196121175,1.5193207771182502,1.1454474251830031,-0.1999685475221779,0.0006877307465594,-0.1861295409951627
29,-0.3629696484588356,2.0444496595283974,1.3739152778429862,1.2722027305298405,-0.0852235436820443,0.2082082626763467,-0.0826689963063365
21,-0.3817892956478376,1.6358009948804448,1.4239680992723556,1.5633809741122713,0.1063079251215455,-0.0762524030517112,0.1063361159975708
7,0.0833215445641443,0.3607671023464737,2.256707931553141,1.7974670880758774,0.1999669586429689,0.054040673547391,0.1816436838560829
46,-1.060465469944801,0.6553808771523195,1.4974540218435115,1.293737782942571,0.2000000096178751,0.0711590519851509,0.1973039308537386
0,-0.0777777777777776,0.2833333333333333,1.5707963267948966,1.5707963267948966,-0.3612153276471322,0.1997182121031899,0.1997182121031899
39,-0.7763237867427673,1.4630399949600617,0.7922585620584397,0.8946490864480184,-0.2000000091707491,-0.2322438694853814,-0.1965787384513162
14,-0.0949471973974191,0.9600372111653642,2.0363078348395307,2.0063495892434675,0.2000000099927983,-0.4041648569046418,0.1986996411559587
0,-0.0111111111111109,0.2388888888888888,1.5707963267948966,1.5707963267948966,0.368350673346973,-0.19978521419499629,-0.19978521419499629
19,-0.3506017601614698,1.5310830052828834,1.468228271091439,1.7276078201397016,0.1996946593787587,-0.2247675892541901,0.1987795923019293
1,-0.033272174853593434,0.18559825564844112,1.5999043333020548,1.5619451106450777,0.36836808525647513,-0.19994519856747806,-0.19840320424741142
21,-0.3218363443432876,1.5366112979155402,1.576141909788429,1.7639308337830557,0.1648754712446324,-0.1650567133307795,0.1650582608500728
4,0.1103155190839585,0.2349943479939381,1.4770738825657874,1.6875412400794103,-0.1377049331643485,0.5440936604772952,-0.146033290831958
14,-0.3068065680714803,0.9660586864353852,1.6377505865313469,1.7850184838825305,0.1999742052005117,-0.0324524617932583,0.1982858128480135
10,-0.1642752807354087,0.5532463940220563,1.8447264205981548,1.9654792795455047,0.199988800296637,-0.0945645438647719,0.1996716483539829
0,0.0777777777777779,0.35,1.5707963267948966,1.5707963267948966,0.1440783705208794,-0.4107504781880083,0.1440783705208794
22,-0.377584467090063,1.637370960451216,1.4050313410551845,1.5986072564998572,0.1996324564324796,-0.1021239012846973,0.1978683938741443
7,-0.0499770550220894,0.4963005895089775,2.241919671301136,1.6655986330012265,0.1999469907606074,-0.1044158481782841,0.1619601142033995
0,0.1000000000000001,0.1944444444444444,1.5707963267948966,1.5707963267948966,-0.24204140088377593,0.198515729678985,0.198515729678985
46,-1.024149316547991,0.8102391939491222,1.4764342342923005,1.3477633501006518,-0.2000000073887631,0.0408649728142866,-0.1978223071460236
2,-0.055465326272731555,0.3028874487054799,1.5707642729839284,1.585462988180265,0.4855723972832307,-0.12345942103619853,-0.12415978777210698
10,-0.1685235535542521,0.5911067001019017,1.8166669718473163,2.0211445512921244,0.1999858362983765,-0.1537811833753453,0.1989421849072906
43,-0.9945096738352204,0.97841738860305,0.9227642853282768,1.3421369812465247,-0.1999999670767628,0.2777751143245671,-0.1939795379104576
0,-0.0111111111111109,0.2833333333333333,1.5707963267948966,1.5707963267948966,0.02250910836967557,0.11937900198405126,0.11937900198405126
43,-1.0004920078153667,0.9352921568903652,0.981542415501369,1.3769893456378286,-0.1066746939847978,0.5195328445904389,-0.1184554988582027
8,0.08323038413280448,0.5503482625738956,1.6682350307521245,1.6776018682790756,0.36479584764539963,0.1769937502704745,0.17664429247288008
20,-0.3658479041046751,1.6623756040714894,1.2701065760264307,1.6490256901690148,0.1959744713971562,0.1224203343990965,0.1775444955199503
18,-0.21498571083361406,1.3315609725147208,1.7720412324323398,1.9231128213980573,-0.20614099448631137,0.2000000099479117,0.20082445718407846
28,-0.3000036878080974,2.0353015067657343,1.7699119060067225,2.0324375656092815,0.21258118351816216,-0.20000000996974215,-0.19866444687962112
10,-0.1043429029390533,0.5713780977452857,1.9098759814805928,2.0771814718146944,0.1999748082644926,-0.0996340376271343,0.1988417368869232
29,-0.3925877259604884,2.0876851122726294,-9.397919837824725,-9.181839313191055,0.5143360309585736,-0.20000000999745174,-0.20637658538398337
11,-0.1284931849648612,0.6729822922576598,1.8605590462456325,2.080791717932673,0.1999786693595973,-0.1200229930071283,0.1977704964463879
9,-0.07654056527255876,0.4823858612342884,1.646435060373836,1.569986883912138,0.5199855444777033,0.19998806310038647,0.2033752739188454
19,-0.2989702308586147,1.4227809296452592,1.5817756565415644,1.8167910738745985,0.2000000099412834,0.1903357101637421,0.1900700410666368
8,-0.0593562783522595,0.4004003544081121,2.176765268895404,1.912642706272664,0.1999048023710423,-0.3310443787925409,0.1843301686519323
34,-0.5470000753030683,1.7080371681992887,1.035640429428387,0.9088181634135446,-0.1999999908585506,-0.2825425659669588,-0.2019674279086135
5,0.0961566939031577,0.2130062065896316,1.61727075724881,1.5184493519899105,0.0125436762092008,0.4094518618372522,0.0165221556462321
16,-0.3296332956789361,1.1473785655140034,1.6036436924705657,1.7460862667350556,0.1999515479816955,-0.0188251944422035,0.1981937233842798
11,-0.024067521136900437,0.743026286561172,2.3427772315615036,1.5363944222487933,-0.07380352289857488,0.19996753050738736,0.1330732350568222
1,-0.10007332070464764,0.29234873353137647,1.602295541265283,1.5593566397160787,-0.26493334271668756,0.05375571221861023,0.05256891867373387
13,-0.17246641579243804,0.9127454195926429,1.7037255274225247,1.7386872253542989,0.3068162795917067,0.1912511279551021,0.19006179149503186
35,-0.5768645412711315,1.6565313538357544,0.9549712017099335,0.9107610961237744,-0.1999999192745048,0.0821420175128771,-0.1994414654028044
4,0.0363749448479343,0.0768003314886358,2.2337609127096902,1.4158735419776154,0.1998597932960836,0.1476926227066222,0.1474341701981203
10,-0.1357627848274976,0.7622886053235146,1.8882890884787575,2.007778251514423,0.199985862446555,-0.1453006241725038,0.2002919517009509
16,-0.3247018109569855,1.1862471490623685,1.6021828500645303,1.7581392072056672,0.1999578685662013,0.0300373448890241,0.197064512368406
3,0.09584029890144091,0.02326402907447906,1.8350779338644205,1.4412068638192024,0.3215905011394304,0.19959163427068485,0.19665053045865585
25,-0.3235545393154406,2.004986250769539,1.2794122514967523,1.3850910593154202,0.1999350199794028,0.0873720782381848,0.197898000406975
0,0.0333333333333334,0.3277777777777778,1.5707963267948966,1.5707963267948966,0.31800732758473066,-0.19973174241888458,-0.19973174241888458
9,0.0080155043372994,0.5064543420595878,2.2182819497331447,1.9755800102601733,0.1999930839419276,-0.1642224363137025,0.1901850247578067
22,-0.3765725900500387,1.6375386418319904,1.4755871242494556,1.5756104524731456,0.1660864303272432,-0.2079495826545167,0.1673328175401011
31,-0.3979527622081758,1.9166863039066884,1.543598460512441,1.0937568974220897,-0.1999696828187482,-0.1450106864518954,-0.186381296230204
35,-0.591663044165386,1.6426846818354512,0.9219940134606496,0.9061337354660244,-0.1999999163674528,0.1212786742370661,-0.1997824187788215
2,-0.0580164421533203,0.0900399601736229,1.936809805662449,1.418711205247637,-0.1789497078501286,0.2398111476198611,-0.1435886261975117
8,-0.10047857056921132,0.39627399410437114,1.6423714074997084,1.5955613905191037,0.46487669347375193,0.19997384090001505,0.20193008577214203
30,-0.365874248573727,2.006793965495791,1.4890199432980005,1.2148598419780243,-0.1999925058325568,0.0788835439664783,-0.190387690478892
3,0.0320305029136436,0.1110814110705725,2.087147254960686,1.3778083408668609,0.1152064171173816,-0.250586046879065,0.0710963017666096
35,-0.6344967486712533,1.61734318167281,0.9831867715709586,0.8390976849225567,-0.061118224759315,-0.2312763845069679,-0.0638057847467418
0,0.1000000000000001,0.2833333333333333,1.5707963267948966,1.5707963267948966,-0.3828280666889024,0.12651627597840148,0.12651627597840148
18,-0.349219334928499,1.443961130661653,1.5916793843657904,1.702984877043953,0.1996846594636784,-0.3627610431275177,0.2024783957017278
8,-0.04931878169094356,0.5539864731310982,1.9605358094653171,1.7382059937512369,0.15782038469308918,0.19997059934557296,0.19852857821416703
13,-0.270970047148355,0.8204352858894962,1.6693664977374365,1.8523219596237388,0.1999841223355653,-0.0137633262537564,0.1968968488025808
18,-0.3619822740460361,1.3546872781303465,1.618630009534764,1.6506276513579945,0.1995690380375537,-0.2510167603302043,0.2002699398533393
44,-0.9624588226846178,1.090826618171886,0.946319352016968,1.199361445213794,-0.2000000099147683,0.1392699062901605,-0.197117699055313
12,-0.1607652416323713,0.7542926734937223,1.8722792080998167,1.945562733195004,0.1999931473018685,-0.1300406099928733,0.2004084891606938
2,-0.0087901348635822,0.0209615409027639,1.944786556134737,1.2541111014038389,0.1403118740057542,0.2679648702588024,0.1252255374865076
49,-1.1043638158533438,0.6039932110030628,1.8345138157673933,0.8643664938860385,0.2000000099681041,0.5395265007104093,0.1575448688834724
22,-0.3551813127264336,1.6621012684204894,1.4912129263701166,1.6297571176683456,0.1720693777158981,-0.2086407490917476,0.173301983268956
48,-1.058964662473476,0.691253912567833,1.6504453789338798,1.174667690285183,-0.2000000099628375,0.2574821473886062,-0.1659939137550575
14,-0.2648068341420473,0.9327375592434354,1.6739493451089564,1.878110015253716,0.199992269755437,-0.0620869714850871,0.1970975145995339
17,-0.3403586998708749,1.2205914237437108,1.6056171191861708,1.715368148857625,0.1999907527019526,0.0080243166312132,0.1986995970697344
48,-1.0672887924524082,0.6574754361380649,1.6796938293754524,1.1270472078929996,-0.2000000099538023,0.2579926006172015,-0.1566845374228522
13,-0.11052903981501806,0.8530199744084749,1.637895000227962,1.6044622574207759,0.4895806106904771,0.20000000995519185,0.20152474289036842
34,-0.5515884389987056,1.7141920217818127,1.0285712394364364,0.9019943482758296,-0.1999999213093544,-0.3011215869987058,-0.202201222770134
0,-0.0333333333333332,0.2388888888888888,1.5707963267948966,1.5707963267948966,-0.0652488759014208,0.125248977064391,-0.0652488759014208
7,0.0064825610230048,0.3817406131253337,2.2978586507305376,1.9212702453994808,0.1987572174316018,-0.2458819510732872,0.1757869267020339
28,-0.3435133140784061,2.054690297008153,1.445421776501119,1.2708364480969367,-0.110420449476444,0.1172069832879945,-0.1067060270168737
3,0.09982198950369887,0.2639480135317404,1.4780869950407611,1.5992873131617042,0.26321229964750587,-0.19570968916602882,-0.19745634440602503
7,-0.09984529013379737,0.28578539571161,2.0724580410250173,1.6914281311363573,-0.013127807437578671,0.19990821564324582,0.18508303132568318
39,-0.8647411309745286,1.348052036948797,0.8628842784874537,0.8701049856814482,0.2000000097311769,-0.3578462459984865,0.2002531839432751
44,-0.9903791742124258,1.069912027280683,0.7958410300844853,1.351948351678749,-0.2000000099372178,0.6564627257614356,-0.2045169160319996
28,-0.3686210993081818,1.9686509376767984,1.5002147173893403,1.203179853603456,0.0074659070698199,0.1475035897017959,0.0114561907891981
0,0.0777777777777779,0.2833333333333333,1.5707963267948966,1.5707963267948966,0.1803125719894731,-0.3792818520132189,0.1803125719894731
2,0.0008701748767211,0.1975262778963822,1.8880021579311963,1.3600706922893109,-0.1990962763290503,0.1258851863886274,-0.1656480698701612
5,0.10082277873454147,0.21860986028728624,1.6581937606122832,1.5568358056795568,0.3522044491829961,0.0718303523672954,0.07502545884708833
27,-0.3306753178806068,2.073921606986396,1.2825982178465405,1.3526854761619036,0.0210260749095932,0.389271444528443,0.0182483899436121
7,-0.0080169754372605,0.4101613926008371,2.297470859742328,1.6971581666499755,0.199942197393659,-0.1115250436268479,0.158684051068694
26,-0.3493333688847682,2.0022097500449374,1.226958070126937,1.3918218014468902,0.1998817661474989,0.2171998882656035,0.19360687583476
4,-0.0682126078658381,0.3325604112252304,1.7462098502942824,1.3949283699557735,-0.03754277726295,0.3407674752913688,-0.0235242810699532
13,-0.2871903204672106,0.8663516929481875,1.6591838797702814,1.8273112682948045,0.1999648713889635,-0.0762959260559356,0.1984220458378483
3,0.09891490783842316,-0.007311504947472,1.8278901363399367,1.479162542056833,0.33384500863946065,0.19993981347232542,0.1993126473179021
10,-0.0585901436384876,0.5977244890397901,2.0863197368547777,2.0625457091179675,0.1999401534025192,-0.3806171344324059,0.1989788575439643
32,-0.4474634576762741,1.8368553505178948,1.4543511927903126,0.9626729195673168,-0.1951987661035088,-0.4321329773586222,-0.1924771252677078
2,0.0978433553849295,0.3587513093664232,1.3477406458897985,1.5809767263207497,-0.0098519319262424,-0.0194165838814688,-0.0091364064880385
0,0.0555555555555556,0.2388888888888888,1.5707963267948966,1.5707963267948966,0.1998516155624942,-0.1585819407737575,0.1998516155624942
7,-0.0961810563791377,0.2665481339005919,2.189269382534889,1.6409557714092649,0.1999480181627808,-0.1263511823063481,0.1640505509196565
39,-0.8826984937385923,1.2879498461066805,0.6615112840151975,1.0262991800754853,-0.1999829741873944,0.0338858934657088,-0.1880328677595382
24,-0.3620170394878775,1.8685437120831567,1.3361965728980405,1.5652669286863417,0.1336721242466792,-0.244355229359765,0.1357289587453037
10,0.09126910445538863,0.6076271571218357,1.4131943407374736,1.4359874480538821,0.7732632068344002,0.20000000996835351,0.19818570512245506
1,-0.0334875434018832,0.31523121910718777,1.5558711970832686,1.5716999862270133,0.4047266791093234,-0.19987910408463105,-0.2004946712710763
4,-0.10752516443719089,0.08822229602250706,1.9221813352422394,1.3814456574620488,0.07178157489211312,0.14206215885225576,0.12548925812236625
19,-0.3547873301506791,1.4616069353195291,1.5746468288479083,1.6770358756336787,0.1999392264822191,-0.0264435090207136,0.19916238836463
35,-0.6055650777975586,1.6300652322639473,0.924116469073157,0.9264340379119532,-0.1999999168648505,0.051647413542622,-0.2000113493856899
16,-0.3071189394352188,1.281519738833906,1.6156493158248608,1.7964026526634866,0.1999724302995582,0.0399234962195148,0.1959968808217011
4,-0.09910243918958639,0.1891625151456491,1.6622005003180842,1.5556263157858512,0.3776823197329043,-0.09746728372931036,-0.09289678470468783
44,-1.0049171267175672,0.934880731795061,0.9782357603191988,1.3908768107785787,-0.1999999777479824,0.4582128443039052,-0.2015886694054058
32,-0.4606377208093979,1.8553194009445155,1.4244689271909683,0.9788807157248444,-0.1999185945626304,-0.4661300831037256,-0.2004876863434255
38,-0.5631161604251809,1.6391301504497997,1.054342715184894,0.914320110850531,-0.2000000099755745,-0.008736012311224,-0.1981645028047141
44,-0.9942029170580502,0.9970446753862414,1.0508130068127235,1.3818187180340926,-0.2000000068510303,0.234959906635068,-0.1967792640336594
12,-0.2216828131075275,0.7619046029839945,1.7330514066326086,1.9470869903797352,0.1999724783169943,-0.0997700026789256,0.197528611339529
12,0.002135756409757678,0.8020959361610397,2.4525454370433346,1.5346082655751507,-0.5111931950495104,0.20000000999378048,0.08088537436453774
48,-1.0593767099299765,0.6736702984974996,1.7289753327075372,1.1776060454877395,-0.2000000099611212,0.1770263785867983,-0.1610880120721597
8,0.05592326988766529,0.3663447053780712,1.649573229314063,1.5508174377686113,0.5639307068419086,0.2000000099944713,0.20458562605712546
1,-0.10014138496741808,0.21289290046888207,1.545527753480945,1.5770357281284173,0.3963270476002644,-0.19992560932452647,-0.20107491886436107
0,0.0333333333333334,0.3055555555555556,1.5707963267948966,1.5707963267948966,0.31367196508585893,-0.19990491426387783,-0.19990491426387783
8,0.0845730953837196,0.4674536170845772,2.0789489838131585,1.7375377822643092,0.1999188982735429,0.0366052337313579,0.1896058072013487
2,0.0747657359315855,0.4707454859189167,1.3109380008303475,1.5856484175812442,-0.1640365172851111,0.2882515181470031,-0.1657051177519318
0,0.0333333333333334,0.2833333333333333,1.5707963267948966,1.5707963267948966,0.2845145498094512,-0.19975880451378794,-0.19975880451378794
26,-0.3465924625786415,2.036520871966372,1.172355381493643,1.4239362127557806,0.1999106097436112,0.2060313569889765,0.1884885966787928
10,-0.1581385150909607,0.582263349468961,1.843867747369364,2.026563180077874,0.1999513757816295,-0.17397944680459,0.1997845690343059
4,-0.0697667757579942,0.0932082246402411,2.0634356224458137,1.258193414286224,0.0930679951726901,0.2531296295954663,0.0827408306432838
3,0.0979056500434798,0.3542011867976531,1.338032353949064,1.5880473826752215,-0.1998527923430735,0.5246798687367799,-0.2066206616057738
0,0.0111111111111112,0.2611111111111111,1.5707963267948966,1.5707963267948966,0.3843946861742985,-0.19992810404767983,-0.19992810404767983
29,-0.3637732552576053,1.9941035199951984,1.4590604081223253,1.2255721835763942,-0.0359392695496002,0.0907833963505871,-0.0328635878515736
25,-0.354862866450261,1.954550282692504,1.2463611038207645,1.412358125795668,0.1999705409599135,0.0566727715503215,0.1962853296060659
14,-0.2676394686088958,0.9803302289569124,1.6743813145859932,1.87181580325411,0.1999534905205681,-0.0751258127724254,0.1975426273145562
29,-0.3706013127271565,2.0226849272322527,1.4103109730248304,1.2492107517397422,0.0222431381632441,0.1179886807936251,0.0238477095987993
21,-0.3620525284055758,1.582700533676358,1.4508659631768157,1.682067643003049,0.1632361766604642,-0.3246054965502352,0.1663309957485159
41,-0.8054199752367857,1.4185808452112134,0.7816865265237962,0.8897822423016847,-0.2000000099554093,-0.197147893478825,-0.1967057423269045
22,-0.3744377635613699,1.6938121900580407,1.4274250956522934,1.5642366348984236,0.1717782219282294,-0.2703702788136178,0.1738605562831293
14,-0.2654573805683451,1.1098454813332748,1.6504230291361606,1.8669157927463955,0.1999772265714834,0.0807768475030247,0.1935739920841414
2,-0.0565917842872347,0.3875782094181868,1.4833484819163996,1.577021861586388,-0.0196094241220642,0.478919981215851,-0.0240031009349246
48,-1.0683045501126704,0.6595906442128215,1.593535860330369,1.1694413811979714,-0.2000000099474959,0.3744076327058903,-0.1668756428068514
44,-1.0174943965228929,0.8606277474648223,1.0849803849476232,1.4044621513266329,-0.1611702245361851,0.5644800021358723,-0.1707436214039555
4,0.060145176290141746,0.3578977788143475,2.0365117083127977,1.5532316801979078,0.3310463215017735,0.19993940822488362,0.19242470945222728
19,-0.3476979128284705,1.6107464998684788,1.2581324941434129,1.698161343961453,-0.0078395578125579,-0.0919661512495206,-0.0031753152577886
11,-0.1207979777207904,0.7006229598774691,1.8646750857976588,2.098223002542919,0.1999774051155401,-0.1091334223022598,0.1970739841974232
12,-0.2029610300113685,0.7853019214419261,1.7545008817569938,1.9790898731008215,0.1999896299096988,-0.1167276105055201,0.1975666253787835
32,-0.4751356320334271,1.7681740653065867,1.2618969030764653,0.9173210266682872,-0.0792902725623052,-0.4234651002229391,-0.0889340414362095
0,-0.0111111111111109,0.2611111111111111,1.5707963267948966,1.5707963267948966,0.39046927336936577,-0.19978799360956215,-0.19978799360956215
1,0.09997993577350066,0.3408783490348971,1.5834812382843833,1.5663081584188052,-0.22863533304318656,0.0883748525393985,0.08796920335468664
32,-0.4453620919857698,1.83780288122698,1.4710931172864936,0.9619279460175956,-0.1601818715834081,-0.3656415531553498,-0.1576862232508957
37,-0.6462491353093252,1.607614117043588,1.0155268930667487,0.8032614142037671,0.0750223363339914,-0.0230993226870107,0.0728519006608693
6,0.0613381652178144,0.249214462820118,2.215173834957188,1.5147804173595962,0.1999640669696225,0.0937653610467606,0.1589336136749938
48,-1.0318619156355568,0.788224185581743,1.3186885973805362,1.4629543038259774,-0.2000000099411346,0.5871456600215322,-0.2063635043593702
25,-0.3702149448231726,1.855212027813829,1.1630259271806236,1.4806777656829582,0.199970833411668,0.1347049770669562,0.185759251972125
0,0.0111111111111112,0.1944444444444444,1.5707963267948966,1.5707963267948966,0.3746942483614454,-0.1999403285461828,-0.1999403285461828
5,0.09512721619521627,0.2196401688029976,1.99813891372923,1.6902628592866942,0.07291980081487794,0.19976217218395956,0.19257895183036433
0,-0.0333333333333332,0.1944444444444444,1.5707963267948966,1.5707963267948966,0.03769938502389991,0.15875211299120545,0.15875211299120545
44,-1.0069183172387566,0.9049343381810296,1.317743782246172,1.3427444422807495,-0.1051486515992048,-0.1146601930734935,-0.1048291644322666
42,-1.0082497877229997,0.965539009061296,-10.09403936446103,-10.040798405059022,0.5018939049452555,-0.20000000999718767,-0.20238748603570475
48,-1.066120367427349,0.6668826204621026,1.623418789581505,1.17015522322423,-0.20000000995557,0.2988867380717342,-0.1667162566025043
34,-0.5878801975881822,1.6676712071703457,1.0494936552079253,0.8521209126971948,-0.1184269356467934,-0.3009229758730897,-0.1220286062952589
9,-0.1252650053601809,0.6208931139831169,2.0185592199886866,1.915159195666055,0.199968063608819,-0.3206003958003853,0.195590924995164
10,-0.0900390922550955,0.6649896027030814,2.139122212975555,1.813521294804227,0.199964075164673,-0.2091417220534467,0.1827677105546012
0,-0.0999999999999998,0.3277777777777778,1.5707963267948966,1.5707963267948966,-0.3182789076541286,0.07875920405412452,0.07875920405412452
29,-0.3606949067708704,1.99139002252143,1.556670539772997,1.2103362632175496,-0.0753629961640243,0.0796368884814387,-0.0681849048584135
48,-1.055335483879563,0.6917474361679421,1.614699917788847,1.2300646746622874,-0.2000000099619358,0.288143837411848,-0.1745753175066463
8,-0.0140160517115493,0.4106890534678702,2.226585981541141,2.0021197981642875,0.1999856477616608,-0.3273378597871695,0.1876825395537956
32,-0.4710997854830834,1.7942509553102437,1.2777769907860903,0.935192390395576,-0.1999659092574685,-0.4147485662078698,-0.202278150118623
26,-0.3243433829590335,2.1195777743303865,1.2640841024079612,1.3627365704188812,-0.0707829428280501,0.3385057599378776,-0.0737728100883556
5,0.0538494847174459,0.3077710273131286,2.1033335250278085,1.37511044148767,0.1714453883570209,0.2685646441162164,0.1458338423061719
14,-0.16022300782345383,1.0963310002107087,2.059719103269912,1.685053119830676,-0.21508778228060016,0.19993714439432106,0.17819609778703957
0,-0.0999999999999998,0.15,1.5707963267948966,1.5707963267948966,-0.29963551631299107,0.19976529693488188,0.19976529693488188
37,-0.7558170375214708,1.4443208906334457,0.8972581088011766,0.8649328479782765,-0.1999995708915991,-0.1957477140859008,-0.200527737365221
31,-0.4113362626911272,1.902235280186368,1.5200497471105503,1.0735906469976906,-0.199948382154942,-0.1738824363170062,-0.1878575652096607
26,-0.33455103129620306,2.168134003492251,1.456025540524121,1.3144983461689257,-0.48029730804949367,-0.20000000959496686,-0.20477519937431815
7,0.0824139310709946,0.3439433081111188,2.135670262267484,1.462983351064781,0.199988430589443,0.1778336819816469,0.1675016472111579
16,-0.3334048028253712,1.097654982272921,1.5909174575732097,1.7350877984806208,0.1999953959222179,0.09919490049308,0.196495385344269
1,-0.033318698717363426,0.36519402004463736,1.5724222818997244,1.5705249600451305,0.4296747429768025,-0.12826545472034426,-0.12818370077437333
0,0.0333333333333334,0.15,1.5707963267948966,1.5707963267948966,0.37583633236717956,-0.19988553706488105,-0.19988553706488105
35,-0.6040784129434428,1.6388539917308904,0.9365149736449094,0.9212919412099652,-0.1999999140595968,-0.0038184249808999,-0.1999825530216565
4,0.0797591018795196,0.17377513448750306,1.823320164934259,1.571474534429797,0.13028689056118106,0.08728673367181117,0.08777984230266919
5,0.0373252731070514,0.2225635023939873,1.9889006347837903,1.6092102516622555,0.1938922703265419,0.3170473395001703,0.1918339713150097
45,-1.039706357629692,0.7460393768158906,1.326600389564335,1.37036020344744,-0.1819703334628147,0.4153549503980698,-0.1836131373283898
43,-0.9998446005269538,0.935558835836784,0.9577221746490984,1.357952458508073,-0.1587851856476233,0.5346207350144462,-0.1670670487929578
45,-1.032730320619336,0.7783473540203292,1.367220386015559,1.3549854110440749,-0.199999978116662,0.005765547854774,-0.199977954886404
49,-1.0857212862791716,0.6495865663507486,1.772955396789628,0.9748742566029672,0.2000000099678151,0.6417847946702323,0.1855693326433816
13,-0.2206984860668443,0.9209917386274612,1.7451192302634977,1.9200216661925769,0.1999639634506966,-0.0670354607996761,0.1980797153066252
23,-0.3817105270121607,1.6599102007330966,1.3624561998764555,1.5874790988596383,0.1999702282029737,-0.1369955276112961,0.197985541537877
6,-0.0257521552256873,0.2316008612497097,2.266072005717416,1.5814367273959855,0.1999263142350344,-0.0180784715436132,0.1537296029636995
24,-0.3588689746147768,1.8650894803171847,1.2620161167498924,1.4685621133271032,0.199914418706968,-0.0185026142595557,0.1960447104395387
7,-0.07785116696597384,0.3372765482369636,2.1191267519686594,1.678046303258083,-0.009494708358964007,0.19994711640775423,0.1804050187347134
40,-0.8902626337772285,1.2293182604485813,0.8303366391989142,1.0797273290303335,-0.1999999006885867,0.1753708166900003,-0.1981408905778817
43,-0.8932198889724446,1.2047775867127677,0.7525364109056267,0.99376184847686,-0.2000000099012793,0.0106955891108917,-0.194464710670276
48,-1.068011181658396,0.6621018558235839,1.7034476802022676,1.1387821448923905,-0.2000000099556383,0.197671751521755,-0.158375460892359
34,-0.5477899508822222,1.717179760199261,1.0260438300698422,0.9063750580910138,-0.1999999267103889,-0.2709882947185803,-0.2018047230908435
26,-0.3423576985518983,2.069045115120458,1.2528235581826794,1.3556799905947647,0.0518491333760913,0.2851456052375153,0.0486473702632232
14,-0.2788479753353366,0.9567038399337464,1.6786008289876289,1.8347793980328613,0.1999858415756263,-0.08819060253226,0.1989235490184547
25,-0.3717596895207772,1.8617562672092909,1.274526591388387,1.4610128578763817,0.1999774750340105,-0.1093385182834841,0.1985374351158544
31,-0.4315803133325639,1.8451593418406929,1.4758207487189647,0.9352823169328046,-0.0881744518397127,-0.5728324672835071,-0.1050814017767942
39,-0.8452370663841863,1.3584909907758478,0.7782834641451014,0.9539527528908288,-0.1862639353804851,-0.1964657115198341,-0.1799637187108216
12,-0.2050794251240498,0.8697358629511384,1.7163900473941545,1.977203240305711,0.1999891004997705,0.0309646917900336,0.1924271144857826
15,-0.3091010557350753,1.0825792490702535,1.652514913498884,1.7787835769808626,0.1999621371805041,-0.0739238211986108,0.1993011261181853
0,0.0111111111111112,0.2166666666666666,1.5707963267948966,1.5707963267948966,0.40713233358740925,-0.1998444228098391,-0.1998444228098391
37,-0.718767161739402,1.4886288149233098,0.8561647618879777,0.8915111326472636,-0.1999999177748192,0.0610490959679013,-0.2000907357088497
45,-0.9964165913415012,0.9342055464880672,1.195283970766456,1.4035447319492682,-0.200000009863948,0.4669282993946652,-0.2053325511171202
4,-0.10085323473507474,0.37017392599750926,1.6178917113429332,1.5936865841525711,0.403826555101693,-0.1551476906672659,-0.15412487141907139
5,0.08394745500497837,0.22399877206301846,2.143516105023915,1.5252477210289912,0.03200436090422062,0.18770321842493898,0.15481128304752298
33,-0.5190155330258232,1.7704431749223652,1.1983941099865407,0.937607949227763,-0.1999918217302847,-0.1122286972650037,-0.196123319922413
8,0.0960595647257418,0.4960405910241213,2.1440839134913445,1.7678230122825398,0.1998744376514722,0.0244702956421194,0.1867913811730549
0,0.0333333333333334,0.35,1.5707963267948966,1.5707963267948966,-0.18045460146009826,0.1701249690426339,0.1701249690426339
34,-0.5715912330139498,1.6911973518274734,1.207365558414046,0.8973002294111087,-0.1997724575870915,-0.1795613963956749,-0.1957248285960184
1,-0.05556974302268538,0.4172814293030366,1.5690317834403853,1.5711393481842746,0.4205037583281159,-0.08044997258552257,-0.08053841773703589
44,-0.9778181388574668,1.0321427799227147,1.085147704507046,1.359020595344113,-0.2000000099525907,0.2202725325188201,-0.1985036745493761
24,-0.3692425819035168,1.780881964330744,1.3064277255924377,1.5217953549992365,0.1999593268708041,-0.0497503789903953,0.1964030439161778
32,-0.4680723713477215,1.7931732009430137,1.316863599403724,0.9347840863023638,-0.1999555115911002,-0.4756548979094673,-0.2032718110822831
23,-0.3663762194434015,1.78798348843871,1.3752101141958422,1.5401099481606495,0.1998306238578141,-0.0743012888114684,0.1983395639027952
0,0.0777777777777779,0.1944444444444444,1.5707963267948966,1.5707963267948966,-0.22411229162877597,0.17241837809627755,0.17241837809627755
0,-0.0555555555555554,0.35,1.5707963267948966,1.5707963267948966,-0.17143084310339443,0.033501622235987134,0.033501622235987134
0,0.0555555555555556,0.2388888888888888,1.5707963267948966,1.5707963267948966,-0.15858194124158514,0.19985161556140005,0.19985161556140005
0,0.0555555555555556,0.3277777777777778,1.5707963267948966,1.5707963267948966,-0.2790400847185487,0.14535502198317546,0.14535502198317546
43,-0.987518905534394,1.0073026818919275,1.0407513329000384,1.322199797096015,-0.1999999835119337,0.0851466663823222,-0.1944957385919338
35,-0.6330836529159188,1.606934058133468,1.0052667424133808,0.8408430875379347,0.0555938965454979,-0.2364395677420915,0.0509739613742199
43,-0.9193354852510044,1.1326563105448075,0.9292839324162542,1.1752181108113284,-0.2000000099656081,0.2372981745942586,-0.1997593925151098
18,-0.3580613317196547,1.323693300810256,1.6266760199152328,1.6665955237437171,0.1997615634055033,-0.1773894370261405,0.2003103596156764
16,-0.2884713979827424,1.1313065667624411,1.6610506742508155,1.81745495199304,0.1999619258606969,-0.0999787598382715,0.1990784864685507
18,-0.3636892136487641,1.4160236303306826,1.5975384318490384,1.6448430275094978,0.1863957241096856,-0.1212165499483416,0.1867604079888768
10,-0.0908144902602261,0.5662161756013004,1.939132894646016,2.094799781863825,0.1999829858229469,-0.1392197170671469,0.199723310920228
36,-0.7092590250756632,1.5154688087318515,0.9177466839555456,0.8604189607805017,-0.1998775627741221,0.0865753608184803,-0.1990531621033222
4,0.09838962433903006,0.13304350512288346,1.635267756008778,1.5334116245712937,0.5125511220261709,0.09863957228051039,0.10333996296350201
48,-1.052095242271371,0.7076888291900071,1.6504797938248028,1.2101464845262706,-0.2000000099642144,0.2574477322128848,-0.1699484597162104
12,-0.2363844299425007,0.7585968962915282,1.722403686825948,1.9089682836770905,0.1999636153093879,-0.092815126344067,0.1982152697890752
48,-1.0523082925768728,0.7195726007157458,1.6252839087986932,1.1974802258954764,-0.2000000099596233,0.302815219959332,-0.1694128378357247
5,-0.10184505551928019,0.3773738922021329,1.613466858453429,1.6048601638291848,0.45678982782300337,0.0859098433511871,0.08629980167859837
29,-0.3651419760449435,1.9740132533276304,1.4595582470451016,1.2233537117290616,-0.019288039889435,0.1437192994473274,-0.0153892358083216
21,-0.3758205213757145,1.6454177417296694,1.4075490566815672,1.5765041361813772,0.1215933369925039,-0.0243886776665932,0.1202720722613842
47,-1.0302848710263663,0.7774109433685269,1.625265363661614,1.3198386588815187,-0.2000000099769749,0.0551533686468241,-0.1890852926838689
39,-0.8094220325857218,1.4049040750376884,0.8012413333618889,0.9075916014761892,-0.1999998845847497,-0.2181419624997829,-0.1965543380731157
0,0.0555555555555556,0.1944444444444444,1.5707963267948966,1.5707963267948966,-0.2005827059256199,0.19953881470929893,0.19953881470929893
5,0.05519873551223836,0.14565242505059361,1.5945136855032782,1.5593592969017573,0.6220333731826552,0.1992148588679701,0.20127804350932582
10,-0.04384544624110886,0.7275222391540788,2.6294167882426622,0.31431566760361984,-0.5379102732971381,0.19998377098873577,-0.17504760451312829
1,-0.0337191526548596,0.2065797450350143,1.6334208153270922,1.5452422583814245,-0.1998798647447124,0.3223078017012659,-0.1962649073304694
24,-0.3683479914395891,1.8504299619312887,1.2069479489803556,1.520665833005059,0.1999626222952809,0.0421831615367048,0.1889012496988903
44,-1.0159452803069084,0.8636959547182679,1.1667172643988084,1.407659653829226,-0.1215629941365652,0.4505711219415108,-0.1288029024397815
40,-0.9194544852401166,1.2136911607614145,0.8668431253534377,1.169365899879993,-0.1999996252172452,0.0682710461233524,-0.1929512209603449
17,-0.3305994277344373,1.3994549725979275,1.619997076409946,1.7310526214604331,0.1999480271946529,-0.066810256242244,0.1994567217596426
38,-0.7354726232959751,1.4776629602591025,0.9433270372858756,0.8425688045711031,-0.1001350173036935,-0.2827846166449824,-0.1024716199182853
3,-0.07803711664614431,0.2555351013489943,1.596622132201781,1.5551800352661358,0.4442656329252187,-0.15143137266074785,-0.1494607505818167
42,-0.983543273681144,1.022455771440617,0.9829649028954264,1.3518761142295428,-0.1999750811399587,0.3700216759268311,-0.1998638465248276
28,-0.3445421349074449,2.1091317035893518,1.346792404342426,1.3008701438971773,-0.1828994282140635,0.1270371373648083,-0.1821234297802157
7,0.05472840178090475,0.4216987872438245,1.7004974901791812,1.5966784249465065,0.4312773927258335,0.00035678167941059546,0.004824303202140459
23,-0.3803581079764163,1.7086851597925232,1.3058599218838136,1.560646809113932,0.1999724313815078,-0.0727163560354836,0.1953494645504198
2,-0.021575987604317,0.2112500102789374,1.8589171771583235,1.371135520600327,-0.1999062059215795,0.0616233299194362,-0.1737039993352102
11,-0.114172070246197,0.6810388887035743,1.895515254854204,2.073031783376281,0.1999774985248022,-0.1205186037260353,0.1989630926773681
38,-0.8140618342664951,1.3912332282781072,0.7389956577899328,0.9382797177122632,-0.1999999053314824,-0.0984840389106347,-0.1940919546124122
37,-0.6798206751326588,1.5579085312976826,1.030635879979505,0.8359900983464871,-0.1999998456775185,-0.3930703053913874,-0.2038258245611708
24,-0.2935684433285821,1.8030186924825893,0.11215342554143293,0.59279558930707,0.6621598592543537,-0.20000000998229417,-0.2079545227047776
18,-0.3567630178557044,1.4815451018416483,1.573613534610213,1.681028989953281,0.1440490710502405,-0.1331601195632507,0.1446464414232983
5,0.0702055422864071,0.2655040361913052,1.934834191705706,1.3614147998434392,0.1994127249216747,0.4237943861246596,0.1905079985941529
4,-0.03327174880988798,0.3767145600178916,1.5553799910113186,1.5628278343743496,0.5890383427711122,-0.13455572772706534,-0.13499069829158392
6,-0.1362300818818826,0.4236837461041189,1.9228255408997192,1.1067509256980417,0.1070455177831029,0.3293646029197052,0.0973283497403713
2,-0.07772693666905166,0.240381925170909,1.5708254129486532,1.5860317969999496,0.4622605488039865,0.047913994042119684,0.0472055504201156
0,0.0555555555555556,0.2166666666666666,1.5707963267948966,1.5707963267948966,-0.13305147877539275,0.1494447317724843,0.1494447317724843
42,-0.9684196813591606,1.0612334658291298,0.8919531224881639,1.2830074287235946,-0.1999999791834524,0.4142545180919297,-0.2006913865438555
25,-0.3613683862298694,1.9062263832852824,1.2598955797457911,1.4543872212637117,0.199936513421932,-0.1011680625602995,0.1981221722702329
0,0.0333333333333334,0.3055555555555556,1.5707963267948966,1.5707963267948966,0.31367196508585893,-0.19990491426387783,-0.19990491426387783
38,-0.8378003328450522,1.3781537487524325,0.7742867724594389,0.8609524355031279,-0.200000009792792,-0.101260768977022,-0.1983729010392194
14,-0.07678126525457639,1.0367056729458388,2.1336046456732216,1.8502017261340211,-0.18748986584349425,0.19997034607700598,0.18675074610945896
44,-1.012480989751676,0.8786551692244982,1.2413088377965882,1.3373361458804218,-0.2000000046603871,-0.0514161395027877,-0.1985856117382334
36,-0.6791732087605228,1.5645360375175257,0.8725549830058412,0.8706072129427768,-0.1999999890394131,0.0136434229324982,-0.1999969522353377
1,-0.0559308631877057,0.2611292736605299,1.5238823047973966,1.5799722481603855,-0.1997535199268545,0.4262169387328875,-0.2018287769104126
20,-0.3760873721890289,1.5344196369615737,1.4486750981174108,1.6443876952416083,0.0076092495771596,0.0564254235030399,0.0063667037469938
12,-0.0520552441521159,0.7705786049068335,2.0564893010679186,1.9398944342498643,0.2000000099546258,-0.1305679189441807,0.1971232049334978
33,-0.5106082809533283,1.7487944944924336,1.1685612405097778,0.9024783782964632,-0.1999631845406543,-0.2879271674466967,-0.2004973099533613
1,-0.0557340481051114,0.3419418356186526,1.4909308991038197,1.594964974770905,0.1349827258961589,-0.0596592775597923,0.134872460270649
2,0.0754125331782424,0.396379568700918,1.3482008458859474,1.5935354522041432,-0.199793081258429,0.3061016646719437,-0.2012451247223925
3,-0.07761660494599579,0.1796916166540321,1.6249718918141465,1.5549926264838,0.4275216849677538,-0.1996180234435497,-0.19614012429359268
18,-0.3571830281763729,1.2977460184627072,1.5703503779625845,1.6855694019120058,0.1999604814420482,0.0789149615707606,0.1977274290688387
0,-0.0555555555555554,0.3055555555555556,1.5707963267948966,1.5707963267948966,-0.10358550461213002,-0.006260116949293437,-0.006260116949293437
18,-0.3508417899447785,1.33146969287061,1.620659553595603,1.6891389100128134,0.1996540461988038,-0.2138126758824734,0.2006491294010557
25,-0.3694060852709464,1.9312499685632631,1.228573365948484,1.4432361474327933,0.1999503065346743,-0.0385635774892319,0.1961825772239692
25,-0.3645987625270409,1.9378117390556289,1.2637403835081769,1.4568184817609056,0.199812818577398,-0.1694559453834836,0.1993514808362202
4,-0.0836334310324771,0.08723663439359,2.032061479533917,1.1572780158829767,0.0960517208073408,0.2431576492357209,0.0802448456384046
20,-0.3775480656728963,1.5077660545693208,1.4948430708092657,1.655183375513685,0.0821548152160743,-0.0431049844861596,0.0817892051693872
45,-1.023396522870251,0.8204712679345206,1.17864431932716,1.4366481378106122,-0.0596738870767185,0.5465426326904713,-0.0716438421809155
8,0.0846976888147322,0.4202663095030476,2.287302090678488,1.5655874107192398,0.2000000099498784,-0.4146861775001264,0.1227376174893177
9,-0.11608212723494661,0.5584837245509855,1.9269255803097591,1.699339652428537,0.12381263938004063,0.19996420767402173,0.19760145244359018
44,-1.00178550685087,0.9434846232172386,1.1142461027089503,1.3972385975915107,-0.1999999664448839,0.2896538156456976,-0.2001328104212585
28,-0.3586226763869843,1.9991808861192768,1.444787648255088,1.2543927695376766,-0.0167133094896934,0.220421058468315,-0.0122398982518782
31,-0.4111794174704706,1.8863049629357536,1.553578378309818,1.0342522879819445,-0.1999913550359671,-0.3054103451157176,-0.1887806304526483
39,-0.8532723980431886,1.3400270428941286,0.69747213826613,0.983867277576176,-0.1999998977690084,-0.0826253094928442,-0.1895194626728815
3,0.05680694876301929,0.37880092700276935,1.6944105933096747,1.5529886813592209,0.43018072668973445,-0.0692312936912167,-0.06247668921553986
1,0.03350366874037621,0.3916082130178147,1.6006908054139952,1.5634713240214475,0.37140722270203375,-0.19982213819374361,-0.1983017091038638
1,0.0761690943209468,0.3480766296777273,1.3982904376637864,1.5980488810203088,0.118893063408119,-0.1400967363029631,0.1193087957808612
27,-0.3278058032652234,2.0658474681710666,1.1918493063493516,1.5636617219256022,0.4042345037581394,0.200000009989338,0.17164806721713838
13,-0.1735456342783357,0.8498226052840536,1.8016887777531023,2.026033094134541,0.1999862799488827,-0.1596619465252045,0.1985266146549338
3,0.05818545330967932,0.29707290704867323,1.8601408491666795,1.5291672395110665,0.381587040624457,0.007024179777690651,0.01904315550354362
0,0.0333333333333334,0.2388888888888888,1.5707963267948966,1.5707963267948966,0.30729635204964145,-0.19991953981487004,-0.19991953981487004
4,0.06708630597566033,0.045372104522998245,1.9446706654503645,1.3343035006780697,0.18404702093787614,0.16936369398971515,0.14933197635913456
27,-0.31734986463530135,2.0583041643520374,1.282732543682462,1.5428442893424297,0.20160071343185457,0.20000000991315095,0.18808731915414026
12,-0.169895562868918,0.8529823665822722,1.8478136121864348,1.9795061390115256,0.1999772070992724,-0.2002989117981552,0.2008757864267634
10,-0.1575421803440213,0.5702668979678426,1.8674378134984584,1.9896417777618,0.199967810419435,-0.1899133823826256,0.2007915718445742
27,-0.3476771140738538,2.085519226073377,1.1936830358575932,1.3641127779968931,0.0998762837081798,0.2758843324534549,0.0937501127065422
37,-0.7586559696029772,1.466893870412156,0.96503808022413,0.8186344722774945,0.1336175813367462,-0.3239825017931462,0.1274618620630281
34,-0.4934038584836954,1.669256287675016,1.5717403652676536,0.2119726698286467,-0.645089722915281,0.199999985062992,-0.02118474184610737
14,-0.2000646990245517,0.9643377788008476,1.7490603802960232,1.9981278477839295,0.1999820111097725,-0.1084628027079936,0.1964847201658722
19,-0.365588970532386,1.4058581295240231,1.5162666971794962,1.6682217011084386,0.1999980850004266,-0.0525357396435929,0.1984887525553939
1,-0.03333285181271701,0.41256837276345787,1.570848881327782,1.5707878405695064,0.4149652414346864,-0.16695275469342316,-0.16695022140309437
2,0.055905565019231725,0.23543942346492225,1.6933915325435622,1.5387188259591573,0.4952936751823849,-0.19907900318007565,-0.18907206715320896
2,0.05572292160497728,0.19114838826158131,1.5703983131832286,1.574568979608337,0.5014390070110056,-0.009097977642850103,-0.009307031392552484
26,-0.3512671414039557,2.036314242106422,1.1790124108164353,1.4134061869252403,0.199912830169949,0.1850119660818398,0.1901493118506021
0,0.1000000000000001,0.3055555555555556,1.5707963267948966,1.5707963267948966,-0.3505973243934364,0.17297097277553716,0.17297097277553716
32,-0.43284587497698856,1.7721868243135261,1.1708766283989265,0.8973380539365742,-0.32850972909203546,0.17847909191534106,0.1629690542510172
5,-0.07825524727196746,0.15251678805945443,1.6094518285852413,1.552332401437098,0.41588544485795,0.17337326465399616,0.17546473753615432
47,-1.0293987032781369,0.7821102716907055,1.570062698956519,1.343183474551245,-0.2000000099717368,0.0892744376646555,-0.1928665137737382
2,0.033059933353124814,0.3314169503202437,1.5626629974124047,1.5689881630217488,0.5138196380247724,-0.1994199836578488,-0.199740991765023
2,-0.09992520874012598,0.23275413170505985,1.6136847651239972,1.5575465112488946,0.2929651705662323,-0.19984974976522366,-0.19789112727095448
0,-0.0777777777777776,0.2611111111111111,1.5707963267948966,1.5707963267948966,-0.309776044833377,0.19991515568211382,0.19991515568211382
0,0.0111111111111112,0.1722222222222222,1.5707963267948966,1.5707963267948966,0.37949024197419634,-0.19994025095563578,-0.19994025095563578
3,0.09887326132971941,0.23888108074780806,1.4904016184713624,1.5637303894794636,0.26227526266266354,-0.18173604915648878,-0.18316916997632177
0,0.1000000000000001,0.1722222222222222,1.5707963267948966,1.5707963267948966,-0.34015337082150215,0.19977933404653134,0.19977933404653134
8,-0.0027817100910347,0.3909998833988187,2.242648954752433,1.94152215901423,0.1999757928892578,-0.2053278144236314,0.1848875096376411
35,-0.6465975791786693,1.6201716932997736,1.0077387777478604,0.8367195753071934,-0.1999998659473555,-0.3699059846604814,-0.20337754322417
7,0.07705000072719631,0.36741893381310503,1.4157877334703857,1.5281039563145877,0.7146373894322148,0.19998886819319145,0.19071909835857334
11,-0.148827226462385,0.7340410288633231,1.8932647194103605,1.945898168426444,0.199913244237905,-0.1242971924652902,0.2002903173058162
43,-0.9338721281569746,1.1521531099200968,0.9923664380422026,1.2034500060066184,-0.2000000098994482,0.2435758414836358,-0.200664291538841
9,0.04796208167577197,0.5503542253327364,1.7258308835552851,1.6375683953275177,0.48499858553044634,0.19999048759514526,0.2034871659141403
32,-0.4494916700825015,1.8448648279946436,1.45868320479069,0.971374728525524,-0.1971923895655787,-0.3351204111458657,-0.1899304700353944
39,-0.8618741592400515,1.2956713053309468,0.7203158251787747,1.015631731993472,-0.1999999878008362,-0.0437950894846443,-0.190067416441345
0,-0.0111111111111109,0.2166666666666666,1.5707963267948966,1.5707963267948966,0.3687586470214103,-0.19981951277973756,-0.19981951277973756
1,-0.03334731549849947,0.35450619347012524,1.569336482384477,1.5710090972971,0.44034190934451856,-0.16603835170630496,-0.16611177165861854
4,0.07475202141522165,0.008257399731500185,1.9463008730176705,1.4254819345698029,-0.030428779137905846,0.19999579383599497,0.17196463878225102
0,0.0777777777777779,0.15,1.5707963267948966,1.5707963267948966,-0.2758509773530975,0.19960564908216105,0.19960564908216105
30,-0.3818800390341512,1.9229970527368272,1.602779432178795,1.069362906541405,-0.1999845496258343,-0.2539173669196599,-0.185112814449023
11,-0.1674158526865658,0.715506484514534,1.86106225760095,1.944404054586376,0.199971340079692,-0.1641705277979672,0.2006438993037158
8,0.0840514081245835,0.4298799169477633,2.224587103258307,1.6350973293259183,0.1999825227365046,-0.0904972747959416,0.1611992824452124
15,-0.3288295570605417,1.0600320658221234,1.6341366983602257,1.7367940551016936,0.1999867546998736,-0.0698175306696721,0.1996493664238366
5,0.055707108024007315,0.27551801907202805,1.6079789448565647,1.5655436326806476,0.6070434944148034,0.029295529353923797,0.03184439122761536
0,-0.0555555555555554,0.15,1.5707963267948966,1.5707963267948966,0.27807419151793966,-0.19975426361249268,-0.19975426361249268
47,-1.040007142517487,0.8078339193272835,1.142352543517343,1.407580892370303,-0.1590098213075316,0.3745495022049169,-0.163267724843119
48,-1.068678742790006,0.6576465668807805,1.6321101681533827,1.1659430479967587,-0.2000000099468941,0.2839050413691169,-0.1658989700035663
49,-1.079343118850741,0.6633160072642789,1.777959539438072,0.9932021057790188,0.2000000099672312,0.6268404742951658,0.1858078531294081
5,0.072871487532835,0.2766590503035488,1.9556271241822936,1.3834008632760897,0.0497035220026622,0.2934283351520718,0.0576749191812135
31,-0.3997783500201456,1.9270941078051755,1.530458741470922,1.100317188425931,-0.1999355200800239,-0.1427960277633834,-0.1876773267339987
0,-0.0777777777777776,0.35,1.5707963267948966,1.5707963267948966,0.1994508462494355,-0.3960369384520472,0.1994508462494355
38,-0.822325603787293,1.3954018402851085,0.7640915629702795,0.8965312818749388,-0.199999880978237,-0.1675279233970388,-0.196036161863651
14,-0.2189380176120592,0.9615918927122729,1.7406862845055189,1.9616107652875108,0.1998338644285553,-0.1811026869730898,0.1989454934299993
3,0.07694819342418747,0.2851618253546274,1.4567574589035832,1.5857576698217208,0.2835737480161234,-0.1997362674726944,-0.2017246297844584
33,-0.5300603383872301,1.7115951584367697,1.07903615044899,0.9199576391032384,-0.1999801745424613,-0.0464640738364546,-0.1981911897445309
18,-0.3473778242283712,1.318414463193876,1.643972073644163,1.685702185605831,0.1998434073315246,-0.3275362437960669,0.2010358444539497
44,-0.9691127713079384,1.0579127900835523,1.1141543587840208,1.2163671070798854,-0.2000000098932762,-0.1525245725484261,-0.1973998921046095
12,-0.01988823211551962,0.7505388662938143,2.437406437978084,1.484500140627174,-0.5314539565549483,0.20000000996377593,0.07254437677375562
21,-0.3080309421938736,1.5602562202265442,1.6051507009228114,1.791253323713862,0.1999616345215079,-0.1089817497790619,0.1985253547040929
30,-0.3675950582217147,2.0092565842019714,1.49137938230082,1.224490080061361,-0.1999934201460708,0.0863591732602522,-0.1906352746425237
21,-0.3466946224506812,1.629480169814641,1.4903015002683653,1.628550299349217,0.1999714555896498,-0.0070798943935666,0.1981610642894252
4,0.0978883070358139,0.252570353178451,1.6003722883174536,1.5349192639457274,-0.0797511386467936,0.0337969378627118,-0.0793593154982086
14,-0.2393164531602991,0.9501872964444888,1.7099333782934882,1.923207425065299,0.1999779776742793,-0.0849982042124747,0.1972461895434679
0,-0.0333333333333332,0.2833333333333333,1.5707963267948966,1.5707963267948966,-0.09295375239908964,0.19118105671598923,0.19118105671598923
4,-0.10109690094349347,0.45332205260398506,1.5439125170446264,1.5840483783083694,0.5288505391873983,-0.07672729725892408,-0.07878752339594175
6,0.10442717519354208,0.47188469341874445,1.4862195144444552,1.4584362633891699,0.5491383099516501,-0.11078170763834409,-0.10921346520899856
0,0.0555555555555556,0.1944444444444444,1.5707963267948966,1.5707963267948966,-0.2005827059256199,0.19953881470929893,0.19953881470929893
3,0.07769253279683733,0.321526900595378,1.5168121013789246,1.5882494386085764,0.43164315078659254,-0.053725627192203876,-0.05666951836712645
2,0.05557565466595769,0.29139603347709425,1.576153160133634,1.5693060536313828,0.4043796620594268,-0.19983529196564476,-0.19955372666035387
46,-1.0154392801394685,0.8374367292121081,1.164507324218135,1.3185972127334091,-0.2000000099526959,0.2227299633668366,-0.2010488128408227
9,-0.0916586705149881,0.4955667892931999,1.9212101126992176,2.1101667457680726,0.1999904203573021,-0.107832849977884,0.198456210535198
0,0.0777777777777779,0.1944444444444444,1.5707963267948966,1.5707963267948966,-0.22411229162877597,0.17241837809627755,0.17241837809627755
0,-0.0999999999999998,0.35,1.5707963267948966,1.5707963267948966,-0.449362583311237,0.18616524831525308,0.18616524831525308
40,-0.9059386472374092,1.2143734181616044,0.6984182804364527,1.1414342550609342,-0.1999999006120915,0.3176763914492275,-0.1943102099110007
45,-1.0416691646987484,0.7353106017687918,1.3076212262991702,1.3778689567066411,-0.1327912217540372,0.4265127848094974,-0.1354574030616679
36,-0.661734146952917,1.5936272421207034,0.8622550099262654,0.8654880378793384,-0.1999999156051907,0.0938340621119389,-0.2000292071212944
0,0.0333333333333334,0.1722222222222222,1.5707963267948966,1.5707963267948966,0.4067251970228847,-0.1999191914260118,-0.1999191914260118
35,-0.6227076064538892,1.6191273034999238,0.982597574789734,0.849545558214922,0.1630131259012691,-0.0984960952689477,0.1602657084849027
36,-0.7173232069648441,1.5384460091763128,0.9325095679641264,0.8176923106462095,0.0281523261064413,-0.2742198057488823,0.0248253604417108
3,0.0044400079168803,0.1149526084611316,2.0667355372929817,1.3413096952774035,-0.0198540244815598,0.167966227606732,-0.0037113292472502
34,-0.5434256771330034,1.7200774429020167,1.0261682550763318,0.9124982794512724,-0.1999999301870428,-0.1908469181734202,-0.2008739227530418
31,-0.4117662683317119,1.8980864664016512,1.5136621011693825,1.037384179655894,-0.1999812063012183,-0.2437945325592716,-0.1889021666202769
34,-0.5818787695287397,1.6653049412029977,1.031842810904155,0.8824074845091917,-0.1999683651457696,-0.0163612508379215,-0.1979833644546985
24,-0.3652106447867471,1.8863840447551492,1.2918341427234414,1.4830976372670184,0.199334291977243,-0.1543032402877775,0.1986326940037611
6,0.108793281398636,0.2904302109172408,2.034860761583338,1.5982514024371772,0.1999689967238654,-0.3484075998092311,0.1664769496294735
0,0.0111111111111112,0.15,1.5707963267948966,1.5707963267948966,0.38022983069613614,-0.19984198028788652,-0.19984198028788652
7,-0.1169219100445238,0.3304988328283385,2.07427441009966,1.1867095783413109,0.1999487144684146,0.1495228713405347,0.1378241628356172
12,-0.0523391532474083,0.7713540952892827,1.980698368826573,1.959916728892993,0.2000000099936816,0.1043767011377339,0.2001737201791725
9,0.052934126503272,0.5487795226180859,2.285830619903785,1.9049142748397097,0.1999791310132611,-0.1154208706593226,0.1813544811217729
14,-0.3042444852069716,0.9536401635609136,1.6393439121767457,1.800636750004633,0.1999038907852973,-0.0644884410284186,0.1983448836296953
33,-0.5166188350151683,1.748636332830439,1.1694386340560985,0.9123720013921294,-0.1999803621953653,-0.1383321193332281,-0.1969260141469252
28,-0.3472353827771134,2.042597304653297,1.4280084806417852,1.271181872285663,-0.0681864037237678,0.2185468678209938,-0.0639362482854135
0,-0.0111111111111109,0.2166666666666666,1.5707963267948966,1.5707963267948966,0.3687586470214103,-0.19981951277973756,-0.19981951277973756
20,-0.3802706245079624,1.559206395286174,1.390820548363576,1.621969091498413,0.1571367732949151,0.0662951018175593,0.15143875757955
22,-0.3667835142655636,1.6858557909303362,1.387383131570043,1.613485925434149,0.1834733332243521,-0.1399136767590796,0.1819400753677319
0,-0.0999999999999998,0.15,1.5707963267948966,1.5707963267948966,-0.29963551631299107,0.19976529693488188,0.19976529693488188
14,-0.2509077736690081,0.991802116951847,1.6890263257443934,1.8839736656791015,0.1999790106782252,-0.0051424882379609,0.1962906002956013
41,-0.9552936168728252,1.1223982411182858,0.7715427187250123,1.2506581870174378,-0.1999753439855871,0.3425791781055428,-0.1932514359363756
37,-0.7401093764132625,1.4494639329825745,0.9244630287530328,0.8891155676680118,-0.199999048447753,-0.2842823357282816,-0.2008787743895501
10,-0.0876864172540569,0.5701916125344809,2.0418854044180423,2.0158709330913407,0.1999750479022012,-0.3375042367101838,0.1990294844888289
3,0.05562935612036353,0.23539778542236203,1.5805053573137924,1.571574763731404,0.46767437363805797,-0.12181671357413691,-0.12139420040565303
17,-0.3248264066934023,1.5491984438700177,1.581028096499241,1.740183382301092,0.1998957626504596,-0.220028424293432,0.2008564853821067
43,-0.9994727857249766,0.9348454837672916,1.0401202170098378,1.3556026603040223,-0.1999998918139435,0.4672011920209351,-0.2046253485807409
46,-1.0193250097205293,0.832537778725759,1.3820789167682344,1.3820726297191952,-0.2000000099383559,0.3661921174968679,-0.1999997797076232
3,-0.07621849840505691,0.2878996567175812,1.7015253736412532,1.5791959807574023,0.2633915356212464,-0.018758717612809193,-0.015404512708276065
26,-0.3489304854678411,1.9776843024908328,1.2103035574224346,1.422034156875578,0.1999604462278666,0.1445893208482122,0.1924564915564776
6,-0.0548681390546016,0.2005493274601442,2.2352559242967818,1.7271631484740853,0.1999605044637247,-0.1545683229088203,0.1671803584947218
47,-1.0340925789403237,0.7627061861463764,1.6065597101163176,1.2944451741802678,-0.2000000099620606,0.0700090339225281,-0.1881875069693161
27,-0.3282556210042681,2.1024720035588387,1.2530364888852483,1.3586033400636477,-0.032855163198382,0.3788515505217865,-0.0366642504457055
25,-0.3603745133857656,1.972756229334473,1.2073964355441986,1.422312838323594,0.1998911130802914,0.0908542452769608,0.193354853395371
23,-0.3601863088468347,1.8758843421509623,1.3576210437288938,1.4590500118599077,0.0459920431290107,-0.1109011225161164,0.046878597502001
49,-1.1000498105772438,0.6049136292091967,1.844172163481422,0.8606894268130661,0.2000000099629778,0.517470928734909,0.1539013108375152
43,-0.9854511779683128,1.0145262381453752,1.0158780626104722,1.328042396888052,-0.2000000053463775,0.1766065517498785,-0.1957581476100795
41,-0.902860675664662,1.2627758234880138,0.7610046006103339,1.0334169527604202,-0.2000000093946422,-0.1304085421659686,-0.189116222527773
3,0.05542998268809757,0.13367817868366802,1.5852456028249602,1.5645583830054142,0.6173065539228935,0.03215683713329542,0.033426900994306986
29,-0.3134382109647555,1.943292743571434,1.6329306724071815,1.1002246570632526,-0.11794441783846375,-0.1964790280558114,-0.17524409369824118
30,-0.3785795642984105,1.9744949596226808,1.5431991585181963,1.1644666158900232,-0.1999717809058716,-0.0660432779053355,-0.1882424885833439
40,-0.9041060770988352,1.2592389259895311,0.6677434296014195,1.1343777965865671,-0.199999987461547,0.2029944018216709,-0.1877498594954156
7,-0.1043488073975118,0.3690853685851722,2.1279024527335526,1.749767992473453,0.1986954379617888,-0.1643740554404157,0.1785901135511242
37,-0.7207733749589166,1.5044249712489075,0.9554673873463198,0.8356337471520708,-0.0449057932149876,-0.2867326122401688,-0.0480115565681222
17,-0.2376959514362541,1.3033581901300881,1.8123499574119775,1.7286564190902378,0.006407264525486769,0.19997857221171897,0.1993321572371094
16,-0.2991603299355092,1.130824258623068,1.619163573386705,1.8169637361880755,0.1999880399913859,0.0150337774361958,0.1957930893819485
16,-0.3315784205318309,1.1377138725300835,1.6168807921703436,1.734635227754618,0.1999928967841056,-0.0516830656072209,0.1992151222969552
1,0.05554154178817943,0.13287550229530284,1.575354610630546,1.5691000821415433,0.2555681710649357,-0.19980294222676917,-0.19963918938269992
35,-0.6064847177235437,1.598093266324513,0.9301860412956284,0.9229760105106954,-0.1999979063875771,0.1395524119519631,-0.1998920911632528
1,0.029069595850197,0.0984412621992467,1.7548452384328064,1.464812044761233,-0.0387072528409575,0.3708003116897653,-0.0264863237087803
3,-0.0662707064057405,0.1043878211238336,2.033191776708165,1.309543913732172,-0.0117712498588252,0.166974262486563,0.0022344256539753
13,-0.2494303270396313,0.8997882684300115,1.6897524512816593,1.9108591258177827,0.1999764592091025,-0.0808593533722677,0.1968814231789001
0,0.0333333333333334,0.3055555555555556,1.5707963267948966,1.5707963267948966,0.31367196508585893,-0.19990491426387783,-0.19990491426387783
44,-0.923045216535587,1.173078987067165,0.7119975463863618,1.0759609714466758,-0.2000000099588483,-0.0312687257076629,-0.185785555452641
0,-0.0999999999999998,0.3055555555555556,1.5707963267948966,1.5707963267948966,0.0265806360712798,-0.1149725398509978,0.0265806360712798
27,-0.3438838711650822,2.0559401384375997,1.2963781274128814,1.3340867623963384,0.0010763444062431,0.3125183007662953,-0.0001026053406909
30,-0.3694859073066401,1.969941294249944,1.508664789143328,1.1772039562882248,-0.1999561223149035,0.0411219632603682,-0.1877338927547811
11,0.05619747794326763,0.6920196012046175,2.3944529304888587,1.6437273525503562,-0.4370265866633153,0.2000000099660865,0.1164262062975693
0,-0.0111111111111109,0.15,1.5707963267948966,1.5707963267948966,0.3758563771522168,-0.19982546476363616,-0.19982546476363616
13,-0.1566645612774106,0.875159906053643,1.8337804713946515,2.047319818433837,0.1998531787095474,-0.1694401821972561,0.1989046885089195
45,-0.994598355370896,0.9420933439071696,1.2008002998302565,1.3723352916632074,-0.2000000099257748,0.349467351362557,-0.2030300256879628
29,-0.3617421009593135,1.9913576843070395,1.5201144026336868,1.199857600273914,-0.0394582985369276,0.0540411336422479,-0.0357507551389097
4,-0.0665163662620798,0.3225624159145167,1.9182934871547104,1.3341750148604758,0.1120866111898629,0.2796339263092849,0.1089232982312967
2,-0.0262490575665858,0.1707147727097555,1.8690336481472096,1.3281909727619374,-0.1962530750129372,0.0750097336192205,-0.1643809393469761
49,-1.078529290357121,0.6411830113738608,1.7512453404870971,1.0541670424759908,0.2000000099621091,0.7060634521174599,0.198672116754266
3,-0.07756585648647368,0.26471598303282384,1.5992255216934321,1.5684188520270381,0.43532670156415293,-0.16971020127562061,-0.1682887913640824
11,-0.1707254306027029,0.6594593008453694,1.816164362698688,2.02187713159357,0.1999897522667922,-0.157219867605182,0.1989845471084782
39,-0.8337917609718389,1.3163439729000506,0.8036231069661346,0.9759240830998618,-0.1999999185864994,0.1094169105566215,-0.19891444423347
35,-0.6223347642895493,1.5993380417125715,0.9160544272291378,0.9015887645762514,-0.199996728022748,0.1308249504367102,-0.1997865628305078
0,-0.0111111111111109,0.15,1.5707963267948966,1.5707963267948966,-0.1998254647636364,0.3758563771520235,-0.1998254647636364
0,0.1000000000000001,0.3055555555555556,1.5707963267948966,1.5707963267948966,-0.3505973243934364,0.17297097277553716,0.17297097277553716
39,-0.8484029308239724,1.2878791061752657,0.9197420263983398,0.9990830165985792,-0.1999998908879428,-0.224907033496773,-0.1975881590177346
37,-0.7147085309792988,1.4753340198006388,0.8651831776014531,0.9126989298214818,-0.199999924202548,0.0556370663478475,-0.2000384563318971
20,-0.3555247239949794,1.7643814610459143,1.1564512561562892,1.6332206320023257,0.1998159259920772,0.2033013815031925,0.1682031502396973
3,-0.0731619443952466,0.030389176418646,2.05671537947238,1.2008955818516285,0.1997317231979869,0.2762528609782835,0.1518041484895587
0,-0.0111111111111109,0.2388888888888888,1.5707963267948966,1.5707963267948966,0.368350673346973,-0.19978521419499629,-0.19978521419499629
7,-0.09950586440347384,0.3201976510401917,1.611119837560926,1.5707157616152059,0.5009173819581838,0.19977560884763668,0.20163592502337405
2,0.055386951132220696,0.15513877437826482,1.5804272229459624,1.5658076590035095,0.502275659094072,-0.16215338693456507,-0.16140177963335045
7,0.0800251361586757,0.3310667301427549,2.2274387503486333,1.391910579590277,0.2000000099588149,-0.3646003663849698,0.1071165991044671
24,-0.375423644720354,1.7837333904023165,1.3079982899175633,1.5301522269677954,0.1999470380707062,-0.0887868995415475,0.1969896180574582
49,-1.0187730974003046,0.7469817168828072,1.605350241739418,1.4520524709875144,-0.2000000099896711,0.9521635491332092,-0.1831152356473477
26,-0.3519959932877464,2.0026975996482537,1.1842503337433028,1.4237930793535831,0.1999721159505698,0.209334478018767,0.189295587468363
11,-0.13366380053214233,0.7792867505169426,2.153973506107309,1.5880957018958106,-0.14490885289797473,0.1999749170568503,0.1610330945113547
39,-0.8304799738898963,1.3852048518714235,0.7895217225735247,0.9208963763953506,-0.1669434282455467,-0.2393823415559363,-0.1623689971636873
17,-0.2167809865807744,1.2313555730482677,1.6906829553834797,1.9673791666763365,0.2000000099493343,0.0916412439760428,0.1898892055014321
6,0.08049445825041762,0.27503157170359244,1.813830996924315,1.5741784849428304,0.4721145444612915,0.19989721100106064,0.20539060250174201
21,-0.3821129328461846,1.5875393621068188,1.4297817720080603,1.5642359514346245,0.0503055897283129,-0.0209674523793909,0.0501326314785584
7,0.0988273522974502,0.3811615914856433,1.860656961678722,1.742315802202134,0.1697865144606892,0.4365840442688734,0.1737535379486472
48,-1.0488923023030496,0.7276779365631688,1.6368075376688025,1.2138096171491457,-0.2000000099653973,0.2711199882475013,-0.1712431235358653
2,-0.0083566244236703,0.124093685005455,1.8605710604630337,1.3004128882775323,-0.1526936397399078,0.2286408460074092,-0.1172094858395545
0,0.0333333333333334,0.2388888888888888,1.5707963267948966,1.5707963267948966,0.30729635204964145,-0.19991953981487004,-0.19991953981487004
24,-0.3682532628016005,1.8161842432935904,1.3056510559030914,1.5204001256465098,0.1999166656817976,-0.0703757730029871,0.1968242833226267
30,-0.3748495961946176,2.022303625477168,1.477839002183116,1.2058505639753214,-0.1999966114887928,0.0208607677254394,-0.1920840396311993
21,-0.3656517769002155,1.5518274642567955,1.4381900658028537,1.658112302880827,0.199724520728051,-0.0829893289020678,0.1967244823140819
17,-0.3449551345145854,1.2454712206247267,1.5942310952494636,1.707051476666055,0.1999905189740661,0.0646889672026544,0.1979908088116332
0,-0.0555555555555554,0.2833333333333333,1.5707963267948966,1.5707963267948966,-0.1999378520259757,0.4261357512846273,-0.1999378520259757
8,-0.0845851244412878,0.4001443936497255,2.1582960937060185,1.7650631686306957,0.1999838058036741,-0.1584030733455753,0.1786504285291615
33,-0.5213661478402088,1.7438680645953486,1.20617566283644,0.921618042449099,-0.1999039494714356,-0.2633770797306314,-0.1992588603186063
3,0.05505871830006883,0.1620103308529422,1.5849596495416503,1.5614967736535257,0.5536940605131002,-0.06818627400459043,-0.06686850006125224
18,-0.2733321087434248,1.3254077147906778,1.713973938951385,1.8332279508946756,0.2000000099437183,-0.2643965648196415,0.2017251094986224
0,0.0777777777777779,0.1722222222222222,1.5707963267948966,1.5707963267948966,-0.1998398960525328,0.0661424112384353,-0.1998398960525328
39,-0.8394670845454626,1.303978493246822,0.8454571950682409,1.0152418515335415,-0.1999999276700007,0.1528503360444109,-0.1997068777323386
10,-0.1201692070648546,0.6309446361910331,1.8648650067689092,2.095189479840429,0.1999586771003968,-0.0960807377684809,0.1968717027918494
24,-0.3661091950971775,1.8181527082125344,1.3020530600615592,1.5406199077947955,0.1999175584978224,-0.0804156884682306,0.196155727296289
11,-0.2002918926358824,0.6725132763129341,1.7568780239670685,1.986331220025536,0.1999854996809555,-0.1176670349230494,0.1974203402848701
3,-0.03919664036194771,0.1943157388708778,1.8763940607583978,1.4014494047113886,0.24782531032550428,-0.19862513747446117,-0.16530813168036168
8,0.081054393243873,0.4591447215052854,2.345903766604425,1.7064975038311387,0.199975872299062,-0.050916896070928,0.1574323690015507
23,-0.3775862109240596,1.776132568927716,1.3378067167835082,1.5306689781976492,0.1996302033787321,-0.2011334202996015,0.199784091038628
6,-0.09991208534142905,0.3429494403238105,1.8280234155053474,1.6201814399868792,0.34752369340588674,0.050204530687279265,0.05629516356796371
19,-0.3443568273955219,1.4472421854756148,1.5365512192049318,1.7239171202719803,0.1998542631110222,-0.210697575480999,0.2002811702264629
49,-1.0912815499163944,0.6286994187590741,1.7799467655109142,0.9593574836844992,0.200000009967336,0.6442923704485628,0.1834911160529935
11,-0.2284058826473382,0.6526937716274487,1.7300182196128049,1.9293136650723617,0.1999888972505331,-0.0974708388230909,0.1979600942961226
1,0.07775772119982083,0.2190277032059807,1.5653143907573561,1.5723321849776335,0.09558981208367963,-0.19986469678318555,-0.1999268576040603
24,-0.371707502255999,1.8754905664661103,1.2372400066337073,1.489403167179061,0.1998998323281599,-0.059687142179018,0.1950671862531193
0,-0.0333333333333332,0.3277777777777778,1.5707963267948966,1.5707963267948966,0.1992797627005066,-0.2246322642690008,0.1992797627005066
9,-0.11244879841183902,0.47199082410088655,1.6687795408677797,1.6542196862839773,0.4388530855278475,0.1999899581579771,0.20060770179583096
22,-0.3693415441323825,1.6173204415082778,1.4492938410106255,1.6004839840550948,0.1999103447090651,-0.1602888091205505,0.2000440592199113
42,-0.9212730648609542,1.209855445964252,0.8439975599155081,1.1307577506332769,-0.2000000095361634,-0.0524211347466922,-0.1903503523641141
31,-0.4145867783999146,1.9056070799115077,1.4941864762247734,1.0995352719650238,-0.1999860809592805,-0.0841920061807059,-0.1878503631298434
28,-0.3308116616629014,2.060523550654792,1.513961531977014,1.272238365885507,-0.199996190301879,-0.0095750076308487,-0.1944108901817691
13,-0.0885588417579704,0.9226681747277408,1.97932373048899,2.083811631274491,0.1999329006971548,-0.2878265861615173,0.2018444576190851
15,-0.2109733561749085,1.0005928002894817,1.7574753938639986,1.9653850767911396,-0.214708614005353,0.2000000099931783,0.20012482372881424
27,-0.3362037774114376,2.0940942465449,1.395396360801437,1.3076927343428677,-0.1999505123224901,0.0857081598027143,-0.198431274485926
24,-0.3796818889949906,1.763737586911363,1.296793112843833,1.5214359662764985,0.1999820015991447,-0.0445330429108916,0.1959492092094606
32,-0.4548969090968545,1.8419309080739803,1.4583326965514836,0.9676660392833716,-0.1994299980352848,-0.3236495288210059,-0.1911518495794146
23,-0.37093774265922835,1.7018503457002196,1.4091591341818201,1.6365319406277754,-0.17209093131521794,0.19830218038425512,0.19707752586045493
9,-0.0325821130785385,0.4968894331024707,2.14821402483192,2.0241358527863698,0.1999792407033312,-0.2603741924201462,0.1952194429800444
8,0.0962868482576873,0.5321635141195359,1.7573841148847613,1.6253635847184422,0.3720030365883835,0.019689291782976737,0.024414904053999917
35,-0.6078314010949832,1.6281585068723596,0.8943691464449076,0.9408214857025552,-0.199999990956593,0.1497280417085456,-0.2004795194537151
10,-0.0789227705154052,0.5848729816298034,2.018026928621846,2.0766652389203664,0.1999633838232735,-0.3149357647524268,0.2014653721029206
11,-0.2096564007986384,0.6814314283440812,1.7397763801596438,1.9734590240619805,0.1999549098000746,-0.0922650651093157,0.196656687186091
29,-0.362228762013206,1.9902368850580745,1.521088396190699,1.1924562889058754,-0.0309392435823433,-0.0312528631674414,-0.0302922030380132
29,-0.3666518025155648,2.006044072702942,1.4668646723194665,1.2187965287501985,-0.0028266976635042,0.0413635979148972,-0.0017245609366003
46,-1.0134402292228166,0.8510907318809613,1.1382165955248746,1.3247042795054171,-0.2000000099494328,0.2518045293508098,-0.2012009847469301
8,0.0609413308238228,0.4518071069636813,2.3914642664349866,1.6891663667534995,0.1999759839976118,-0.121574264624872,0.144800255968785
34,-0.5596395604066472,1.6541398849074116,1.078605730261689,0.9038047268501564,-0.1107699558292092,-0.2627488535708807,-0.1136514734079199
0,-0.0111111111111109,0.2166666666666666,1.5707963267948966,1.5707963267948966,0.3687586470214103,-0.19981951277973756,-0.19981951277973756
33,-0.5120678743365967,1.7447513342466998,1.123831160868631,0.9228285253148316,-0.1999969838646628,-0.0611125494749924,-0.197190546594602
11,-0.2016940540539279,0.6650090816886579,1.795613855353837,1.940223017152436,0.1999871071418857,-0.1464203370557786,0.2000097026575953
31,-0.4151248631285066,1.87252503388578,1.51966464249153,1.0029970561043986,-0.1999044262053802,-0.3893374089122076,-0.1930436366613059
14,-0.2764540327047232,0.9915388574520888,1.6721173500721611,1.8551048012847848,0.1999728862081716,-0.1034272189657374,0.1985162750690092
22,-0.3569165339308999,1.6587217492146626,1.4666161482427071,1.6744820100166475,0.1196120959289062,-0.1611311192096057,0.1203625723749208
0,-0.0555555555555554,0.2833333333333333,1.5707963267948966,1.5707963267948966,0.4261357513229632,-0.19993785202596379,-0.19993785202596379
38,-0.797414959443228,1.3974433185494992,0.7933135872815952,0.9097666857973848,-0.1999999879988574,-0.0316211759816082,-0.1982779808950802
1,-0.0558084217025387,0.24793227959132996,1.5845686519842923,1.563529553638433,0.3170887680416126,-0.19984052079162692,-0.1991292163913088
14,-0.2353242145490022,1.1255184188960272,1.7005483167176076,1.9109760220184475,0.1999733509206865,0.0151350489805437,0.1952461337649045
25,-0.3659446908573601,1.8716454844903128,1.1953455763881498,1.4338750069170096,0.1999845227675618,0.1253039133071856,0.1913616524596747
7,0.0601039290774353,0.3734086491564786,2.3300123476494647,1.7064712847201613,0.1630580416360108,-0.0258252352753599,0.1308651365797036
14,-0.18633128539801352,0.9836720117822009,1.8377490028010524,1.8246654389462784,0.04253647576108766,0.19997510143514644,0.20001363712796968
1,0.0067793877752915,0.0985512106021395,1.7581434509774043,1.4629398121626658,-0.1999571214811147,0.3732862103146646,-0.1804473689494984
35,-0.6440698764166353,1.598045774397398,0.9885751468391332,0.8345721228244207,0.1695573524324487,-0.1677976896797856,0.1649767005500515
1,-0.0331811789293059,0.2847870140785057,1.6137238750841956,1.558684431170011,0.41962325345193385,-0.15367204841203497,-0.15113092755115476
8,0.0566618786207536,0.4495961921319815,2.2837282683268363,1.921466248734537,0.1999726863360215,-0.1205982887099843,0.1827200878732928
0,-0.0999999999999998,0.1944444444444444,1.5707963267948966,1.5707963267948966,-0.4421779977812528,0.19962432587690984,0.19962432587690984
0,-0.0777777777777776,0.3277777777777778,1.5707963267948966,1.5707963267948966,-0.1784475002654385,0.1018413723860011,-0.1784475002654385
7,-0.022255409919216713,0.30645848457100167,2.0577737089251507,1.2783297704329701,-0.1624503627138306,0.20000000996128656,0.13084252996932166
13,-0.2399292436521485,0.960637816576824,1.7318723932891715,1.9017588957768772,0.1999455928751569,-0.1237924416576483,0.1991601334239592
0,0.0777777777777779,0.1944444444444444,1.5707963267948966,1.5707963267948966,-0.22411229162877597,0.17241837809627755,0.17241837809627755
10,0.0082557681059782,0.6151616121827789,2.243437856183101,2.019957213285588,0.1999825004386938,-0.2494961105177229,0.1894798689594417
35,-0.6458656832253431,1.5967609578905613,1.0000683379851951,0.8714337290327442,-0.1999867461532073,-0.1797237315418166,-0.200639948560721
20,-0.313928421394989,1.5701030789133352,1.4612297298379708,1.7557297805932748,0.1998657300636531,0.0174618966414332,0.1907541347543489
34,-0.5142838067834199,1.735814377527794,1.1061715824397351,0.9033231104498703,-0.1999999154074601,-0.302400761459603,-0.2019914290418204
26,-0.3636745652546132,1.9903986608757105,1.1576439400857204,1.451323198771851,0.1999388948325929,0.0720781915437459,0.1892920809995869
10,0.0502876822714732,0.5896284351367109,2.003518567187906,1.8773967277229455,0.200000009952043,0.1570632536426446,0.2003871086371716
11,0.04076172737132827,0.7462063357382972,2.192901342488396,1.864365960019259,0.04256776348950989,0.199979925117236,0.1906576634339209
1,0.0555621207760695,0.29792128044513155,1.573681359240089,1.5699266766092714,0.23371844535043815,-0.1999508972497556,-0.1998617341808231
15,-0.172861115583312,1.0459918020731642,1.7763778702982589,2.004632537282173,0.2000000099936141,0.0366858258278682,0.1939824526233636
22,-0.3762318896040542,1.7546802368524033,1.303408566519673,1.5392049446235478,0.1998868496230766,0.0025295743286244,0.1942966057750159
0,0.0777777777777779,0.1722222222222222,1.5707963267948966,1.5707963267948966,0.06614241123843782,-0.19983989605253327,-0.19983989605253327
19,-0.3525792279007573,1.500840186834556,1.5263943965899656,1.6946489895434265,0.1995317108654853,-0.2105933481597364,0.2002406703715888
2,-0.056383468094266545,0.39868026260592015,1.4875836399669886,1.5784966150033273,0.47414220329368206,-0.034557684464288065,-0.038719602603625274
9,0.0640585798162444,0.5611586692464222,2.0972516006788373,1.830777863699412,0.1999813125593592,0.157396070944167,0.1970677964603608
3,-0.0767337263803421,0.44081151823333153,1.715576701858316,1.5417180069706178,0.3234174440268684,-0.19990157107421963,-0.19129336733680932
34,-0.5710493965527147,1.6797639193313434,1.0198706326074394,0.885341060810839,-0.1999853697905699,-0.0571750931206699,-0.1989452653747617
19,-0.351917303958155,1.6153683406337709,1.5443376327360476,1.678588949318404,0.0540554842289789,0.0081915845806874,0.0534594401481312
0,-0.0333333333333332,0.2388888888888888,1.5707963267948966,1.5707963267948966,0.12524897720683725,-0.06524887598343333,-0.06524887598343333
44,-0.9564222930823784,1.0394671564004567,1.0479330197133834,1.203811416984211,-0.2000000099481929,-0.0852267226005628,-0.1962519913171148
3,-0.0643560061950257,0.1782419239376028,1.9353069135637364,1.3545602671003547,-0.1695555637383043,0.1270957753796143,-0.1347843894190751
25,-0.3651399890120285,1.904065406058315,1.2733886867874054,1.4299392801654165,0.1999262213388441,-0.092861233320937,0.1989291333437487
4,0.07762270428735032,0.2608577509228144,1.6334503023331237,1.5466317869122719,0.5536770839740908,-0.005184827972879438,-0.0003643942047474938
1,-0.03334102210150598,0.2878962001015528,1.5696059661593775,1.5710702572170887,0.43710345928648836,-0.012210060164800793,-0.01227405172051345
1,0.05559585384813755,0.3450924076495031,1.5752156237748007,1.5700761172344133,0.2744858109618243,-0.19994732115062358,-0.1998036088584221
8,0.0760749860273846,0.3954289689499363,2.049579825603317,1.7998097240819098,0.200000009945696,-0.1719118312950508,0.1895445271203851
27,-0.3399285523655675,2.101047116255193,1.2303958706852494,1.3511365921877605,-0.0003858497140277,0.2953305721795315,-0.0039402255580827
37,-0.6535974111357581,1.5884965989268602,0.972199123884058,0.8332472631942546,-0.1324303019605591,-0.259879228253437,-0.1347533619374366
49,-1.0928159819502377,0.6044825045427471,1.773549027222671,0.9923490432583876,0.2000000099724435,0.6812435054531376,0.1899823625776277
2,-0.05641430682601176,0.44699018826732645,1.4677501106013962,1.5683603449552672,0.4959125718675839,-0.0906746916722466,-0.09519712985769409
33,-0.5196425217913697,1.7217705413034403,1.0843306857602275,0.9418525318174688,-0.1999831752080391,0.0091513830353495,-0.1978268285050793
9,0.0617332373091219,0.5414437466514257,2.3204453185689617,1.883044291808179,0.1999844133187549,-0.0946681801167255,0.177146985747009
12,-0.1601959111794471,0.7690933214176721,1.8352559529911865,2.030796561704328,0.1999797911737344,-0.1832574990573587,0.1997293670001843
32,-0.4710582518561207,1.7921376192340357,1.2461259224421233,0.9326072507403296,-0.1999639174301374,-0.3925225402399103,-0.2023222283954798
0,0.0777777777777779,0.15,1.5707963267948966,1.5707963267948966,-0.2758509773530975,0.19960564908216105,0.19960564908216105
24,-0.3675574298769095,1.85709126577446,1.253967278515432,1.473184103193406,0.1999714401791455,-0.0152123493893344,0.1955165518343165
3,0.05737161122735674,0.30033665606670645,1.7367112534728388,1.5524672448745753,0.3209684578592996,-0.198746262263552,-0.1895022371348182
22,-0.3572817104017784,1.7056009348023642,1.5322125520285144,1.644729318022569,0.0687295976410357,-0.2015476125628922,0.0705579639307593
0,0.0777777777777779,0.3055555555555556,1.5707963267948966,1.5707963267948966,-0.40440035075431313,0.19805807792827212,0.19805807792827212
47,-1.0203919809273627,0.8192773067107855,1.6161983406316054,1.3403071980129384,-0.2000000099750864,0.0635864254567276,-0.1907044525291443
1,-0.05539879238412115,0.3333378707249463,1.6092564846065383,1.5602770527712744,0.3830243242017123,-0.17803240072059784,-0.1759436135295744
48,-1.0612307392612452,0.6802791666286326,1.644295543884811,1.1840435237642666,-0.2000000099625678,0.2598785874275957,-0.1676449969794988
11,-0.2013924365746549,0.645834225654262,1.7974441486657688,1.937573598068975,0.199989176099405,-0.1500596031234857,0.2001247689544544
49,-1.1040437721801677,0.5984265688877524,1.8025153599313997,0.8877011947169616,0.2000000099751354,0.6059060091759734,0.1700025526335856
39,-0.8686540785611219,1.327952381277122,0.6534458333199579,0.9837500004686784,0.1806909768135411,0.3222838080948697,0.1604708422506894
34,-0.5847612412964095,1.6845175628015625,1.1162944091869331,0.8500210016455982,-0.1828193729162027,-0.3634365112273734,-0.1859398854572493
21,-0.3785868926063896,1.5309825377806665,1.4828976025803708,1.6280132719763307,0.0613530670790979,-0.0649140621620768,0.0616468984242308
19,-0.3273204830787746,1.4495531730833668,1.5508458148279107,1.7584805654229063,0.1998984485788215,-0.0965366625112085,0.1975949424020516
5,0.09817877461397537,0.38745868559604085,1.7504865675765835,1.620143087648783,0.3773838650397796,-0.12363669357756375,-0.11768288555784698
15,-0.3168755829710285,1.0132590687407783,1.6351447289744618,1.7658387864983685,0.1999832817567848,-0.0804055061283249,0.19932562375248
7,0.0430361676128091,0.4794818130846303,2.3305236679730763,1.837606414419991,0.1999223917286997,-0.1350127663379567,0.1697340893665181
19,-0.3638176193904999,1.4463187363296055,1.5525679578557885,1.6740303941018482,0.1996607488572263,-0.2331546600912182,0.2010147439232249
49,-1.0991447066042783,0.5944317232393386,1.7162007163741082,1.0651736646688508,0.2000000099654366,0.7833255655378121,0.2065621916820734
42,-0.977815751822793,1.0556891178817862,1.0219565497168557,1.3490788299663086,-0.1999999885640416,0.2285319019002545,-0.1967373450136242
30,-0.3662251776321049,1.961701793048235,1.549962492496781,1.1409573687360748,-0.1999866894700094,-0.0950912387023831,-0.1872729217988345
37,-0.7440865084974883,1.474745353355958,0.9352199564271714,0.8302442440603329,0.1999997442863668,-0.1505543184754879,0.1973212137486714
28,-0.3438340962216999,2.0669586166049023,1.4249386991441844,1.277760717888086,-0.1304903956089669,0.1078913491217535,-0.1274974487952376
26,-0.3215585191545364,1.9631126521212978,1.2242267989857938,1.706837730837133,-0.30599841506192665,-0.05843083328222472,-0.03755604034626624
5,-0.10167449653900994,0.4044822243374291,1.6523010166021104,1.6112543224459654,0.3929337615599839,-0.04509753806385085,-0.04344714219896585
1,-0.03320137868027976,0.3466418907652966,1.6164374882963042,1.557452601485469,0.37276672191484284,-0.16934705338998227,-0.1668550557137514
48,-1.0535517606338054,0.727597538872803,1.3296272946198018,1.390257660631623,-0.2000000099703184,0.5670732491552012,-0.2030685981873825
6,0.0143994701133656,0.2283545854077157,2.295449330355068,1.5783487282761015,0.1999703223076988,-0.0160959912318674,0.1496626765373017
27,-0.3268713929989261,2.12688756904667,1.2964643699430796,1.3353264646841378,-0.1342889342989749,0.2766817178794931,-0.1352625137800533
0,0.0333333333333334,0.2611111111111111,1.5707963267948966,1.5707963267948966,0.37262003338215405,-0.19994217494671665,-0.19994217494671665
32,-0.4629841730914664,1.8609401413746636,1.399139118868315,1.0118850059766915,-0.1998760220930262,-0.2734156018684803,-0.1954005740330616
33,-0.5141136120226732,1.7517497196844471,1.1918206922695749,0.8964325127473203,-0.1999890873435175,-0.3022471872463369,-0.2001261574980522
28,-0.3445235760777322,2.083320777840145,1.4051746503723823,1.2863611768505605,-0.176729087180755,0.0664398594723136,-0.1746956042543462
0,0.1000000000000001,0.15,1.5707963267948966,1.5707963267948966,-0.24891133445678396,0.19991749938291045,0.19991749938291045
18,-0.3371847223722169,1.325005867541032,1.6102364976636656,1.7245596686548368,0.1999171847861636,-0.1838220520162451,0.2007091067774314
23,-0.3537842203497855,1.844416875896452,1.3899053434071968,1.3744975232394367,0.1268178659556293,-0.0784084983326009,0.1266820072900945
41,-0.932096630782259,1.14799108756952,0.7204669085547903,1.144951526422868,-0.1999999383180923,0.3315535326751974,-0.1959052385630859
26,-0.3708582932430473,1.9341058435770864,1.214523317085222,1.4259325226073576,0.1999762762226445,0.0295643178404213,0.1949036690249038
14,-0.2797423852869413,0.9387309941692584,1.6598248153151447,1.849695592350231,0.1999799163176647,-0.0529005672046092,0.1973844065771026
0,0.1000000000000001,0.2388888888888888,1.5707963267948966,1.5707963267948966,0.037091147065255986,-0.19979443148239204,-0.19979443148239204
39,-0.8476518803220814,1.311830231847913,0.7324604002318823,0.9880092943794644,-0.1999998800487593,-0.0687236589501094,-0.1917676500203807
49,-1.1056772314498924,0.6066885005444478,1.8246557717549767,0.8664313772857883,0.2000000099686719,0.5592425947434818,0.1607503936230982
0,0.0555555555555556,0.35,1.5707963267948966,1.5707963267948966,-0.2895187719702583,0.17553538498320548,0.17553538498320548
7,-0.10062564720633603,0.44743410967938946,1.6929572546905476,1.5928252146441608,0.3902819983440123,0.1999738413664182,0.20287361335616882
15,-0.1953805319185908,1.0888703740201808,2.25707132502604,1.0973760799479195,-0.49728699141520066,0.20000000994478748,0.034338414363387956
6,0.08138357680845891,0.14755645961275946,2.1165081648591775,1.6290526566156875,-0.311538764515007,0.20000000999353434,0.16211367959964926
1,-0.0598276515252608,0.0762840808756564,1.755386857593435,1.464528863321748,0.0146935051413274,0.3628458961380282,0.024481838479954
12,-0.1801372116789,0.9109132575260952,1.7238623629817384,2.042876590818382,0.1999683565875969,0.0413277096142354,0.1885827989520943
34,-0.5918460595521413,1.634358188584792,1.0558041135307623,0.8707576028116675,-0.0274535280762299,-0.2647586443933383,-0.0318561869258732
30,-0.3703566543816571,1.9804210812321428,1.5396442405258597,1.1660328361936083,-0.1999700428447058,-0.051964278712954,-0.1880717678954636
34,-0.5426777752675377,1.718362364333874,1.0420852056540388,0.9115489192344212,-0.1999999078391062,-0.2111404640182592,-0.2010466831817222
5,-0.1002948321836068,0.1611588024250359,2.053093671293604,1.1825246041237758,0.1999026748342416,0.2236011050136893,0.1459142639189646
4,0.0441722780488806,0.2651309231745793,1.9504785261307696,1.322899849935298,0.0877672364081391,0.3057099977940771,0.0889942136746855
0,0.0555555555555556,0.35,1.5707963267948966,1.5707963267948966,-0.2895187719702583,0.17553538498320548,0.17553538498320548
1,-0.07773530286351414,0.37141930984568594,1.5839198073979954,1.567031798021924,-0.2294601192766349,0.010561507296926882,0.010172507191345997
5,0.1087930319910463,0.1067636513826988,1.872594192953235,1.5571721213873704,0.2000000099511117,0.3044974893826072,0.1995791678959898
24,-0.3738916844791972,1.8439171599184387,1.3311392532348183,1.5261587545596256,0.1999237835658672,-0.1778575926168411,0.1995806316801931
0,-0.0111111111111109,0.2388888888888888,1.5707963267948966,1.5707963267948966,0.368350673346973,-0.19978521419499629,-0.19978521419499629
27,-0.26694374905882634,2.1269388361076924,1.2951741070747458,1.4916234533446675,0.17799380135012977,0.20000000997732897,0.19267894154968856
17,-0.2293045853141663,1.2872352172521102,1.7267802110586477,1.9412853724515715,0.1999777279286128,-0.145702042442335,0.1984960791132935
36,-0.6779554669724209,1.5491127861121952,0.9551286707609532,0.8572680295070284,-0.1996620747434474,-0.0398174286675642,-0.1990958193518862
34,-0.5704355035467662,1.658107910935011,1.1028589989737507,0.8738391649423682,-0.0453812029811566,-0.3201743295401997,-0.0514649673610574
49,-1.0912022850802798,0.6031855162794544,1.7599454433124135,1.018899878845411,0.2000000099702913,0.7019033397188159,0.1949352990459709
14,-0.2914476438459798,0.9434567024775942,1.651433974214287,1.8181909096185649,0.1999758589397678,-0.0447812251374192,0.1979451461174181
1,0.0777916220341065,0.2438490971877489,1.5878966013577323,1.5652834576870638,0.05028423912236155,-0.1999518546160144,-0.19978703489575922
31,-0.4004023931579852,1.8674704580911496,1.3791616698904083,0.9978105272620784,-0.1999979763255986,-0.3319996303612335,-0.1979868385718119
48,-1.0031538982215462,0.8263996665578245,1.2107401785205878,1.52463074494547,-0.1993884137022194,0.728434891292499,-0.2121374592648254
2,0.055669699271136075,0.31453962157339505,1.601417594650064,1.5622694662388683,0.5160363483706945,-0.19955690308453258,-0.197384334809495
2,-0.07715729935490936,0.42161227786209776,1.6457080105927329,1.5567131530701355,0.37237270914695597,-0.03277763962798884,-0.02933837151138272
49,-1.0831226077465228,0.6559801532886197,1.7744996518703098,0.9852410238177172,0.2000000099676417,0.6351089095676388,0.1859563747913797
12,-0.2345641314125527,0.8999180006627714,1.7068522599765243,1.911433516093735,0.1999606500201122,-0.0026016084677473,0.1958435523959494
38,-0.6961509039035851,1.5386806678193787,0.8482200779695241,0.8645559459196185,-0.2000000099602021,0.0078457959143374,-0.1999861407127147
13,-0.1178648769379956,0.8798732368530574,1.883181547602882,2.068916701240797,0.1999948651601778,-0.092270208223061,0.1982590502540651
0,-0.0333333333333332,0.2166666666666666,1.5707963267948966,1.5707963267948966,0.02282237895228195,0.09399769253898718,0.09399769253898718
0,0.1000000000000001,0.1722222222222222,1.5707963267948966,1.5707963267948966,-0.34015337082150215,0.19977933404653134,0.19977933404653134
35,-0.5857960334729968,1.6390023147244857,0.9427718342036512,0.9169706233274206,-0.1999999193047838,0.0910447760069875,-0.1996984722919077
23,-0.2996169508320466,1.6679568425727878,1.4056548835607243,1.6962528188522257,-0.38531295567805596,0.19999987691584142,0.20265461166150503
7,0.0240947900440685,0.3053242402311394,2.2989649732626107,1.795516030914265,0.1999795913155009,-0.1126320370203535,0.1697329644579554
9,0.08569149944824107,0.5826501818159695,1.9101434895813698,1.7050957967254203,0.20877634146796528,0.19988801972496725,0.1999515960590318
46,-1.0492892890582854,0.6970995658931823,1.411368397947503,1.344587292534929,0.2000000097862806,0.4196543588497045,0.2023546194823115
2,-0.0807444968830125,0.1960366160705802,1.6942429018699563,1.4992586717493546,-0.1998261274489729,0.2815735184313064,-0.190584050351039
6,0.05549098108864258,0.2509662260974874,1.9438085911172944,1.4474365842330092,0.35267480016637676,0.1999242692903025,0.19259236851976777
13,-0.15447368394535255,0.82986460903386,2.2036156290371793,1.4248967475800247,-0.2801454428354912,0.20000000997493575,0.12268627321581921
24,-0.3675902377478334,1.816760570012747,1.3006976643456571,1.5892085155601996,0.1999153570329727,-0.1100292677290697,0.1947831901876431
11,-0.138318117337476,0.750601040855929,1.873193052458052,2.050754961606241,0.1999080827497096,-0.2338221915542813,0.2008949890591354
36,-0.6778643162341832,1.5458482810572958,0.9272934970523354,0.9350505208408814,-0.199999919647792,-0.1182183876865076,-0.1999022011736627
4,-0.10095071450161516,0.4470325642056642,1.6339101197290624,1.5877423235161896,0.47885785759680766,0.19987027308916674,0.20186729854982421
1,0.05553848256653072,0.23179654157088947,1.567527704932962,1.571625475762372,0.26165171530663967,-0.1999538082285462,-0.2000593480227182
5,0.0112857176000143,0.251512566010072,2.3151076932661145,1.7222684153510175,0.1995783758242676,-0.0744247092791581,0.1613636135914369
15,-0.3034787502075946,1.02567547836649,1.6412420431256116,1.7993152937416268,0.1999775217241139,-0.0744159608901779,0.1986557099648482
17,-0.3202656652414119,1.2270383167088623,1.626680462104803,1.760127077830766,0.1999638957411021,-0.0328879288822753,0.198623634799932
34,-0.5699827076832997,1.67853218470975,1.0858328111249445,0.8639851945565166,-0.133626231582174,-0.139421136747233,-0.1334191131042934
12,-0.2367237318316181,0.7232365290634919,1.7079724616428118,1.911197916646384,0.1999877737088016,-0.0359679093403935,0.1965981000384075
23,-0.3515435141798692,1.7961943230957955,1.416397798982539,1.5828041518182037,0.1998379409807127,-0.1706784845621864,0.1999045647684894
0,0.0555555555555556,0.3055555555555556,1.5707963267948966,1.5707963267948966,-0.278692405886877,0.10935537486193186,0.10935537486193186
4,-0.0657984968326736,0.1060299088859023,2.116678907951446,1.27599414458635,0.0850780994337116,0.0660983755200333,0.0616680636201612
31,-0.39444118301041625,1.8289688062236864,1.3492547591135517,1.5926134770015279,0.27484465872744684,0.20000000995592104,0.18748407454921798
27,-0.3401417187021064,2.056607203839471,1.273356951883743,1.3531704205983772,0.0314832548396986,0.372231091643226,0.0284152786482273
0,0.1000000000000001,0.2833333333333333,1.5707963267948966,1.5707963267948966,-0.3828280666889024,0.12651627597840148,0.12651627597840148
32,-0.4532988928755854,1.8351980140997903,1.430028436349045,0.9633895938964484,-0.1999820785137371,-0.3224832523335361,-0.1931091921449945
2,-0.0008793727557354,0.2110994321187483,1.8646686358367228,1.3548074374920045,-0.1996073220198866,0.0543155444842851,-0.1715688143531032
14,-0.2840169501255529,0.949097307988136,1.6580403143024278,1.8372616593046684,0.1999888726104426,-0.0504135424946052,0.1976842993715922
48,-1.0481805046145587,0.7237921959415908,1.6489985604957391,1.2175485350916666,-0.2000000099653534,0.2589289654275369,-0.1708439646182851
37,-0.7356537230949327,1.464853166908915,0.8681843032090817,0.972491801083246,-0.1999999106585859,0.0930654859243138,-0.1998818753041915
0,0.1000000000000001,0.2611111111111111,1.5707963267948966,1.5707963267948966,-0.21350118027676815,0.14798275135700062,0.14798275135700062
22,-0.3711460210707704,1.790161945826892,1.4073173096418348,1.520463574291509,0.114235478080492,-0.0311320656819326,0.1138565287349335
15,-0.3217186387760087,1.059208047085228,1.6268037733744918,1.7583131450264726,0.1999876879420555,-0.0655264290046489,0.1991200660858029
6,-0.0123223217245497,0.2255149878945703,2.171023759323526,1.440099167728612,0.1999696067354778,0.1492449398390457,0.1588518411464831
3,-0.07729110520058119,0.2965294680212007,1.6114935698595385,1.5674459229550493,0.5089602150139773,-0.028414837755767256,-0.026146151929918107
37,-0.7119149242528977,1.5016327942176977,0.8881732449551754,0.9137706541331572,-0.1999999232180404,-0.0349026676569148,-0.199845072054813
11,-0.1354827645295808,0.6872366311755669,1.970969585397949,1.9224243609104368,0.1999756653376548,-0.2780227699103281,0.1983909386745525
4,-0.0156916277911764,0.0775188566730914,2.185773724019697,1.3124220778616422,0.1999823638972836,0.202491615794801,0.1439616032639737
33,-0.5141246403835309,1.7677531269899065,1.2492465848925434,0.9097417107357744,-0.1999940872050652,-0.2936672257430036,-0.1983580721714408
38,-0.7922113039880622,1.4429162654449903,0.7729587808384464,0.8911198103730601,-0.1999998915636887,-0.1561801308945689,-0.1967641640054287
6,-0.0160920060636802,0.2296301775239506,2.291720261324369,1.7922174534877344,0.1999844526735449,-0.1684711581188323,0.1674809305199237
31,-0.3899380018385758,2.0046206374677054,1.56590459896241,1.1120623386310504,-0.39363337087841177,-0.19999993044369546,-0.19701153490299322
40,-0.82806125549427,1.3883944100208625,0.7242283244780876,0.9513376012159082,0.200000009835504,0.2644265082184316,0.1889103992851823
12,-0.0758408427788822,0.7940094914008441,2.002088064438415,2.101399091866415,0.1999804668138516,-0.30303652165847,0.2019996477159943
9,0.030310819699755288,0.542312821493455,2.307371045053646,1.9233662486053604,-0.183243326854427,0.19997776071320517,0.17854876099401498
7,0.10102740055205,0.3159888797434105,1.6851958372306566,1.5782887824859195,0.5327370715707769,0.20000000995827685,0.2045426787398082
0,0.0777777777777779,0.3277777777777778,1.5707963267948966,1.5707963267948966,0.1640131168653556,-0.3736574047325096,0.1640131168653556
3,0.07836005588041028,0.2869395714401552,1.6491904529419283,1.5541451822024612,0.45912561000924534,-0.09958495866214853,-0.09477828699859281
26,-0.3178581087556886,2.1505256798733576,1.1759961141976056,1.3889563925005506,0.0449227302949413,0.3720087499898087,0.0360453426073923
28,-0.334222911151872,2.0872217901442367,1.4267150481736142,1.2956308989594598,-0.1998812826825963,0.0646907198974227,-0.197320888471629
13,-0.2787272861643307,0.8453108332215054,1.662133973685067,1.8473708112854683,0.1999762641755743,-0.0551270547244422,0.1975705281247641
38,-0.7708920591099832,1.4471253036628686,0.8869304831888448,0.8301788331377623,-0.2000000093667516,-0.3023002250688697,-0.2013927036925697
46,-1.0498865856125612,0.697054309933338,1.3715249546125907,1.3584739910571817,0.2000000098136684,0.5037392083546458,0.2006403868317135
10,-0.0816662424295414,0.57563223179893,2.0655014364322937,2.0084235991994266,0.1999640954217668,-0.3598555253480904,0.1975855919570846
0,-0.0111111111111109,0.2611111111111111,1.5707963267948966,1.5707963267948966,0.39046927336936577,-0.19978799360956215,-0.19978799360956215
0,-0.0555555555555554,0.1944444444444444,1.5707963267948966,1.5707963267948966,-0.09382804398824439,0.1331731943034651,0.1331731943034651
3,0.07571559405098653,0.3491050908428942,1.3877537025337148,1.58515421386102,0.6672262117947985,-0.19922805075574498,-0.20844468971267877
40,-0.8956982513284042,1.2865072176931394,0.6525847898030981,1.1159356271264196,-0.1999998965443498,0.1994953777906678,-0.1878282905480813
23,-0.3784892486297468,1.6807707996552093,1.3375232625585665,1.5556693840567195,0.1999645231758844,-0.1005002624763198,0.1974004598440519
3,0.0378395879301969,0.4628998477547706,1.9889026395110925,1.5220689670672898,-0.1997602836965673,0.068995893139941,-0.1752802582176263
0,-0.0333333333333332,0.3277777777777778,1.5707963267948966,1.5707963267948966,-0.22463226426900082,0.19927976270050665,0.19927976270050665
22,-0.375811077826699,1.6508766720604882,1.4119091443597416,1.5578798930745312,0.1996015731934306,-0.1562048336051683,0.1997508901221447
2,-0.07817953040694159,0.2435684470475052,1.5706754889982841,1.5628436882121868,0.28951651895881736,-0.041519171866849815,-0.041291157288367776
43,-0.95718951915586,1.0957780292809018,0.994716157308604,1.2023094466367603,-0.20000000456994,-0.0846610133899673,-0.19396105163367
0,-0.0777777777777776,0.2166666666666666,1.5707963267948966,1.5707963267948966,-0.15248996489396008,0.19994027393048325,0.19994027393048325
5,0.042153333957682,0.2057950793099729,2.294677525339256,1.5434836857224905,0.1999367312234057,0.0351234461765856,0.1485258911409208
19,-0.3609375256257959,1.4679999169283962,1.473335474287727,1.6923097306746049,0.1998060478555849,-0.1495763881252282,0.1982840612499047
31,-0.4215811430259113,1.8819361062372,1.5311283757099945,1.0144506466144567,-0.199888424500793,-0.3699311170623437,-0.1920704057850251
11,0.0190402395055797,0.6846264753580339,2.082050194009228,1.9027236028769248,0.2000000099588241,-0.1350066277687304,0.1943847429910624
48,-1.0687595578076374,0.665620364540672,1.5474002056599598,1.1710683954740184,-0.2000000099600048,0.6060468824680547,-0.1637308898639749
38,-0.7032304333971653,1.5414304053924734,0.8304848592213618,0.8597689293393579,-0.200000009803369,-0.0080451172831028,-0.1998907042403301
0,0.0111111111111112,0.2166666666666666,1.5707963267948966,1.5707963267948966,0.40713233358740925,-0.1998444228098391,-0.1998444228098391
41,-0.9383847854767664,1.1723085299062717,0.7692406305122552,1.2572920157205645,-0.0842007431863321,0.4829325290524099,-0.0970151392462188
9,0.0644326979752152,0.5526949319126719,2.186679995287836,1.883079270863888,0.1999795867083704,0.0132685848757503,0.191230437799995
40,-0.8886211895114603,1.2274149799536562,0.8954968935292205,1.0264841104235345,-0.1449439845464058,-0.2189708326179247,-0.1408422692784969
0,-0.0777777777777776,0.2388888888888888,1.5707963267948966,1.5707963267948966,-0.2955083058288543,0.19990706399673244,0.19990706399673244
10,0.04118006793834945,0.6718238508373413,2.229878996027253,1.8628797032981523,-0.01825977276782461,0.19998182824915825,0.1860094978880114
0,0.1000000000000001,0.3277777777777778,1.5707963267948966,1.5707963267948966,-0.3521421311467152,0.18248983633270013,0.18248983633270013
45,-1.001074866535118,0.9608245136718774,1.1624162884099745,1.369383200419799,-0.2000000099386467,0.3460466251678364,-0.2028427464952831
27,-0.3387643312176287,2.1270539498874155,1.1838417213770676,1.3587610913109236,0.0291228712084882,0.2894375672058837,0.0236414274435371
0,-0.0777777777777776,0.35,1.5707963267948966,1.5707963267948966,-0.3960369384522841,0.1994508462494476,0.1994508462494476
1,0.10005629802674522,0.18584637300615509,1.5971401716258864,1.562799913145216,-0.24393172015508116,0.1973844386225674,0.19643056372394388
34,-0.5851657631099667,1.6650711532426703,1.096718663531533,0.8518968190782572,-0.1283019433295478,-0.363475189149367,-0.1332860847228983
13,-0.2490729722786559,1.0379406456287847,1.702768787120381,1.8922956709814256,0.1999814245393513,-0.1420527475840767,0.1990766450351077
34,-0.5970064687893285,1.6483485173403185,1.0101634829244663,0.8746328981621702,-0.1995241730546945,0.0248952280580396,-0.197358118038585
33,-0.5279905447492959,1.7428793755159069,1.0940905980640157,0.8991485025711553,-0.1999727971337105,-0.0921848938906055,-0.1979708010263997
29,-0.3630197892510332,1.969983826282287,1.5091740281615895,1.180806769487307,-0.0164867960270667,0.0126070968823204,-0.0151993328694128
3,0.07738215206510013,0.14371873469465887,1.6244579470392804,1.548278008826478,0.25985642469159825,-0.16944465644638834,-0.16697554758570896
0,-0.0555555555555554,0.3277777777777778,1.5707963267948966,1.5707963267948966,-0.15973085538250706,0.027544650378791093,0.027544650378791093
0,0.0111111111111112,0.3055555555555556,1.5707963267948966,1.5707963267948966,0.35738645108235345,-0.19976205640121553,-0.19976205640121553
44,-1.0137775763267929,0.8808608089683693,1.0195791618334402,1.41474793752932,-0.1205379360916866,0.6042368900435149,-0.1345092135751127
23,-0.3609567787136891,1.8192543995499129,1.3826027906182103,1.5332165749415358,0.1999081601679344,-0.1341536467650657,0.1996579419984042
2,0.0776874403859442,0.25002067663470184,1.6264336658961698,1.5906906212191392,0.10751193443921142,-0.19980563317532377,-0.19929381582789304
43,-0.9449463374371893,1.1870817560988212,0.6969684128934133,1.2283748078189642,-0.2000000099263894,0.5078250565230419,-0.1981529023950413
10,-0.1665701781104385,0.5268439957724209,1.8303501973322085,1.9707988842316408,0.1999973957603574,-0.0708887164361255,0.1990204311707983
3,0.05427814135722147,0.11425378452112324,1.8552165429878889,1.4586017442264914,0.29457289482117616,-0.09662863451630953,-0.07774844142723672
16,-0.3251285767437714,1.156328758452937,1.6095725490439574,1.7572857825559172,0.1999651541675346,-0.0164157349133675,0.1980291794189233
21,-0.3397899848514242,1.663204442611272,1.4079658289212107,1.62748026712851,0.1998602916376741,-0.2291890893986869,0.2000550277775385
31,-0.4040404919132918,1.9230320731069863,1.5299223959988009,1.0945042425732836,-0.1999914997999229,-0.1406234287647017,-0.1872623923151979
46,-1.0454013220650886,0.7174360418951804,1.3771095953665573,1.3607753657225463,0.2000000082609687,0.4446254434247319,0.2006995572622712
11,-0.0122251913499895,0.6835187778096168,2.129547985511917,2.0338585933068147,0.1999990834923667,-0.1902541032341985,0.1972663872130769
17,-0.3287645172179307,1.2656822687815266,1.5646826058207783,1.7532386189238194,0.19997127616357,0.1028905683066503,0.1944983814809025
14,-0.2592378809560671,1.0275291275517575,1.6959381633228632,1.8822007164428,0.1999699338460413,-0.0986738712413543,0.198338414619038
0,-0.0555555555555554,0.3277777777777778,1.5707963267948966,1.5707963267948966,-0.15973085538250706,0.027544650378791093,0.027544650378791093
38,-0.786046959031243,1.437950972953742,0.7494126370867081,0.9081255414399424,-0.1999999016224629,0.0577416541167867,-0.198398799471759
6,0.05375324123403451,0.47445719453836277,2.22718231320955,1.6885556502694044,0.03994702000450914,0.19995545708952991,0.17369366729336094
0,-0.0555555555555554,0.1722222222222222,1.5707963267948966,1.5707963267948966,0.36918106159707426,-0.19979142870246674,-0.19979142870246674
0,0.0111111111111112,0.3277777777777778,1.5707963267948966,1.5707963267948966,0.40209604071790506,-0.19974461374418676,-0.19974461374418676
0,0.0111111111111112,0.35,1.5707963267948966,1.5707963267948966,0.4129433273309255,-0.19930205602238565,-0.19930205602238565
18,-0.2823838972842353,1.3238711470259192,1.6218789952088497,1.8521266658459008,0.2000000099429328,0.1119284745827619,0.1921675733357038
26,-0.3564991941306943,1.9498752080224349,1.2303784157141018,1.3827493369856785,0.199947321652158,0.2122636578455362,0.1944089501786403
3,0.0541543245040729,0.3047889328944257,1.689666218292165,1.515623642077389,-0.02095247517034,0.4846116751067178,-0.0122441510351028
40,-0.8243219501579738,1.385511321420683,0.7509521089913109,0.9322074098430992,0.200000009581553,0.2046868459280381,0.1930338695580404
23,-0.3446689997886558,1.7288562107512595,1.3584804119930525,1.6924843606501008,0.1999733963986793,-0.1359682816696886,0.1933797544128061
2,-0.033118373698850796,0.4864396346434966,1.5921489978816847,1.5703853133274623,0.38024137852071355,-0.19988071662210893,-0.19900590092948797
38,-0.6830726723222293,1.5502001997189163,0.854846182139535,0.8676635194087521,-0.2000000099604603,-0.1205930494384007,-0.1998290178245352
0,-0.0777777777777776,0.3277777777777778,1.5707963267948966,1.5707963267948966,0.10184137238576339,-0.17844750026534514,-0.17844750026534514
42,-0.8954512342042772,1.228428348404642,0.710858507007988,1.1226441635202735,-0.2000000099509783,0.214730770078748,-0.1918760462492907
2,-0.0411769026595012,0.1134096920514234,1.794574716177725,1.4192044257782392,0.0732266564871264,0.3431081353887312,0.0807069554454931
40,-0.8957731856821478,1.2543149173507355,0.6834201403723771,1.070231341151284,-0.1999999875395466,0.0445499907602734,-0.1869039195382973
22,-0.350413155015971,1.7287114261238752,1.486761553071582,1.589913486945201,0.1343398318991229,-0.1407275081780859,0.135074814431131
29,-0.3615771589701853,1.9932027749210168,1.4473586285019744,1.233600806386154,-0.0632726253192136,0.1469777361032556,-0.0587146889794048
29,-0.3677626454765963,1.984168550267712,1.4900028838956294,1.2018748939002042,0.018339433700138,0.0322168203990742,0.0184989027715414
27,-0.3242499520557984,2.1256249611528912,1.317575626811334,1.3322003882027726,-0.1496276522477948,0.2556922993795704,-0.1499855816359802
0,-0.0111111111111109,0.2388888888888888,1.5707963267948966,1.5707963267948966,0.368350673346973,-0.19978521419499629,-0.19978521419499629
1,-0.0335840218161741,0.3015620800021495,1.5381718888031797,1.5774287849255895,0.4379476194536142,-0.19958624948665465,-0.20115128252818126
25,-0.3763039924543619,1.864428562789208,1.1822000914928172,1.4916957286102952,0.1999584596232956,0.045419399938333,0.1890745188663859
3,0.10089572691766667,0.09031912218071113,1.5458425292557134,1.5886378606408451,0.3799086329153911,-0.1447014827999406,-0.14619433231253184
40,-0.8920669503446104,1.2226239292573708,0.903132519548084,1.0589773785541106,-0.1999999005740363,-0.1571370188156114,-0.1951370528359116
14,-0.2463516926717183,0.9674440473888792,1.7047600297546517,1.9139395327991,0.1999824054954372,-0.0807179623621393,0.1972992821519077
20,-0.32010662514453353,1.516152329145715,1.5730153396856492,1.7558942679823355,-0.0790336034809045,0.08487877344848999,0.08490066719314894
28,-0.3435488421010254,2.0434661530723783,1.4709822163021211,1.2659255703290877,-0.1169599633181558,0.0982643726631306,-0.1125087030602587
44,-0.97381093309065,1.0411310998906536,1.02191714987258,1.3468143557485694,-0.2000000099528401,0.3577662999153524,-0.2009570254452156
44,-0.94550285392138,1.0570481106771534,1.013027839449239,1.24903450162427,-0.2000000099643467,0.2431390189926263,-0.2001410223504698
34,-0.5741631080793077,1.6706432249711851,1.0245976567864297,0.8804477165733935,-0.1999782912578591,-0.1266595063165172,-0.1997236710173416
0,-0.0111111111111109,0.15,1.5707963267948966,1.5707963267948966,0.3758563771522168,-0.19982546476363616,-0.19982546476363616
22,-0.3752928820177105,1.7056221782121412,1.3953547178482706,1.548112980715718,0.1993441972279119,-0.08416844065448,0.1983036072949591
30,-0.3733104395330527,1.960661773369569,1.5964889840137162,1.1497072478250208,-0.1999765200023637,-0.1085940904848985,-0.1850392539140218
47,-1.041742573355278,0.7434198295075963,1.5798332804777764,1.277533812657611,-0.2000000098040829,0.1087951092360699,-0.1876918877945552
26,-0.3390062583900832,2.0457694984257264,1.213983868442268,1.3956897137551114,0.1955056224481307,0.2976302942691254,0.1869085814041804
0,-0.0555555555555554,0.35,1.5707963267948966,1.5707963267948966,-0.17143084310339443,0.033501622235987134,0.033501622235987134
10,-0.1619250065698753,0.7138364805829052,1.858259022088494,1.965848051206602,0.1999667203486655,-0.1383140244991218,0.2002957269247129
1,0.09997945797153197,0.25317656117476883,1.5858071419086794,1.5655255152135918,0.026705210550337727,-0.1997829544020748,-0.19968770721470883
4,-0.0824978964350616,0.1210363341886475,1.9988548012535432,1.1553195896025228,0.0443297861949402,0.1942348845015093,0.0439809114951607
19,-0.3665322847599572,1.4723059463199202,1.4918099609159017,1.678746653410898,0.1999219286422118,-0.1773657859840756,0.1997352608717881
27,-0.3355618651598771,2.07024203500349,1.4433703321640432,1.3003084734705692,-0.1999681499925304,0.0723240835425208,-0.1968941381883373
45,-1.0234818094424056,0.8158410544909355,1.268587110756215,1.4123917438909248,-0.1000961825587015,0.4605585734022461,-0.1056632238690494
35,-0.6442429790387242,1.5915660694363098,0.9710138257442888,0.8695610083798924,-0.1999872544557584,-0.1065342835774871,-0.2000379022874727
2,0.0556349106889894,0.2558403918495746,1.605378103153531,1.5595411838457218,-0.1215224182352671,0.4791730283939727,-0.1191991673605154
3,0.05839238577485423,0.23075877594612382,1.8452351712673352,1.5329310432330334,0.3745773446819315,-0.006020745621723972,0.005779457437727516
7,-0.0579255750458404,0.3130934206950962,2.180653875695714,1.913125729244576,0.1659403453588222,-0.2930018508888254,0.1522919398414628
6,0.1058875366188865,0.3996665718977283,2.0456376806467715,1.6257690970883767,0.0107673910772258,0.366703723114657,0.0247804898506012
14,-0.1733292308389193,0.9678830530393696,1.8012790449849565,2.031201046873478,0.1999936117781043,-0.1464823552166974,0.1980689706620054
0,0.0333333333333334,0.1722222222222222,1.5707963267948966,1.5707963267948966,0.4067251970228847,-0.1999191914260118,-0.1999191914260118
30,-0.3708453593327817,2.002357971315666,1.4896512808103335,1.2168848084159936,-0.1999809472428229,0.0658224071993462,-0.1908142788044468
34,-0.564737168344333,1.638134539931888,1.0629053503075307,0.9077176874284048,0.0417774394619618,-0.2185998763752646,0.0378965807059733
1,-0.055558175885877345,0.35765059191043025,1.5701917159047465,1.570959026952575,0.42980847784494275,-0.06612479628431396,-0.06615775649440479
27,-0.3512128517338407,2.088401266181072,1.1810861516313895,1.3631890647644245,0.0951958916098541,0.2501511519393701,0.0890916406015195
39,-0.839411934397699,1.3140353992181757,0.9033490365132504,0.9945368733264116,-0.1999999161921355,-0.166108781409766,-0.1976563586870811
21,-0.3735497821535359,1.5296094115151186,1.44224546650584,1.620571728490278,0.1999442883430774,0.0527479446481018,0.1958379075588147
8,-0.062174728006792,0.3791505265280538,2.1905420531868582,1.7746085737299415,0.1999806444862455,-0.1525910202308102,0.1767648566404466
1,0.0759662343730688,0.3748638601564804,1.3811554007882867,1.599186852789593,0.0426744378950578,-0.0659091098046789,0.0430897945697202
49,-1.0937886688410692,0.6252125180698334,1.7754349284446298,0.9437982957222406,0.2000000099677815,0.6532713969897029,0.1830124700926294
30,-0.3663967477439452,1.993884275813848,1.5283991619480752,1.212275377284295,-0.1999867891499475,0.0464879508620789,-0.1886317265300595
32,-0.4609314824394505,1.8535989593516105,1.3933812263119192,1.0346361083632074,-0.1999929876549021,-0.3019996567565865,-0.197864257264917
48,-1.0656894774136043,0.6659692344917045,1.5947278627046533,1.161027570368356,-0.2000000099593323,0.3840039906784505,-0.1653463536538122
0,-0.0333333333333332,0.1722222222222222,1.5707963267948966,1.5707963267948966,0.019629576006228052,0.1873025034132022,0.1873025034132022
19,-0.3111275206460656,1.4722533752254332,1.4886318821937126,1.8011123965847855,0.1999672980572244,-0.2104085943084413,0.1967520498129294
48,-1.0600680186352152,0.6716476065939571,1.639379314146043,1.215108546824014,-0.2000000099515992,0.2683394261532555,-0.1712214808860077
42,-0.8624365982596959,1.341583851768427,0.6831125797843836,0.988530443574184,0.0016679978184385,0.2054042588753865,-0.0045855309411442
45,-0.9677001485157404,1.1382446176750671,0.7674768829241745,1.2254092584513554,-0.2000000099962599,0.1151398567728413,-0.1844839781379965
6,0.0640780128720141,0.2895682476290798,2.240075256648904,1.523670157064431,0.1999842263711947,0.1798741820011216,0.1626342989729358
2,-0.03348787192259016,0.40651293564937596,1.5538638914611678,1.5733994513172431,0.45855384432841445,0.0006049783533423051,-0.0002908907135361847
14,-0.2147887741907342,0.9398592580002952,1.7218578044905,1.9731324917657835,0.1999929059072479,-0.0472114979365357,0.1948862441856503
26,-0.349493094106868,1.9747543235166212,1.238533390564084,1.38414577427694,0.1999436105159161,0.193506545828906,0.1950199061355967
10,-0.0342386401828873,0.5941409811026159,2.136170731576293,2.05485532716977,0.1999767779529975,-0.3085298747006956,0.1968099401855129
36,-0.6930114333864619,1.540963404259193,0.9129320500938144,0.8669841329695277,-0.1998905543027496,0.1042120602606312,-0.199200921603475
8,0.0461537283689817,0.4047556386993322,2.147026623496741,1.9179348208965383,0.1999863845689494,-0.0055212746668665,0.1946359643380537
5,0.1038397438247805,0.1276110203654104,2.053919070532995,1.6029380374725828,0.1999443055867784,0.2044452245643225,0.1888645830182146
11,-0.1392610114044179,0.6533273503395217,1.8695230361124424,2.0599491614357937,0.1999851105545254,-0.1967834747936135,0.200094778543959
15,-0.2837084488597818,1.0050087005382256,1.6054684722297603,1.8395954690642773,0.2000000099931815,0.1522274548560978,0.1910118744726039
4,0.08186457501607733,0.2376609061144758,1.9978199303468944,1.560158857249081,0.3078270140912066,0.16791437112412894,0.16513406489509208
47,-1.040968461972943,0.739842821814353,1.5617294012912937,1.2929557371891869,-0.2000000099449546,0.1120795685751217,-0.1898431989410552
39,-0.7679431954779381,1.4653084970861432,0.8264623005798106,0.8736922678389534,-0.2000000099581575,-0.2044679522034459,-0.1988116419469703
44,-1.020869269714018,0.8339756566336103,1.3522065293278691,1.3553470594217396,-0.1999999725032395,-0.0374576055004633,-0.1999872225568642
1,-0.055307844112652646,0.3952346671732183,1.6115178513017039,1.5611156739955994,0.3960325330577481,0.041533250502793266,0.043475751726011855
2,-0.056163335267565506,0.3885056498184368,1.509611800970844,1.5845539577913925,0.48825724168913937,-0.007964265656550567,-0.011597592079953686
39,-0.7537563601938664,1.46322684508093,0.862333781557068,0.8767429966983253,-0.2000000099587844,-0.2110902086400744,-0.1996750938711063
1,-0.05542681857907952,0.31220334111823983,1.5901197298106293,1.5664295200669545,0.431408352142876,0.06732734114530534,0.06833036894092004
43,-0.9589134936166884,1.1199311179210083,0.9142071587111688,1.2413713492786609,-0.2000000073302048,0.0397836312034469,-0.1906699819951881
6,-0.013081757957379,0.2912832309177284,2.270696311633296,1.727289233878312,0.1999594667128615,-0.0600443870223294,0.1680510797525969
30,-0.3673700901706025,2.0078732083161515,1.4869845096828085,1.220971192934955,-0.1999901242541419,0.0858757726319845,-0.1906982302036101
6,0.0630026041638874,0.2487354483138669,2.2446340512780307,1.5458189052527498,0.1999695152140813,0.1264215760334175,0.1612304906839573
1,-0.055522039891589076,0.2537636823913354,1.5676662683202496,1.5722215876301326,0.38609635330694786,-0.19983231543770621,-0.20000612069678944
2,0.05568349063961274,0.26745725216888055,1.594466351964746,1.564924638687865,0.4961458879876248,-0.05434460609399188,-0.052855407424476634
9,-0.11227652864633417,0.5262020809293725,1.7911759460438264,1.6802504035922563,0.29175299136404365,0.19997658775479138,0.20197719836293035
26,-0.3463727781340855,2.031336763785085,1.1858527960656526,1.4145005599244405,0.1998731553843175,0.221223147754854,0.1896569544015153
3,-0.07787401359998275,0.2699494720003933,1.5582761550929884,1.5733855304166515,0.47255453494252014,-0.06664366580129974,-0.06735003201373874
38,-0.7030106997790182,1.527909673015473,0.8457897033241899,0.8574524564394927,-0.2000000097190237,0.0414181657442773,-0.2000347117806088
0,0.0333333333333334,0.1722222222222222,1.5707963267948966,1.5707963267948966,0.4067251970228847,-0.1999191914260118,-0.1999191914260118
20,-0.3261323080708848,1.5170489026683205,1.5686718179901489,1.7653419559187975,0.0729555520280551,-0.0921007152349473,0.0733488565556098
30,-0.372964662324477,1.9861455783801751,1.4931056096297146,1.2009300025933558,-0.1999671594226408,0.0538882749616715,-0.1899402709461242
30,-0.3712214741348827,1.9672513552033692,1.5238967823244425,1.1984968731191237,-0.1997092809582803,0.115570881621562,-0.1855344689250431
48,-1.0493395760166462,0.7299229695579666,1.625416554607913,1.2064111158651531,-0.2000000099581116,0.285309132103488,-0.1710909526050205
39,-0.8329329826621705,1.3255790709743285,0.8172139934659364,0.976542268626662,-0.1999999109197536,0.0913314295900861,-0.1989157468060651
0,0.0555555555555556,0.3055555555555556,1.5707963267948966,1.5707963267948966,-0.278692405886877,0.10935537486193186,0.10935537486193186
43,-0.9557880063965358,1.1239552458595437,0.8177869925421621,1.2557723140015689,-0.2000000070268444,0.401692462473242,-0.1981580106142563
3,-0.10595447178665247,0.09812357013510245,1.8041091234998383,1.4413203138921051,0.3546416516945676,-0.16479365283574,-0.14148173346047263
26,-0.2865406808590586,2.1122975583049897,1.5372577217206067,1.2894763065912065,-0.1999637348089265,0.038794248192758,-0.1929051836280883
4,0.09969836912015885,0.21044607244540126,1.7711329103349325,1.5115685515448787,0.19274486285607734,-0.052136286671901566,-0.04544283859639996
36,-0.6057382700014553,1.629794921914213,1.0284483807434872,0.8640440713561005,-0.199341374012594,-0.2709804601144523,-0.201088453307217
1,-0.05548444813005413,0.37804235046512497,1.5815995559704046,1.5683372629530772,0.43696836978890197,-0.09777920171937203,-0.0971910994633433
26,-0.3457424801954027,2.0429219424130785,1.1623380673668526,1.427640098567141,0.1999724371641123,0.2146384947421548,0.1873482346073679
9,-0.10505585592774344,0.6021927863377222,1.6104756003703384,1.6031703848501038,0.5135943077898552,0.1999198053987548,0.20028965931869291
2,-0.03293558113959192,0.2527568646175948,1.6491836915400366,1.550666081466771,0.4995898176207996,-0.17535551421674847,-0.1695913448732281
28,-0.3490543293823594,2.01581433621116,1.5132236358612317,1.2161852275679752,-0.0603380897562466,0.0771427495048815,-0.0554378464321555
3,-0.1033257967425209,0.4562327848851222,1.369141544879711,1.5470182289998595,-0.1082076170711165,0.6287540261506306,-0.1176254590281066
4,0.07748427801191986,0.1471534078995293,1.6702436684307198,1.5341528671190792,0.43176106319496105,0.01693258117421072,0.02263377149944659
3,-0.0322614918313867,0.0612795596625486,2.017220369794892,1.1906640840385525,0.0744225653554502,0.2061369054622557,0.0655783026093599
0,-0.0777777777777776,0.35,1.5707963267948966,1.5707963267948966,-0.3960369384522841,0.1994508462494476,0.1994508462494476
38,-0.8048966273493297,1.397389687749082,0.8298474523544215,0.9215224120326118,-0.199999986431442,-0.2468852599048053,-0.1968999944144921
21,-0.3761053713548974,1.5356947901688085,1.427743350009226,1.6190033905017107,0.0811965143713739,-0.0167920510713214,0.0800351457323117
3,-0.10417503560848576,0.14199247984027313,1.6320866240646152,1.5152286022817405,0.46923759786707175,0.042692820266233396,0.04787259577929807
37,-0.7531462192561222,1.4502975043539006,0.8265820211127828,0.8966583399799968,-0.199998101906186,0.0397514390781421,-0.1997855739607907
2,0.0164305173493095,0.0999317281937131,1.8638877424627829,1.3199973606131774,-0.1601766884123425,0.2540945802591789,-0.1239149098184176
2,-0.1032024725545524,0.4460792704471997,1.2133968505834654,1.5596609516514726,0.170589982442834,0.5493020725363109,0.1418224424682294
6,0.09871134874276437,0.24930037707982877,1.5168599973525785,1.5495154043804673,0.6215721484757125,0.19999578787611008,0.19785975361650265
24,-0.37440930947564366,1.7836398488921301,1.3602595394874442,1.589798759495859,-0.3559314967227345,0.19948489520569038,0.2023511420708122
4,-0.10135048561845081,0.196380769199546,1.658279913845135,1.5273027346020878,0.3989045270946287,-0.0957575451435182,-0.08972754394164827
22,-0.3691193080655205,1.582915573690057,1.4201487723706152,1.620904662350864,0.1999124137212055,-0.1044900915228297,0.1979810358579055
43,-0.9953881410833744,0.963191561897878,0.9228987061546424,1.3594181590104824,-0.1859447683595921,0.5760901986691952,-0.1928648767018552
7,0.082308046166702,0.3561708700412201,2.134387002455324,1.6337554752900605,0.1835431131245952,0.1518498651987894,0.1683071165918944
33,-0.5377022527265005,1.7208422812168735,1.0679874365535746,0.9002776306952124,-0.1998959017071274,-0.0470592227828842,-0.1978768254957248
1,-0.07784676325510173,0.22683974770900425,1.5559384013202529,1.5747169488562751,0.31156179272512496,-0.1997586249416685,-0.20030843855874392
11,-0.1230570989169622,0.7440577689941759,1.8992925439842352,2.0373529250929727,0.1999749996215679,-0.1321445689167127,0.1998907990589401
0,-0.0999999999999998,0.15,1.5707963267948966,1.5707963267948966,-0.29963551631299107,0.19976529693488188,0.19976529693488188
11,0.0165868480284326,0.7184966940046876,2.2011185974021465,1.9836752069013877,0.1999818993886986,-0.1133025482692292,0.1928284427450214
0,0.0777777777777779,0.3277777777777778,1.5707963267948966,1.5707963267948966,-0.3736574047322966,0.1640131168652352,0.1640131168652352
8,0.054500147604507825,0.41551377318935323,1.7081099495516936,1.599382163995852,0.5130896562442188,0.2000000099490657,0.20438672594520435
7,-0.01568634514599,0.3399486219390883,2.252390260185738,1.741496902967682,0.1999869350284332,-0.0878369317585746,0.1701553660299382
44,-0.9421580654922922,1.1220208753024037,0.7578842054610726,1.0846962924834544,-0.2000000099879259,-0.0415641693388446,-0.188079804800778
28,-0.3622493864694835,1.9968770844758104,1.4386625355205616,1.2492034699224108,-0.0055315646313453,0.2139036461697874,-0.0014041867309572
44,-1.0205726750274775,0.8345787044469449,1.1718970245516562,1.4173642555203656,0.0160007301904021,0.4265119938587851,0.0051564406303315
14,-0.1875698510495707,0.9603861171601462,1.7606669968881985,2.0261790309850385,0.1999311961920515,-0.1212834151222114,0.1961077787534341
8,-0.13071823527044912,0.5993264612654351,1.822397258743675,1.7516882805682705,0.19290698609994306,0.1999029274826843,0.20076629160812073
0,-0.0333333333333332,0.3277777777777778,1.5707963267948966,1.5707963267948966,-0.22463226426900082,0.19927976270050665,0.19927976270050665
42,-0.9676449369626042,1.0677887127328052,0.938415570439204,1.2234274138400956,-0.1999999840647614,-0.0313025702218547,-0.1910515185899284
40,-0.9442370646694284,1.149883217475092,0.7745745439185895,1.2021963904519473,-0.1998089650107641,0.2197852463028121,-0.1909317482974531
2,0.0539802327814272,0.1722913722524979,1.6353003117465184,1.5333545517316545,-0.0835056327088268,0.5043013158959483,-0.0779398365046206
3,-0.09487956415959,0.0887108533194282,1.8614283291633624,1.3195346898652407,-0.1269640211383726,0.2941609865703256,-0.09360271204779
13,0.0008346634169804244,0.9454339467313279,2.2698716411684563,1.8745063206630113,-0.16712198521115734,0.1999832624331848,0.17811911293421043
3,-0.0962821547351243,0.5259724867773415,1.4880478868516205,1.431343631907775,-0.1998351376239317,0.3580245836874015,-0.197484887540125
24,-0.3745868329264391,1.836845991123268,1.1905625948708114,1.5161808150239937,0.1999492208432177,0.0890093691852709,0.1865951560784784
0,0.1000000000000001,0.2611111111111111,1.5707963267948966,1.5707963267948966,-0.21350118027676815,0.14798275135700062,0.14798275135700062
33,-0.5085115645191822,1.755273183730908,1.1022115617752042,0.9243976984949768,-0.1999821899878261,-0.0327575013005192,-0.197408424939732
0,0.0555555555555556,0.1944444444444444,1.5707963267948966,1.5707963267948966,-0.2005827059256199,0.19953881470929893,0.19953881470929893
45,-0.9956339287676697,1.0062606217568777,1.1106402282094,1.2876094850979498,-0.2000000099765445,-0.0178512035073151,-0.1965620979984451
28,-0.3648380712763895,1.977474141382024,1.4795323739353037,1.2234515426099986,-0.0010422890068787,0.1813883613975797,0.0035861064563145
28,-0.3378084872960674,2.0737725179450983,1.3195485256812989,1.3295551548634807,-0.0169706354202835,0.3283153771080464,-0.0172983133107829
45,-1.0291718605103812,0.794881475985537,1.3542048877491375,1.364492129303504,-0.1999999789776364,0.0346401337269071,-0.2000250308519842
36,-0.6926571073637072,1.5403068482264433,0.9859953732210334,0.8268560699594588,-0.1998711116927908,-0.2668370330932045,-0.2015740737445907
28,-0.29740074031887564,2.1444995327646237,1.4325648926524686,1.3406509942192562,-0.11779385819778768,-0.20000000897375647,-0.2002369525177276
25,-0.3812856934935695,1.8949725473387733,1.2129383511353369,1.4816794805533196,0.1998450116057524,-0.0824499354088125,0.1948609512543317
1,-0.07750499409571888,0.22001923717013633,1.6038897606220583,1.564535403180617,0.3071197528012242,-0.19984864563300855,-0.19848556817588978
0,-0.0999999999999998,0.3055555555555556,1.5707963267948966,1.5707963267948966,-0.11497253985146935,0.026580636071759055,0.026580636071759055
38,-0.7028112470048978,1.5256343088070368,0.8447318313172834,0.8734735413210293,-0.2000000096102384,0.0999408265708352,-0.2002046141821988
0,0.0777777777777779,0.1722222222222222,1.5707963267948966,1.5707963267948966,0.06614241123843782,-0.19983989605253327,-0.19983989605253327
2,-0.03336854491902596,0.4068151282611517,1.5541361488012422,1.57971438723011,0.47514075286038987,-0.11359275655975047,-0.11477079359662502
27,-0.3292578403212025,2.076780446738418,1.4304495257439718,1.2911505045414116,-0.135019043032682,0.1655482202345199,-0.1314125706605565
35,-0.6403068058627572,1.6113470029974684,1.018587128402339,0.8258478786792125,0.0093995871034929,-0.2881470311002516,0.0037061342910778
8,-0.0712370491031312,0.4746733489463135,2.0376834141774425,2.0810931036308054,0.1993437897838831,-0.3319640318369786,0.2005965904552989
48,-1.0569762651305077,0.7163782088998681,1.4233366197355255,1.3768698625409157,-0.2000000099455336,0.4882827009929622,-0.1975160578533237
28,-0.343929968701007,2.062974845258714,1.434805228882826,1.2768704363333043,-0.1390571475327817,0.0958778687807874,-0.1358185125934602
20,-0.3757559259907427,1.529292654449096,1.403466879625776,1.6318260190070184,0.0141450686690238,0.0485529407669,0.0126787114845268
16,-0.3441431388201681,1.1586327108677528,1.5992279330253896,1.712371542551136,0.1999563523238367,-0.0808827420619528,0.1995910341027579
32,-0.4523925463547784,1.8322816802713704,1.4432477328666566,0.9487927169369428,-0.1994666552248624,-0.5028540811941633,-0.1994390696350682
16,-0.2698214959839837,1.1478525730079905,1.6698810016865613,1.870606479498609,0.1999693246902631,-0.0812099651137484,0.1975735452133256
27,-0.3280827125234992,2.071421215865596,1.3352866634785374,1.3300278846452926,-0.0252922755796291,0.3395952410195089,-0.0251133410511832
38,-0.8000980232303043,1.3711125848916594,0.7823218608888918,0.9576648028613824,-0.1999985656184136,0.0881733267150356,-0.1984700889431191
0,-0.0777777777777776,0.2611111111111111,1.5707963267948966,1.5707963267948966,-0.309776044833377,0.19991515568211382,0.19991515568211382
6,0.10151502557664954,0.35898794178498,1.7531347652076006,1.591985864395046,0.5587882916990715,0.1627702062045406,0.16962717704201966
0,-0.0555555555555554,0.1722222222222222,1.5707963267948966,1.5707963267948966,0.36918106159707426,-0.19979142870246674,-0.19979142870246674
36,-0.6729791364056258,1.550417129939094,0.912903016234044,0.9372122579713514,-0.1999999170292334,-0.0684866642953681,-0.1997743565492579
13,-0.2162877009999632,0.8368213416822802,1.718454973690473,1.9714006194168336,0.1999855170968943,-0.0404452156151585,0.1946340385609954
15,-0.3168461547092736,1.0455138107627018,1.6231663429967251,1.7748157552429409,0.1999671397144045,-0.0372071643033806,0.1982342506741733
6,-0.03335993820692146,0.3074839599973647,1.7412046980469054,1.5430248207401136,0.4833837406710375,0.14884185137003902,0.15544561241985505
48,-1.0672809714535392,0.657711918788438,1.6827455343008757,1.1244745562714946,-0.2000000099538559,0.2597886116848723,-0.1558729289280005
4,-0.1162170305116554,0.1043412179594134,1.9959977401816955,1.2627506544479146,0.1984306366575243,0.325410627465488,0.1692142439387634
30,-0.37734462282753,1.957131429876018,1.5653137979967813,1.1290521328583656,-0.199871698788824,-0.1358532601058401,-0.1868917811515679
4,-0.07790847302872184,0.2844333320931924,1.557322067269359,1.5729611726224717,0.45270697881551625,-0.11985860235345554,-0.1205519094004366
2,-0.07767873483641996,0.30982765970282605,1.5891476022687296,1.5661643516337898,0.4491976904393426,8.117355796565265e-05,0.001113463541617718
27,-0.3322312279760733,2.100680415607066,1.2884910117924528,1.3431520166600683,-0.0851509206517508,0.319500685365471,-0.0867692975914421
0,0.0111111111111112,0.35,1.5707963267948966,1.5707963267948966,0.4129433273309255,-0.19930205602238565,-0.19930205602238565
1,-0.0110274208418136,0.3430287378078379,1.5820508809291614,1.5684434727228735,-0.1119014574080362,0.4163388800398752,-0.1113245858175815
45,-0.9909837080604498,0.936100977644329,1.2284163064299067,1.3230370849130588,-0.2000000099289522,0.0270369337664447,-0.199360812499865
39,-0.875412766794973,1.2936010198005965,0.7477497446434789,1.0171623242034198,-0.1999998814857021,-0.10034425581152,-0.1901145530623742
28,-0.3424939528645522,2.0781905293612644,1.4173957382556317,1.2849666819897223,-0.1727437688754584,0.0806125988362228,-0.1701668108416581
2,0.05433337472375363,0.180589071895963,1.7016922658987914,1.5135549500910932,0.3894542387208324,-0.19964273079937367,-0.18883595878179507
40,-0.8747878626381038,1.320911046376487,0.6698305517955565,1.0251786496623272,-0.1999998918919912,0.0096250838545602,-0.187839858732478
0,0.0777777777777779,0.3277777777777778,1.5707963267948966,1.5707963267948966,-0.3736574047322966,0.1640131168652352,0.1640131168652352
36,-0.6535916009384914,1.5500178900029078,0.9397775224431296,0.9051135909237986,-0.1999999151526283,-0.0708338587213589,-0.2001252572532219
44,-1.0177564924920486,0.8588454927646799,1.0885122242527323,1.4033710920124705,-0.1635852835988067,0.5655764763004479,-0.1730583477982926
4,0.0238264472994356,0.0932025234781472,2.1680880642940723,1.2586638938345216,0.1967396551155444,0.2229689526446423,0.1384331480233977
37,-0.7158634743398357,1.4771660306909926,0.8593983002069845,0.898343671864413,-0.1999999755638369,0.1305441969066822,-0.2003566012703644
11,0.00599143414988227,0.7123823826781438,2.1387831989675483,1.9271971586546452,-0.011125532402553182,0.1999936496965058,0.19529995486663113
36,-0.667883353391323,1.520010981923704,0.99996224727161,0.879568056643504,-0.1356675453040069,-0.2362774062760786,-0.1375232736628185
36,-0.6786734435549701,1.564581754917105,0.8805395147557533,0.8845957806796728,-0.1993351319572685,0.1633508011442311,-0.1993997513469619
6,0.10310718033425093,0.1839495621352434,1.932896806919251,1.5632152519532094,0.2586907832949451,0.20000000999371517,0.1958354769727276
7,0.10102603276893564,0.31827305627372204,1.685346889370356,1.57682948441648,0.5328912440970891,0.2000000099588864,0.20459501679644945
26,-0.3449687466429303,2.039627625563297,1.173686409119738,1.4219055643845595,0.1999147216007907,0.2141067896768432,0.188527495266581
36,-0.6698601027502487,1.5506446438117336,0.8816415284294944,0.8869750877030053,-0.1999999920968425,0.1074823830852486,-0.2000544735125583
0,0.0333333333333334,0.2388888888888888,1.5707963267948966,1.5707963267948966,0.30729635204964145,-0.19991953981487004,-0.19991953981487004
49,-1.0853622123430529,0.6155123555995154,1.7742489874003486,0.9515194685427348,0.2000000099726392,0.6807895849582054,0.1859468384712908
3,0.0801259181714061,0.2358605107069203,1.4205346517124582,1.6433938428352424,-0.1666898930379388,0.3095793300606758,-0.1694098603444995
49,-1.0990186429196205,0.6072165308587935,1.7867298580438788,0.911249788875068,0.2000000099754364,0.6420826179900017,0.1774280552608875
12,-0.153006237790178,0.8591939734517117,1.89118451490008,1.937882639495884,0.1999603954352893,-0.1207341451185378,0.2003060076738218
15,-0.3045079449889702,1.0344543203276613,1.63337453171284,1.799563772151657,0.19997042380957,-0.0326379298975145,0.1977552097127916
46,-1.0338842287029852,0.7619476877331821,1.4682457494301215,1.3500344535730513,0.0267408034248749,0.3032666578482603,0.0301307950848428
16,-0.3413892353804548,1.2184882144370277,1.592273941838406,1.7179965528947534,0.1999561529620611,-0.0707850403542545,0.199265547871692
25,-0.3279670892759596,2.061215795034589,1.2173019769190732,1.4121003199999962,0.1998556017018683,0.1819245289058766,0.1925541881570245
0,0.0777777777777779,0.2611111111111111,1.5707963267948966,1.5707963267948966,-0.3450117782622278,0.1715896042371206,0.1715896042371206
27,-0.323057019209405,2.157618897597404,1.3345433960473665,1.3214468482823856,-0.1999706868148188,0.0254924265918837,-0.199920152293637
25,-0.3559309784302289,1.9098729383108568,1.236610301057988,1.5167309982295414,0.1999350295601856,-0.1455909095097298,0.1961671529652147
13,-0.1938082899737343,0.9408723404552548,1.8016583352993951,1.9521605545277716,0.1999681050143577,-0.1473285112988836,0.1999166115841846
46,-1.0380077748287542,0.7556227123341641,1.3480136199961472,1.363386689331586,0.0264268404272426,0.4503809513700514,0.0257313712564782
11,-0.13943442035686154,0.7179885145587204,1.747404734985925,1.733209528591788,0.30990858906019947,0.19997313715206316,0.200392896672739
35,-0.6290580262701922,1.6316007523936158,0.9290722434327396,0.8679338482426961,-0.1999999261523964,-0.1915199753821867,-0.2007964454366019
2,-0.10094734614714763,0.4138641802743936,1.5000202127308508,1.5771513263758572,-0.07426492950541753,0.1207439268513325,0.12095718534494702
5,-0.03129092096991238,0.2843642268440008,1.8856660748268004,1.5066924459025843,0.3741558833634209,0.05718977271235977,0.06697440116816487
40,-0.8885663202086428,1.233954760700836,0.8091921306970424,1.0739482741253858,-0.1999999413728778,0.1902702641714709,-0.1980100880285407
17,-0.3263995633791811,1.3782823453914324,1.6356110639346184,1.742692396861727,0.1999565573223267,-0.0638444387768091,0.1994936091985089
5,0.0395548165510659,0.1641587281531437,2.300012053283298,1.6011839015685134,0.1999198904017134,-0.2121237975627401,0.1394116171971477
31,-0.4070883656451051,1.8870246114701723,1.54083034695259,1.0671947539816993,-0.19997293944385,-0.0813166105301576,-0.1816681474447654
31,-0.4039625095949812,1.9243436511754144,1.5345589689309462,1.0975752662433071,-0.19998808341073,-0.1459207539294197,-0.1873711551051837
0,0.1000000000000001,0.2388888888888888,1.5707963267948966,1.5707963267948966,0.037091147065255986,-0.19979443148239204,-0.19979443148239204
11,-0.1329551191748568,0.6602954070214929,1.8731332860629508,2.045657657370619,0.1999822307083024,-0.1305080880624485,0.1992538336995533
1,-0.055438359432222736,0.34927816181548155,1.6068448918547968,1.5604602470427416,0.37118204509636676,-0.1556053002763566,-0.1537168377307174
14,-0.1631899635919058,0.9680260352734644,1.8370464434913516,2.022521180014936,0.1999920928555104,-0.1714033132698786,0.1997228936853438
0,0.0555555555555556,0.2833333333333333,1.5707963267948966,1.5707963267948966,-0.24815191941342127,0.14256461163591808,0.14256461163591808
46,-1.0397744767485178,0.7498711312062657,1.3441256902746463,1.359360580147046,0.040855739887627,0.4477875921454581,0.0401688255569296
24,-0.3696326201187737,1.8086321385156412,1.2765647508030806,1.5210812555783764,0.1999611559990808,-0.0333383421145789,0.1948202874355756
0,-0.0555555555555554,0.1722222222222222,1.5707963267948966,1.5707963267948966,0.36918106159707426,-0.19979142870246674,-0.19979142870246674
47,-1.0389175111349007,0.7386159199330589,1.4241748503002516,1.3118100453450288,-0.2000000099185223,0.5110379581504014,-0.193008560618458
28,-0.3470370955740398,2.05831518346304,1.430077798289526,1.2741224224006864,-0.11618315089983,0.099388010026363,-0.1132293705735384
0,0.0333333333333334,0.2388888888888888,1.5707963267948966,1.5707963267948966,0.30729635204964145,-0.19991953981487004,-0.19991953981487004
12,-0.2150060289411697,0.7431813431418466,1.739730440405726,1.957091014907722,0.1999717191159955,-0.1048504186530603,0.1975275259315846
45,-1.0375148196871238,0.7576093924540813,1.2072114320485152,1.397334161972305,-0.1999999991367063,0.5164239559974052,-0.2061555586713576
31,-0.4098404935262313,1.891006332345752,1.4957408861955788,1.0520136314295203,-0.1999336886197403,-0.1833290152935237,-0.1884421446699114
8,-0.10297720992148147,0.4201818168554551,1.8269491312725235,1.6339114290678112,0.27995250353102097,0.19995289807447195,0.20160961294748217
47,-1.0294958605614073,0.7881916424974708,1.5759925186984374,1.3089728241810603,-0.2000000099619753,0.0903903078313387,-0.1905273009339511
36,-0.6620422781184968,1.5828279930401432,0.908161650178203,0.8780296572717413,-0.1999040080967835,-0.059952526552386,-0.1999938864159233
0,-0.0777777777777776,0.2611111111111111,1.5707963267948966,1.5707963267948966,-0.309776044833377,0.19991515568211382,0.19991515568211382
14,-0.2888302043470149,0.98862883841718,1.636716322987554,1.8340602615863104,0.1999550303702107,0.0232446425578194,0.1956183155398583
48,-1.0596988746287226,0.6882235346630967,1.6429423308598865,1.1772959292895817,-0.2000000099625629,0.2649851951694866,-0.1668084645795261
5,0.0094110064874523,0.1920741159503576,2.207361173742415,1.4091622467115426,0.1985801853103117,0.0759499218236532,0.1440472653553714
25,-0.3586944020417105,1.937899111064364,1.2625539961227203,1.4710325494216732,0.1999436669835008,-0.1803972292581556,0.1993479864059987
20,-0.3636675946191767,1.576207372427143,1.4066249630636891,1.6496462342117548,0.0330433597722726,0.0487242844090221,0.0308999104311795
0,-0.0777777777777776,0.2611111111111111,1.5707963267948966,1.5707963267948966,0.199915155682114,-0.3097760448336315,0.199915155682114
30,-0.3757647173195227,1.9567227550800137,1.5517869012342145,1.1220430004219146,-0.1999788473455336,-0.1239975850207756,-0.1869614773564353
0,0.0333333333333334,0.15,1.5707963267948966,1.5707963267948966,0.37583633236717956,-0.19988553706488105,-0.19988553706488105
7,0.0268201134564045,0.3106385825130214,2.298320660785033,1.7573311193232952,0.1999771249573796,-0.0873091931252412,0.1669240041264288
14,-0.1721996415941004,0.9694926461128608,1.7796102226660686,2.052236403953768,0.1999823963272659,-0.1230644666862317,0.1959101171171425
17,-0.2842746149244914,1.2566286073205266,1.6076692987112544,1.8528267656674744,0.1999916065936851,0.1065240690748881,0.1914262452837494
36,-0.6616377452911802,1.563224690324521,0.9658486467003564,0.8646449271072478,-0.1999999874473239,-0.2523956540874927,-0.2015266219106319
2,-0.055434867012683936,0.22764214363700888,1.6123576472189765,1.5586345161082238,0.5225250772380945,-0.12745867677339162,-0.12446896880802175
44,-1.012420880966762,0.8824455587284415,1.0616518424905603,1.4273336814580184,-0.0615460432088106,0.5633457919206372,-0.0776210931607912
20,-0.3720936461421726,1.6428310777725,1.2705760430113302,1.6329235390720809,0.1999107733695727,0.1431780480086136,0.181854787560501
14,-0.2295168859036808,1.0340201018193644,1.727994079649953,1.9193020156244192,0.1999737763576477,-0.0839501704920646,0.1979217855824071
16,-0.2801575057651156,1.1255747970768262,1.6344888738530503,1.855307604450576,0.1999821715531174,0.0316899721341936,0.1944321938003141
0,0.0333333333333334,0.2166666666666666,1.5707963267948966,1.5707963267948966,0.2462540891317297,-0.19979092262004983,-0.19979092262004983
2,0.09701490227397154,0.008432695236743958,1.6617713524636368,1.5137322627726935,0.4990671277289282,0.1999706321086964,0.2051445836158688
7,0.0130115780833568,0.409624667446651,2.226247438765605,1.8091168654872647,0.1999555705875259,-0.0631404071588509,0.1802523613900309
0,0.0777777777777779,0.1722222222222222,1.5707963267948966,1.5707963267948966,0.06614241123843782,-0.19983989605253327,-0.19983989605253327
46,-1.0585459943782365,0.6602430220277113,1.4892460166309318,1.3050826880557436,0.2000000096101102,0.0729141822658539,0.1979532055393365
2,-0.0350032296896882,0.3998626587404091,1.716246630435761,1.500194294500843,0.199950442415561,0.5197063435785838,0.2064430890183715
34,-0.5515091717177917,1.7132475710330908,1.0410005158832534,0.9019665691501793,-0.1999999311607804,-0.3129560881771273,-0.2024071471397688
48,-1.0501720724376913,0.7225191941767578,1.6410717777858834,1.2096854566085626,-0.2000000099650344,0.2668557481688525,-0.1705193476947804
7,0.07991416331249382,0.3744448800454318,2.218299464006643,1.6865827533377873,0.15056444229347582,0.1544362078446857,0.14074825242180597
24,-0.3811815845538422,1.7439756485000395,1.2223792469097967,1.624217268311081,0.1999322693260089,-0.0374409225706681,0.1854707545892228
30,-0.3790334457678033,1.925202169015768,1.5487099621705949,1.0883404203076457,-0.1999862313215271,-0.0811117933240632,-0.1827689688980242
2,-0.07776678398070587,0.39451188759247086,1.5709783370282988,1.5709273624387081,0.451118540119393,-0.07753380219988495,-0.07753150254090976
29,-0.3664635744785847,2.000068361267604,1.4716245918096496,1.2143410251568685,-0.0018716701319452,0.0420931896890215,-0.0007389836105667
5,0.1060696480961908,0.1287594039693407,1.91647433284703,1.5658827445057528,0.1999674716923271,0.2488201186010658,0.1963492025243181
0,-0.0999999999999998,0.1944444444444444,1.5707963267948966,1.5707963267948966,0.1996243258769055,-0.4421779977802985,0.1996243258769055
4,-0.0598166095306079,0.0898830264541699,2.0072602708726794,1.168816398899717,0.0643026352345335,0.3252822429828643,0.0671821813778409
39,-0.9071043374389955,1.2938245349815138,0.6877032404939338,0.9166099007820652,-0.2000000098631554,-0.2474709157100396,-0.1891675907676955
0,0.0333333333333334,0.3055555555555556,1.5707963267948966,1.5707963267948966,0.31367196508585893,-0.19990491426387783,-0.19990491426387783
35,-0.6387087084298597,1.594267991872138,0.9612679036281712,0.8602469772811764,-0.1999600937469389,0.0434101978321949,-0.1985028537070634
0,-0.0555555555555554,0.2833333333333333,1.5707963267948966,1.5707963267948966,0.4261357513229632,-0.19993785202596379,-0.19993785202596379
22,-0.3275435203061844,1.657507668192902,1.5506598260332805,1.7458524997062732,0.1375069210235288,-0.1926011886440558,0.1386313152829482
37,-0.7448977664852393,1.4819070558798624,0.8395329322052896,0.9268895000359686,-0.1999999010736057,-0.1864671080243391,-0.197610427926876
0,-0.0999999999999998,0.2611111111111111,1.5707963267948966,1.5707963267948966,-0.45144290508625196,0.19965986289196697,0.19965986289196697
1,0.02995279141333,0.1858151337669306,1.7130536016993378,1.4885347184358837,-0.1999205853813679,0.3016682815268909,-0.1881865828980622
47,-1.0056127417367076,0.9579731602809012,0.9802161413092856,1.4909052420455131,-0.2000000093974896,0.5118586713467976,-0.1995001410267503
8,-0.0811539425033691,0.3883068577078582,2.144758652373669,1.8885572217110385,0.1999310838490058,-0.3747730435238982,0.183908200210953
0,-0.0333333333333332,0.15,1.5707963267948966,1.5707963267948966,0.27462461624983053,-0.19975498186773072,-0.19975498186773072
19,-0.3750078360261995,1.4319646889432416,1.4541426087396303,1.6591120391163634,0.1998643177846526,-0.117878981036866,0.1980798755299576
47,-1.0409686092131911,0.7434510008744835,1.5780020254588576,1.286417066815686,-0.200000009811791,0.1107553660051847,-0.188374007708771
17,-0.3384248105382599,1.423694904367345,1.5938835924382733,1.71550105579448,0.1997995102996398,-0.2402661619234429,0.2012385907819492
8,0.0753704243956333,0.4643578301881572,2.3177001149918737,1.7439648830269785,0.1999904042605759,-0.0637389901761778,0.1645082517990327
9,0.07831727793000112,0.40948984580103687,1.6945776101809482,1.5882946843635428,0.5147576165794503,0.20000000997923006,0.2043321670916417
29,-0.3705589162342924,1.9800510068336408,1.488497220449485,1.201283332379723,0.0470400502009499,0.043837571392802,0.046354978194366
1,-0.033365897344454436,0.33327523935111625,1.5658251541343073,1.5719310589858229,0.43760324864754496,-0.12254311223079016,-0.12280802262682076
49,-1.0992997822021753,0.6040729056570535,1.764808949554575,0.9488005430370736,0.2000000099757805,0.6970997415184242,0.1878047678248256
17,-0.2529830379168814,1.2281005656794046,1.7296511672755248,1.880755020596572,0.2000000099931763,-0.2155443441333515,0.2009656916595555
8,-0.0797727077933763,0.4334787351136452,2.1761655612462407,1.7629827647718972,0.1999515984565304,-0.1709121213690985,0.1762625976328929
45,-1.0208961038500657,0.8291380097980834,1.2679481702166546,1.4167256844285396,-0.1082251327635966,0.4635399225167415,-0.1139005905180351
5,-0.0878469988482031,0.1058980935296554,2.14074445266962,1.2988233662654378,0.1996612104630901,0.107326708192434,0.1409863266353018
25,-0.3590844285947629,1.9389871853314344,1.2644368095503955,1.4170985833295586,0.1998980467995283,-0.0445311611822422,0.1982503766422533
45,-0.9513213071107256,1.1796187772543465,0.6852638194799736,1.2164051320548732,-0.2000000099980888,0.1597150789899526,-0.1805357682020648
10,-0.0668237683022342,0.5920153356881458,2.0850483625958343,2.0331495969107025,0.1999766173861944,-0.3790662154832606,0.1977409372954163
29,-0.3551927235034284,2.002761581591863,1.5454384254736675,1.2246464755258788,-0.120785328886062,0.0499316355509383,-0.1130491506649639
30,-0.3665822924679198,1.9997530817913949,1.4926711866541602,1.2067460557060068,-0.1999703078831149,0.0528476692551703,-0.1903611974159625
35,-0.6259119180848175,1.6137302119030172,0.9198826065773942,0.8813705132052825,-0.1996712274676532,0.1400073101058679,-0.1989841072676487
32,-0.4718092711130553,1.7903910079380991,1.389030021805421,0.8806374052923099,0.0141034351173119,-0.5291347342528734,-0.0134371451348256
8,-0.0307855249863295,0.4188100600676448,2.198786859416425,1.97182244620364,0.1999518280309568,-0.3016198969116253,0.1880367782194524
26,-0.3227851839342976,2.072599371782238,1.45542911328095,1.3029933876171125,-0.1795900107395406,0.1691344422861598,-0.1749392729001779
1,0.07778684072251808,0.28972429605231637,1.5795499580588679,1.5680018609777928,-0.3197971340459064,0.11208467659676964,0.11170790632831566
2,0.033059933353124814,0.3314169503202437,1.5626629974124047,1.5689881630217488,0.5138196380247724,-0.1994199836578488,-0.199740991765023
7,0.05587992337436653,0.36395339623031403,1.63625529414532,1.5545534475243097,0.5867333497969197,0.19933168920977667,0.20345515901055378
2,0.076022688296939,0.2775344308208442,1.4126579848658798,1.581220138889516,-0.1999080719848892,0.1067329564246517,-0.198865382154019
11,-0.18738501614878084,0.8720542131102293,1.708736543223293,1.7741414641629234,0.2745177997992378,0.19996344456595858,0.19774169317976803
8,0.0718644722807013,0.4404335506706053,2.21031193505472,1.752110579037968,0.1999766148679187,0.060789694467463,0.1820378827764291
0,0.0777777777777779,0.3055555555555556,1.5707963267948966,1.5707963267948966,-0.40440035075431313,0.19805807792827212,0.19805807792827212
38,-0.8117675067734745,1.3991960153800862,0.7275791103993616,0.9316990344115892,-0.1999999027352871,-0.0085484876790819,-0.1956745742463462
13,-0.15569870109517014,0.9053354795354603,1.8248441189738625,1.7384112526324138,0.23004222531198532,0.19968321363613245,0.20092364327536277
3,-0.07685860129439613,0.2460393790919541,1.6905142015602515,1.5877565227888353,0.4155603184445465,0.05415833756934296,0.05813534672718095
22,-0.3346319465927957,1.764172206872642,1.4508790784748111,1.6174254749950412,0.1998204147991145,-0.1386629170741314,0.1993542546047911
33,-0.509056212332227,1.7419747714446665,1.1551651787698214,0.9249239421423688,-0.1999969364964143,-0.1089202459707032,-0.1972049864511368
42,-0.9172930708916534,1.2254130103138283,0.6676924072467374,1.1483784761967737,-0.2000000099562584,0.1567468868991911,-0.1845833709538152
0,0.1000000000000001,0.15,1.5707963267948966,1.5707963267948966,-0.24891133445678396,0.19991749938291045,0.19991749938291045
32,-0.4621454655218546,1.841973850393544,1.4165237891342208,0.9643946775032456,-0.1999717760796236,-0.4560801782974517,-0.1998037147661046
12,-0.0573415160936395,0.8195969961107865,2.073586610197044,2.083787584773962,0.1999883546732331,-0.3705429698063715,0.2003559327670395
1,-0.10000609315974592,0.32376297802752835,1.5797462361541132,1.567732780214271,-0.37208401628749826,0.16439207547025533,0.16393322208248465
19,-0.2759821343083783,1.429021586504542,1.5950272008770972,1.8702430302895496,0.2000000099935234,0.1931704069859123,0.1872238274570229
3,0.09991714923682987,0.12497910934758083,1.6125531639781752,1.556756123993137,0.3054078784689023,-0.1807062824637954,-0.17872185665432277
22,-0.3851899924380692,1.6473325814025324,1.4609432346453697,1.5945569907741546,0.199491672738836,-0.0811183222936681,0.1987942246058328
4,-0.0796009704368488,0.2418506859801254,1.8411843352646768,1.458012189412106,0.0916508022208151,0.3748851880807032,0.0990202179636922
33,-0.5203585096438382,1.7593683082929827,1.2141945853946448,0.9163951741886266,-0.1999797313951177,-0.1382634120434718,-0.1952344084937675
7,0.08867392472541108,0.3828661812934653,2.1912595031887045,1.7551952614737076,0.11068589739735435,0.11881222879812761,0.11236900355675601
41,-0.8799699885647816,1.2953312089057871,0.6810090273917528,1.026810903422792,-0.2000000092547671,-0.0155389577572363,-0.187634105531574
22,-0.3800570769673559,1.608720285928092,1.4450640836710082,1.5803158452059614,0.1984579256209851,-0.2784083235743892,0.200399543416425
33,-0.5173023083410508,1.7548239895743618,1.2130777054361244,0.9063952983330624,-0.1999769490330523,-0.2215125360298764,-0.19733351035315
17,-0.3256926968165446,1.2284257185661769,1.6175172880108653,1.7501508583487753,0.199964289067959,-0.0181751665992184,0.1984483712538128
17,-0.3414504700782867,1.254204192704655,1.6013646815872735,1.716603847467572,0.1999730988309883,0.026389463085313,0.1983433024219875
27,-0.3245851679237452,2.139183003888858,1.2899900089876877,1.3345298670096415,-0.1511866439846078,0.2698973803129929,-0.1522384285001233
4,0.0290919357684465,0.1358804622753933,2.156986832857452,1.3669855272430709,0.1999443080968685,0.2965300951835876,0.1617938188053786
21,-0.3647366235675016,1.5917569899745752,1.4309871052682004,1.6296701782652288,0.1962955731924327,-0.0072907909035762,0.1925778257505165
14,-0.2463980267460842,0.937349331015586,1.7132378987431356,1.902304191851591,0.1999814296751985,-0.0868875444543193,0.19805077086678
45,-1.0042513880286308,0.9290841311514056,1.1819386117078865,1.3819025462157335,-0.2000000085729775,0.1900496247965946,-0.1997897882790282
3,0.1033492615759551,0.3422637800671585,1.445121717504679,1.645385714854685,-0.1783488583170063,0.0998925844069982,-0.1767715388601386
7,0.0749835316386978,0.3235125495998122,1.9151911005839224,1.7245260270023048,0.1998174628446097,0.2304994576118942,0.2005646936426345
11,-0.2082870574858656,0.6313644899502271,1.792495415223759,1.9207317213461448,0.1999759955396921,-0.1400049177764614,0.2001244446266158
25,-0.3609241708394357,1.965557192294635,1.214517572470601,1.4281845520354597,0.1998928560652562,0.049604083285637,0.1942954477085538
20,-0.3739737946764651,1.5269004915599478,1.4134705561094068,1.6346205224693713,0.0112438984983064,0.0453821306723262,0.0099745980009961
2,-0.07830525115155783,0.20184085677636693,1.6325063640859465,1.5439800427825376,0.43731735659021603,0.028870063257021683,0.03262336609541689
9,0.0189771567767215,0.5362509723168778,2.223429123971844,2.030586561454932,0.1999795397867724,-0.175305513958532,0.1929128820470501
39,-0.7634134050184412,1.4496504572858118,0.894486159706879,0.8502891200447232,-0.2000000099573049,-0.3081485895747965,-0.2011661861056053
7,-0.0755503359294967,0.2671205503412843,2.2152919149477697,1.6927336817247205,0.1999641375664873,-0.1537792472289737,0.1656028641909356
35,-0.5835073240139528,1.6354293329468967,0.9482318556487336,0.9225140107538266,-0.199999922423772,0.1142953634861649,-0.1996398746988257
6,0.05485323454879722,0.30071180739086134,1.6247670502078275,1.5452182622826949,0.5688341108813769,0.19948801537019817,0.20337740263327328
15,-0.2945711715008369,1.0256220277624342,1.6473500820935745,1.8122491106896597,0.1999810963408131,-0.0363567676139199,0.1978651460576259
1,0.0065166740350614,0.232589665161039,1.7718443471538476,1.4553068022367326,-0.0883492997292138,0.2323156215546967,-0.0767285350766125
13,-0.2647722028284964,0.8099255388071714,1.6985961914596237,1.8574033265363563,0.1999946495548573,-0.1060489305846659,0.1991551048093469
8,-0.0528473237888901,0.410461539983369,2.164210352750401,1.96194583707584,0.1999451412681011,-0.358413661876172,0.1886689873274984
20,-0.3486036599877085,1.58064182784414,1.2746325153759046,1.743113391693919,0.1999195590232095,0.1902044928438446,0.1697909466592083
7,-0.0565084053861245,0.2765168738610105,2.2328059310741466,1.6796960499684903,0.1999741728738413,-0.1208906849523609,0.163806182985334
45,-1.0202335469662904,0.8365750001247962,1.211803508423813,1.4318221198759813,-0.092958535328712,0.5211343643461064,-0.1020912620655787
49,-1.0156364453176692,0.7543866026962407,1.5992622762494584,1.4611671956488257,-0.2000000096877459,0.9763387299399732,-0.1846560680211935
24,-0.3648474322013053,1.847173965305551,1.2971320637404231,1.5202623698890017,0.199862083025586,-0.0710316288305299,0.1964792228511434
0,-0.0999999999999998,0.2166666666666666,1.5707963267948966,1.5707963267948966,-0.4128075021401451,0.12677282556665864,0.12677282556665864
0,0.0777777777777779,0.2611111111111111,1.5707963267948966,1.5707963267948966,-0.3450117782622278,0.1715896042371206,0.1715896042371206
1,-0.07773086764603047,0.2687193879094038,1.6089189882066588,1.5587253903548057,0.3322322777216336,-0.19985357282639016,-0.19793497720483555
43,-0.954815975155438,1.1337614222214134,0.7585115302048102,1.3204670499703222,-0.2000000099535137,0.6532723486044718,-0.2040520525671578
12,-0.0407732202225417,0.8347250917902441,2.1205139636197776,2.0429911825315865,0.1999756921192368,-0.2823804662615756,0.1971881879800663
42,-1.0024451796667957,1.070033939153288,0.6477562336575955,1.4842022789997442,-0.2000000060252491,0.6472154821569424,-0.1820616340824882
6,0.09869621726004098,0.37949282639226545,1.4676669261846405,1.5686798161817292,0.6866098119244839,0.017518613945579305,0.010505458022123673
47,-1.0480442313636558,0.7693019121870542,1.352301370101911,1.379603759296592,-0.2000000098951483,0.3456949066952528,-0.2008691849107675
28,-0.26701696059155344,2.0677198490774,1.6765405131433129,1.6859843550047828,0.00206875219056351,-0.20000000999361353,-0.1999930451123555
12,-0.015637077616563362,0.7123490014008532,2.5106850826509826,1.00462867106561,-0.6144065684922547,0.20000000997344786,-0.048373004171643544
45,-1.0242964760287987,0.8148007428014808,1.229389947317402,1.4220379118085908,-0.1058982968597529,0.5027100189103566,-0.1135640653686185
23,-0.376957495974963,1.7866139546696205,1.3458952035612757,1.5089839066337962,0.1998486853131769,-0.0467761943855381,0.1979562804701691
3,0.07694819342418747,0.2851618253546274,1.4567574589035832,1.5857576698217208,0.2835737480161234,-0.1997362674726944,-0.2017246297844584
11,-0.150395675622143,0.9869100081463628,1.8485353569737928,2.050330322278864,0.1999492497299159,-0.2268920867155646,0.2004395156091196
34,-0.5569162893601447,1.7097704470776267,1.0161888720380825,0.8967408900102442,-0.1999999241362452,-0.3067769399492237,-0.2022305193003397
0,-0.0555555555555554,0.1944444444444444,1.5707963267948966,1.5707963267948966,0.1331731942608477,-0.0938280439949997,0.1331731942608477
1,0.0760143615037007,0.4238466834730614,1.3654210877008923,1.608333377199616,0.0941906834490077,-0.1089661737410889,0.0940463635630941
0,-0.0777777777777776,0.2388888888888888,1.5707963267948966,1.5707963267948966,-0.2955083058288543,0.19990706399673244,0.19990706399673244
5,0.08029313746833903,0.12586149622169499,2.029352512445222,1.4785646910650383,0.2762541063371702,0.19998024689667165,0.18486366190532616
15,-0.2828628222701434,1.1851966263417175,1.6668442110332276,1.8380373385862565,0.1999780507648642,-0.1023897904167331,0.1987991070741378
47,-1.040475285394953,0.7972623675271339,1.2958779081143874,1.3778381752907178,-0.2000000099691621,0.2705303590848408,-0.2015434298173226
33,-0.5188150041193651,1.7458436657283352,1.1148215436049762,0.9081872016553056,-0.1999800038053602,-0.0854859931486651,-0.1974797154761826
0,-0.0999999999999998,0.2611111111111111,1.5707963267948966,1.5707963267948966,-0.45144290508625196,0.19965986289196697,0.19965986289196697
42,-0.8708890676840033,1.3288470543469888,0.6812015754951222,1.0197501284630976,-0.2000000099648753,0.0204687990103734,-0.1893273580736837
4,-0.043737037742632844,0.6725586217486788,1.6033331287205463,1.6179104906606447,0.5565215087760269,0.19992120677661368,0.19908873276212585
35,-0.6674224861240022,1.566328044615351,0.8935892617849697,0.8887443624755648,-0.1999875274438921,-0.0360155932750605,-0.2000026294139704
7,-0.0315629387689105,0.3164659026345122,2.2333644894586246,1.8941620905966352,0.1998916714001067,-0.249079141684743,0.1802141790715754
32,-0.4510085034594935,1.842247418843784,1.4535318198231444,0.966881072410922,-0.1999789675073575,-0.3526161644299493,-0.193252972775282
31,-0.403206034615905,1.9111143029277804,1.531855277781032,1.0748785434666757,-0.1999878271000163,-0.1772150898287518,-0.1872865776942472
20,-0.3546247375319664,1.6419934991428322,1.5484334250263916,1.6659351396664548,-0.1256706483250216,-0.032451871197558,-0.1244236623017812
22,-0.3741995958373548,1.667217751849795,1.429464083353369,1.6077627789401945,0.1566481338286486,-0.1026810888616245,0.155985873434535
11,-0.1827639659979896,0.8133846948950011,1.816737222024216,1.976887828671416,0.1998270301155863,-0.2382250857865074,0.2010688004254166
9,0.061222481680571,0.5054662549792437,2.2215110161595937,1.861218511517833,0.1999968188706586,-0.0842090909933601,0.1841869970493828
0,-0.0777777777777776,0.3277777777777778,1.5707963267948966,1.5707963267948966,0.10184137238576339,-0.17844750026534514,-0.17844750026534514
40,-0.8882820692574975,1.252586289283267,0.6998029469531541,1.092553700592379,-0.1999998864895871,0.3692009285497725,-0.1989023169422157
1,-0.10000930583999008,0.21186226717887083,1.5821809908982853,1.5668791628397645,-0.24160931106186256,0.19978128301968642,0.1993882025015592
5,-0.0481396376354193,0.1567757802093219,2.2679885145881737,1.5389986077697393,0.1998640641376835,-0.0156114986630879,0.1480282292313172
26,-0.377452991762431,1.9575104050664685,1.140642805221333,1.454659022408578,0.1999140846579152,0.0993513815511602,0.1870696531778776
45,-1.0245353255738845,0.8157961467734522,1.3713950810259818,1.3547681897332498,-0.1999999849332825,-0.0113586330810008,-0.1999912252264225
0,-0.0555555555555554,0.35,1.5707963267948966,1.5707963267948966,-0.17143084310339443,0.033501622235987134,0.033501622235987134
48,-1.066233464993843,0.661738571803072,1.6167622119300744,1.1769066284741987,-0.2000000099472418,0.3039973402849733,-0.1680181680462056
31,-0.4079631809971982,1.8933845487655487,1.5145834318244529,1.0512884778179992,-0.1999607048551156,-0.2087567206864465,-0.1882111157475491
1,-0.0788535076834455,0.2388408579573162,1.6217170129878973,1.5426700350218858,-0.1998191354641937,0.1788027878625503,-0.1977832724845096
27,-0.3440082497722084,2.08617590118536,1.2163742995162945,1.358551755864499,0.049430262749833,0.2987076377168564,0.0446988461187884
49,-1.0951715084435985,0.6163765530639285,1.7742348375986086,0.953093461220386,0.2000000099755425,0.6667362073077004,0.1850772817115232
5,0.1096899229547958,0.1877570049197957,1.7742663818981796,1.5743741132597215,0.1996490807587676,0.5211887593703164,0.2060225825153013
31,-0.4250028260835261,1.873857271167742,1.5067254225720976,1.0042518015002404,-0.1998855435764755,-0.3488580651749597,-0.1919793089798763
21,-0.3776893811488508,1.5344504392994662,1.4255845155810358,1.629329704774422,0.0640004198256568,-0.0115348541460281,0.062910007332282
3,-0.0577924278103065,0.3800875746603359,1.721749212233755,1.487877647588484,-0.1440632038558046,0.393088549841911,-0.1310316479274621
33,-0.5204101995443017,1.6973517504520035,1.6822863595631885,-0.8722940520842214,-0.6933416926724607,0.08218061048917871,-0.10682603879888022
0,-0.0999999999999998,0.2833333333333333,1.5707963267948966,1.5707963267948966,-0.0185437709080849,-0.0478810031579265,-0.0185437709080849
45,-0.9891580517468168,0.9406597910676928,1.1261639924229123,1.2748867978309164,-0.2000000099485782,0.0113545924422609,-0.1979604832923812
2,0.0154547052096103,0.1216928309692844,1.848027616965909,1.3195550464516512,-0.1824697054660096,0.200094496836529,-0.1474878031512238
45,-1.0362431045516132,0.7629370657984027,1.3022293644525549,1.3800657331967583,-0.1984164369800649,0.4396238852738756,-0.2012341058487409
32,-0.464458650017641,1.8196416861331923,1.391764834889747,0.921595948456706,-0.1865199513396084,-0.539202752778623,-0.1907088769374683
0,-0.0999999999999998,0.2611111111111111,1.5707963267948966,1.5707963267948966,-0.45144290508625196,0.19965986289196697,0.19965986289196697
30,-0.3643270362615114,1.9794797193035,1.545129957886794,1.2017570747455126,-0.1999866031625996,0.0114021149289703,-0.1879284143435813
23,-0.3708313246381557,1.7171050222367363,1.36914943645035,1.5682876634396816,0.1999148906868175,-0.1269967610945166,0.1984763661552866
0,-0.0999999999999998,0.3055555555555556,1.5707963267948966,1.5707963267948966,-0.11497253985146935,0.026580636071759055,0.026580636071759055
13,-0.2162700303116066,1.0370991891310186,1.757288959731469,1.9203473342275232,0.1999867675523227,-0.0549264861330954,0.1982256843579493
45,-0.9991712756866024,0.963584580434886,1.1458751027680174,1.372909560599648,-0.2000000098973548,0.3778696868722468,-0.2033730814410504
0,0.0555555555555556,0.2833333333333333,1.5707963267948966,1.5707963267948966,-0.24815191941342127,0.14256461163591808,0.14256461163591808
49,-1.1053220084935969,0.5940913174874781,1.78256212913988,0.9132874852697772,0.2000000099755624,0.6553612765096859,0.1791366565545011
21,-0.3649883312178741,1.617778731527834,1.501354199879216,1.5961199935403176,0.1063625473098054,-0.0999034110529236,0.1068306334336577
1,0.1000229673151917,0.2762398182674545,1.5805516364660601,1.567867041039865,0.02118620942458262,-0.1998279343972267,-0.19978498543039305
17,-0.3044278436668158,1.2206016493478622,1.6503338599201474,1.7909382373180929,0.1999787414741408,-0.0999546211280222,0.199406026583518
24,-0.3742190048303372,1.820151231531644,1.3191349398266756,1.51970177003953,0.1998805680993171,-0.0860202206015187,0.1975874603627815
3,-0.0990449047052248,0.412834227095463,1.6529291095819811,1.5632613472628392,0.34926544574348545,-0.02521603924394374,-0.021987144760069372
6,0.08342210659157334,0.18068752629689222,2.1460785830876934,1.5505845008246735,-0.3267102991730275,0.20000000995672623,0.14724853613919303
19,-0.3584477003958209,1.4187377663219818,1.623789714123204,1.678328868700149,0.1960520704098367,-0.244678555943722,0.1970943570328255
0,-0.0777777777777776,0.2388888888888888,1.5707963267948966,1.5707963267948966,-0.2955083058288543,0.19990706399673244,0.19990706399673244
32,-0.4729777627520131,1.813004240540132,1.3830397447373295,0.926113557992647,-0.1999840524504714,-0.5390611259356489,-0.2032511939518711
10,-0.1728477002860171,0.538069759338487,1.8364464100445808,1.9458710453279988,0.1999823796114527,-0.0879019896416445,0.1997462501397459
0,0.0333333333333334,0.1944444444444444,1.5707963267948966,1.5707963267948966,0.36809782327613144,-0.1998775181082128,-0.1998775181082128
17,-0.15448220686797245,1.1639097910404408,1.807242056903429,1.9925070637246,0.058558105312094134,0.20000000999732762,0.19549882227208804
5,0.07742215391302112,0.24620108270970004,1.6293275552478175,1.548113840533392,0.5511516421602752,0.1435104752508529,0.14750864999732327
0,-0.0111111111111109,0.2611111111111111,1.5707963267948966,1.5707963267948966,0.39046927336936577,-0.19978799360956215,-0.19978799360956215
45,-1.0353453751957906,0.7658208563672028,1.393931604907816,1.3440787185307328,-0.1999999839906022,0.0185910751579274,-0.199658860961294
8,0.0455941630302424,0.4409065141792739,2.317099730011785,1.8502449042623248,0.1999732164676793,-0.137222017248293,0.1723976517461341
31,-0.4187401591271135,1.872439338289116,1.5401915351048912,0.9984587234398452,-0.1936525718470248,-0.4081359688515868,-0.1869690842078157
7,0.0467787046468651,0.3518004980853678,2.276739102924201,1.81490660521208,0.1999759777541506,-0.0595502500428781,0.1763724904365511
19,-0.3518759824500868,1.395842014364337,1.5454859931008686,1.6956883972093963,0.2000000099374805,0.20122972235984,0.1947370054173983
5,0.0793421459858418,0.1368279455107554,1.8999071310458628,1.4822474414198914,0.1999422345429732,0.2784510218199137,0.1940499429306623
1,-0.0562049943548756,0.3608543875833991,1.5047617974298948,1.5796709681130512,-0.053562204510011,0.4750762587632061,-0.0569674252556515
0,0.0333333333333334,0.2833333333333333,1.5707963267948966,1.5707963267948966,0.2845145498094512,-0.19975880451378794,-0.19975880451378794
1,-0.05540956531600043,0.28154908466925577,1.5865227385100464,1.5683238085392512,0.2574992473311212,-0.1997729450877539,-0.19927126828659467
0,0.0555555555555556,0.1944444444444444,1.5707963267948966,1.5707963267948966,-0.2005827059256199,0.19953881470929893,0.19953881470929893
47,-1.0486258998014577,0.7151282601558856,1.496866720699444,1.2853886303338369,-0.141320252031363,0.4081211099606521,-0.1296052024557569
19,-0.3541258658805916,1.4503451265254963,1.5195934560010622,1.7030857797455696,0.1999453255534841,-0.1804182974587801,0.1998807276371824
6,0.035902092211236,0.2855593504579828,2.312239248427548,1.7420101287831715,0.1999652757259548,-0.051899814423667,0.165524551074284
26,-0.3445667844018018,2.0295944558961336,1.2055669670185578,1.4028305757851265,0.1999020856104761,0.2240173195855526,0.1916348509636695
22,-0.3683099444812377,1.6732429970302654,1.3829805844418996,1.6168970908357403,0.1920887514444185,-0.107328883715019,0.1893451837446857
45,-1.0231108197628496,0.8255050350052787,1.3446376883497568,1.3468282551811228,-0.1999999930736026,-0.0086795337613922,-0.1999976119071505
15,-0.3157772446781489,1.0491363782709873,1.620960335692887,1.7767743716768931,0.1999894511964643,-0.0118734149637949,0.1977509422736343
48,-1.0516295415512844,0.7027930163979618,1.6146901328344023,1.241135773453936,-0.2000000099644189,0.2906460282809495,-0.1756007814842443
42,-0.9849115382240684,1.015974323001297,0.9698803549211472,1.3370828506821848,-0.1999998290395434,0.2532139677363758,-0.1957574328751228
0,-0.0999999999999998,0.1722222222222222,1.5707963267948966,1.5707963267948966,0.02194980987667257,0.04006885609833144,0.04006885609833144
8,-0.0507950047978913,0.4999064260859117,2.2210274812243376,1.6482217006600526,0.1999330104950524,-0.0759217206617631,0.1639055205845807
0,-0.0777777777777776,0.1722222222222222,1.5707963267948966,1.5707963267948966,-0.1437248075799517,0.19993274291873195,0.19993274291873195
1,-0.07775859201043224,0.17728326859659968,1.594008726128612,1.5633178783696111,0.35462720394489966,-0.1998519112303781,-0.19866958545109573
0,-0.0999999999999998,0.2388888888888888,1.5707963267948966,1.5707963267948966,0.4128710506616552,-0.1999399600884397,-0.1999399600884397
3,0.1075640628349987,0.0833750105038698,1.6158937131377922,1.6083887698143184,-0.0583552576779451,0.2841073123557422,-0.0581403953536817
21,-0.3663055272070581,1.5521919944100653,1.4536497717859789,1.635407979443419,0.1320800527254854,-0.0087118615507059,0.1300618258183891
0,-0.0333333333333332,0.2833333333333333,1.5707963267948966,1.5707963267948966,-0.09295375239908964,0.19118105671598923,0.19118105671598923
23,-0.3747916349084865,1.7419890880561726,1.32819014067419,1.5855805386605688,0.1999189182771303,-0.0792241108715401,0.1953498136803289
49,-1.1002903300664828,0.598806880182901,1.7687608820725609,0.9421344496018584,0.20000000997304,0.693716118831363,0.1865055386331184
36,-0.6660700152203242,1.5505267503032396,0.9499401758444682,0.912312460608727,-0.1999999173069647,-0.2053475160522125,-0.200630843041691
47,-1.0260459848666623,0.7966484779005087,1.6233945587899132,1.3293257816156068,-0.2000000099761011,0.0586020646384228,-0.1897159303590947
2,-0.0587400808917002,0.2186570472292289,1.7041216291846597,1.4936268667563168,-0.1079424981242274,0.4623705687581542,-0.0958990094193809
18,-0.3567437606716224,1.330018093013376,1.6325996230256803,1.6665648424513706,0.1998510379268566,-0.3032864008411583,0.2007656921827882
44,-1.016606951352332,0.8632275161790305,1.193867145165748,1.365225266466285,-0.1999999833689282,0.0681907868519943,-0.1982335955059583
2,-0.05541331670514274,0.25181703492602114,1.594016664722238,1.5652462204514384,0.46813654933988913,0.017085827183308023,0.01842542022442673
9,0.10620033217481187,0.542174285055095,1.6756723523765569,1.5577770880650321,0.5981119678548732,0.20000000995524206,0.20564682288313188
19,-0.3612535978322229,1.6206862683160317,1.4836366720046823,1.6327362225666862,0.1274633056466479,-0.179145787791628,0.1287103007535398
37,-0.7257103627177149,1.4862113061138476,0.8396508196566103,0.8980491407772483,-0.199999915622668,0.0500871542557515,-0.1999513106306406
49,-1.098571665049784,0.6068822631623548,1.7805651893812575,0.9465042244060612,0.2000000099754287,0.6581353631932984,0.1831205485051377
10,0.0441354560365277,0.606799903595634,2.2163936253284544,1.9024545961479824,0.199998568853208,-0.0731340100527392,0.1879651154923647
22,-0.3774788560600994,1.5817656823123585,1.399685265936346,1.6056491337188643,0.19991375672199,-0.1243240067555599,0.1982310027114298
48,-1.057214683824886,0.6766292794402028,1.6027567080743323,1.2449378570767509,-0.2000000099470593,0.3061312398359568,-0.1766109035296494
30,-0.3722153132457982,1.962784047781496,1.5937330985270282,1.1512478181728256,-0.1999504962152373,-0.0995939661893317,-0.1849578034054841
33,-0.5190044431433911,1.7502054710554296,1.2064061395837462,0.9180448842879836,-0.1998142597687441,-0.1573450651042437,-0.1960387699792559
3,0.10232272523885803,0.3372672913676133,1.8293566366159864,1.58587049047316,0.15361366388825842,0.17879720664878274,0.17722673029676755
24,-0.3528453527604934,1.9247941682756813,1.2886177590469914,1.4759632994878262,0.1994029712463578,-0.1608601435003102,0.1989098816100019
36,-0.5707340023165933,1.680920118325599,0.93334952715526,0.8893648585619037,-0.1995095432602497,0.1184877272451287,-0.1987955873839914
5,-0.09994947417084496,0.4477692132839424,1.5681191516854431,1.577330733071052,0.5291953162032167,0.19779205816779308,0.1972962009009676
34,-0.5850944289592497,1.6565169847751449,1.0624866308243504,0.8600420123453516,-0.0565948171113544,-0.289673611412126,-0.0612633481386126
0,-0.0999999999999998,0.1944444444444444,1.5707963267948966,1.5707963267948966,-0.4421779977812528,0.19962432587690984,0.19962432587690984
0,0.0555555555555556,0.3055555555555556,1.5707963267948966,1.5707963267948966,-0.278692405886877,0.10935537486193186,0.10935537486193186
0,0.0777777777777779,0.3277777777777778,1.5707963267948966,1.5707963267948966,-0.3736574047322966,0.1640131168652352,0.1640131168652352
3,-0.1014982668790331,0.38184462310271094,1.470781865317024,1.5707294873914948,0.4961718141959999,0.018912730286238983,0.013867477404635472
0,0.0111111111111112,0.2388888888888888,1.5707963267948966,1.5707963267948966,0.39981577211291136,-0.1998291862253709,-0.1998291862253709
29,-0.345753325154065,2.004085144695132,1.5577287511954472,1.2216517656164338,-0.1999500263313649,0.0901013619666949,-0.1857925409071245
0,-0.0111111111111109,0.1722222222222222,1.5707963267948966,1.5707963267948966,0.3791306568525211,-0.19983826396154572,-0.19983826396154572
0,-0.0999999999999998,0.1944444444444444,1.5707963267948966,1.5707963267948966,-0.4421779977812528,0.19962432587690984,0.19962432587690984
9,0.09757776343115425,0.46235789523447596,1.7483243467893939,1.6146399423240119,0.5310425793717672,0.2000000099622327,0.20529360225069562
31,-0.4129843622419278,1.9361978857744664,1.4882693860458358,1.094749975326864,-0.1999189130463058,-0.127600917709735,-0.1895309147331306
0,0.1000000000000001,0.15,1.5707963267948966,1.5707963267948966,-0.24891133445678396,0.19991749938291045,0.19991749938291045
5,0.0525481311901696,0.2114694754916743,2.1376534934250278,1.3174193023090552,0.1998713524071646,0.2048435264477524,0.1513025694471111
47,-1.0281211075754095,0.9160621240870744,1.2663902189823342,1.4162433283103866,-0.2000000099743336,0.2901302035242534,-0.2020900511746642
15,-0.3042938710740255,1.0890042642350883,1.6409215379880926,1.7971983558168276,0.1999621628337497,-0.0774773758471236,0.1987312153473445
3,0.0122309692395788,0.008602937400948,2.036899714111207,1.1882531491931412,0.1999329089475915,0.3454633768564949,0.1580786274196043
37,-0.6717113450849734,1.560582729635683,0.987060746534974,0.8358289244161363,-0.0530546119904573,-0.2633879680410551,-0.0564171577381128
28,-0.3376692869375592,2.0596653930026934,1.4675547862476588,1.275955799463511,-0.1524793938547626,0.0708267670501364,-0.148340426884687
17,-0.3109715250615508,1.228189350010418,1.611061294331679,1.7798374235162062,0.1999767245625001,0.0734684571104189,0.1959011787811397
20,-0.3729048669710186,1.5180185708074505,1.429504794075939,1.6323593135806016,0.0241374766897217,0.0254813448598017,0.0231291865103249
8,-0.1205581070768113,0.4021388631667745,2.073758363185962,1.862145305527007,0.1994990933070518,-0.3645352001805743,0.1873923467347287
31,-0.4156868736795449,1.8678140766240865,1.574588765331086,0.9903914971444672,-0.1966426411514813,-0.4673166585394989,-0.1898043727629449
0,0.1000000000000001,0.3277777777777778,1.5707963267948966,1.5707963267948966,0.1824898363326433,-0.3521421311466172,0.1824898363326433
0,-0.0999999999999998,0.2833333333333333,1.5707963267948966,1.5707963267948966,-0.04788100321313902,-0.018543770885689967,-0.018543770885689967
21,-0.3693176371717667,1.5855065413485725,1.447878508429664,1.6545056930190452,0.1660781163955533,-0.0368288501525907,0.1633009576692418
0,-0.0111111111111109,0.2388888888888888,1.5707963267948966,1.5707963267948966,0.368350673346973,-0.19978521419499629,-0.19978521419499629
3,-0.033475919793947366,0.43145270020218207,1.6352755145791988,1.6024562463437464,0.48274489190738845,-0.06388477171730449,-0.06226632051245865
8,0.07828457326299691,0.3927236406787923,1.425364378218835,1.5162963317886078,0.7250454526681792,0.2000000099938018,0.1925898196365833
16,-0.332120724445251,1.1265314740701955,1.6084411441287525,1.737713582763922,0.1999874805305678,-0.0364780410400922,0.1987890228317811
6,-0.1237282934317923,0.3044184030121915,1.9256407994037208,1.1783822945612583,0.1998559153317267,0.3568241060805959,0.1708561179481256
7,-0.0109477924702556,0.3273817318955138,2.255125285540968,1.906703179895388,0.1999803813983371,-0.2179346357136291,0.1805234615353675
0,-0.0111111111111109,0.1944444444444444,1.5707963267948966,1.5707963267948966,0.3806528054895435,-0.19993736276202304,-0.19993736276202304
30,-0.3642268818545513,2.0200073458863206,1.4846982884840676,1.2280762000449643,-0.1999980209298564,0.0672895893521658,-0.1917407486603095
0,-0.0777777777777776,0.1944444444444444,1.5707963267948966,1.5707963267948966,-0.20553646666327713,0.19992106105418703,0.19992106105418703
1,-0.03322849340297712,0.23441842415807423,1.609152448424373,1.5594923389095805,0.38787625057603087,-0.19980510523350306,-0.19763337743338666
49,-1.086736207695347,0.6430097623229886,1.782918344222969,0.9703861008854586,0.2000000099671024,0.6268014755238176,0.1830401568748949
38,-0.833447297968226,1.3587163029839993,0.789579971847103,0.9126729919862592,-0.1841900244004557,-0.2561373756638109,-0.1796514554508025
0,-0.0555555555555554,0.2388888888888888,1.5707963267948966,1.5707963267948966,0.45801403441777466,-0.1999401343965607,-0.1999401343965607
14,-0.2911230163532585,0.9058553133460228,1.6455717261672904,1.819497588626132,0.1999885922329356,-0.006807150953069,0.1970891596735753
2,0.0751606258590299,0.376000062549617,1.320560931059604,1.5882426126168316,-0.0502145173870865,0.4232465368885501,-0.0596209297040444
37,-0.7636936366398552,1.4585077764323922,0.8534529467115587,0.8583449911145044,-0.1999998585567334,-0.0854751899705908,-0.1999556506776721
7,0.0137767916894226,0.3241816413807332,2.2775199897812994,1.645297128138612,0.1999605722429961,-0.0137090630735452,0.1605012555685662
2,-0.07811996356673576,0.17892763182639812,1.6196593223747353,1.550342147725449,0.42806228288724607,0.034130751346017674,0.03701361844822237
47,-1.0389635251794362,0.7469199430123795,1.3219177556336676,1.319320400402218,-0.2000000099512905,0.5946887595258294,-0.1998448737038255
13,-0.2794979256940809,0.8577282347144617,1.6692216470395569,1.8468856179564896,0.1999703980399821,-0.0597554697256232,0.197878772445162
40,-0.8970408203297715,1.20485410461411,0.8072885096499531,1.0947751854877572,-0.199999748257739,0.2325177524562589,-0.1983845432410923
37,-0.7420556374282502,1.4591539886933016,0.8711527626258242,0.9822488326988684,-0.1999999058114782,0.0634822258884156,-0.1994707543472759
9,-0.14901378335297494,0.6916580575926493,1.7764624028057172,1.7773722912166652,0.23914043490367906,0.19996244529007218,0.19994060340790315
20,-0.3778665957919242,1.5334106872367832,1.459368042144732,1.6348856112008383,-0.0009473038876205,0.0473466793813733,-0.0017595069852722
1,-0.09997122080240135,0.36377084849316393,1.5841394430634121,1.5667506683373387,0.16309306692441206,-0.1062804655538666,-0.10598081340554989
2,0.0972697279691898,0.4286497110567437,1.2922945269563622,1.6027049283078298,-0.166747860131596,0.2616493619897611,-0.1667707606567807
0,-0.0111111111111109,0.3277777777777778,1.5707963267948966,1.5707963267948966,0.38909411936052873,-0.19971430670961426,-0.19971430670961426
15,-0.18864223154742296,1.076830002906057,1.8012917254331224,1.7798332474991974,0.14851988993072612,0.19999012766184868,0.20026276169418902
40,-0.8841350927609152,1.2582348163460564,0.8540633161045248,1.0156482732484922,-0.1251795491414672,-0.2053463868380342,-0.1202452331182373
0,0.0333333333333334,0.1944444444444444,1.5707963267948966,1.5707963267948966,0.36809782327613144,-0.1998775181082128,-0.1998775181082128
32,-0.4802523846284359,1.764821573906264,1.1703618285736062,0.9391694879061298,-0.1999628271895122,-0.3074899063304177,-0.2016883629696617
10,0.032027603173103755,0.5558213751618405,2.3038389127814334,1.9636413160129074,-0.5093843606452777,0.2000000099523506,0.17154095994217688
3,0.0997928059940571,0.13757651670813273,1.5785882600579324,1.5702768676232446,0.2983195484180696,-0.10563365888687103,-0.1053820681320642
11,0.0699131737868798,0.7654714103689745,1.8239265010368566,1.71346204646344,0.40667212120159446,0.19998622715257638,0.20325046272066635
6,-0.055171909195968,0.1963155368884678,2.224738801331544,1.482145007046879,0.199964783856837,0.0161342594852073,0.1484084785159603
19,-0.3567623249560622,1.5069719598405735,1.5566728749491834,1.686643062773762,0.1254608703079852,-0.2514584545553655,0.1276617197479161
13,-0.208039146576042,0.8736598679902264,1.7897547382950618,1.9255826235539724,0.1999911263564081,-0.1678980753352551,0.2004226395513546
5,-0.10132457207303466,0.25138069093665755,1.6376631819319467,1.535005778406929,0.471088024835056,0.10578425080895311,0.1100549118833842
38,-0.7835972822370284,1.4033679897612068,0.906286498221939,0.8773213807927314,-0.1999999865924412,-0.3380316357069161,-0.200895070359887
39,-0.7675377608374435,1.4494564359117543,0.8947022446027009,0.8557428483310819,-0.200000009953902,-0.270404871799075,-0.2009014602620926
17,-0.3221387152045872,1.280154909402172,1.6418001918624592,1.7485949228700304,0.1999734285901901,-0.09670410853134,0.1998649390157529
6,0.1026314201836601,0.2263166005446521,2.040884392147563,1.6485725734743204,0.1999601397450171,-0.3019124779241801,0.1732258129868538
3,0.09932351066884895,0.2507081835597422,1.6126889093455414,1.549586003424437,0.19936449459320696,-0.17441248807890544,-0.17280813691689192
41,-0.942911978880054,1.1372306876610774,0.8402334966644873,1.238553301968799,-0.1999998953895178,0.4051003358145461,-0.2000553381302194
0,-0.0111111111111109,0.2166666666666666,1.5707963267948966,1.5707963267948966,0.3687586470214103,-0.19981951277973756,-0.19981951277973756
34,-0.594099162076944,1.633811779655452,1.048971582730085,0.8717053428825459,-0.0870426843113001,-0.2658343110018946,-0.0903663807154166
7,0.0788647623108884,0.31630647790565586,1.6584485993396978,1.5681196723609314,0.5422519241002998,0.2000000099572619,0.20407607834870164
32,-0.4728953204126946,1.7896472706999638,1.3409304360613366,0.8957151037568553,-0.0541329730432785,-0.5031388307792716,-0.0705237660455954
0,-0.0777777777777776,0.15,1.5707963267948966,1.5707963267948966,-0.14742041656065838,0.1999558785497725,0.1999558785497725
21,-0.375664878037684,1.5420046978903252,1.4183919576123798,1.6271886906538438,0.0805616548019344,-0.0374133833520665,0.079587454931007
0,0.0555555555555556,0.2611111111111111,1.5707963267948966,1.5707963267948966,0.0919657282676386,-0.1331491846167223,0.0919657282676386
2,-0.03305307713788866,0.2368802197776336,1.6721135713016189,1.540925882055111,0.4169666868205971,-0.030806264554822257,-0.025087140509971198
46,-0.9845005911455412,1.005085570153864,0.7885049895355595,1.371932659161252,-0.1632770525318856,0.3300894033573667,-0.154451870858128
15,-0.2866855890027098,1.0187485130569949,1.6511342794019002,1.8380543338939943,0.1999872533274183,-0.0550636466710841,0.1975269926170815
0,0.0333333333333334,0.3277777777777778,1.5707963267948966,1.5707963267948966,-0.1997317424188846,0.3180073275847675,-0.1997317424188846
17,-0.3339312350937028,1.220297344323195,1.588974310719069,1.734089640763489,0.1999908416455515,0.1099955258501885,0.1962981775670712
6,0.07994628645783149,0.19742722783794256,2.0112428347380966,1.6345472768518012,0.10790357673849385,0.1999980752204683,0.1899444900213886
33,-0.5326622122256457,1.713128179847563,1.0704027076821558,0.9189089237297018,-0.1999764499762062,-0.0260908961679198,-0.1980798197099438
32,-0.4528049745703074,1.8237166151796085,1.4191064195720688,0.9658946587291268,-0.1996221078719144,-0.4135854492964193,-0.1975784072143616
44,-1.0190640727082212,0.8489584066133391,1.1476177952441025,1.3961836784083346,-0.1657893483721421,0.4926276193274264,-0.1728133544746291
44,-1.0000161033133177,0.9459160185184218,1.1205977300264485,1.4635875138512549,0.0978030165829057,0.4490396267334014,0.0770049307187804
21,-0.3622969228226306,1.6182869511051,1.407331463592321,1.6618291932617606,0.1384665920603986,-0.0398966640445575,0.135011000806094
7,-0.0402660043784606,0.3474910523532652,2.221073743877471,1.779749856440983,0.1999601725883173,-0.1033629589280904,0.1763863703081824
33,-0.5196182144999371,1.7725263145086831,1.1914038856391052,0.93561935417117,-0.1999940981842773,-0.116584744289861,-0.1964369573050048
12,-0.1844388053654767,0.7422040643370447,1.7711312987156351,2.0189822695540003,0.1999937901235201,-0.1169183489578706,0.1967506069341704
3,-0.10044156002420362,0.32430495696750516,1.434453356513563,1.5682383971868594,0.397316963820528,-0.07371147533037241,-0.07835246280528557
42,-0.9692290809571554,1.0593603605423243,0.8392390290593736,1.2448332989238853,-0.1999998871329681,0.1664558829417007,-0.1903412772135918
11,0.0014373703879214754,0.6992554043912513,2.4033755841042854,1.787090154408788,-0.5582000369216017,0.20000000995822315,0.13094182875288152
42,-0.9753540734672578,1.0925245012149307,0.813441606248902,1.401305097736144,-0.0889387598081111,0.6240696806778507,-0.1086183171649897
9,-0.0750667904722834,0.5448310127377085,1.9713016244738115,2.1073215865275188,0.1999874383774779,-0.1575053776808701,0.2002760496128746
21,-0.3685359864172722,1.5567897753609,1.4481040323686178,1.6088941000428494,0.1999824737130161,0.0511700692381732,0.196583697148192
0,0.0555555555555556,0.35,1.5707963267948966,1.5707963267948966,-0.2895187719702583,0.17553538498320548,0.17553538498320548
18,-0.3526975394258265,1.3802750656290184,1.612544250866819,1.681360494963154,0.1995400162814178,-0.327728473034057,0.2013212489486938
22,-0.3641521188359843,1.671592499907491,1.2984261286517338,1.6316446113146386,0.1999444894890751,-0.0437427775667204,0.190377212333112
15,-0.2605028307295994,1.189775378352574,1.6608254871008818,1.893599700936349,0.1999922120605686,0.0264393222998501,0.1939885637501109
38,-0.7710526085603601,1.4016997033846053,0.920169247472205,0.8856471323596553,-0.1999999043752915,-0.2982045982355016,-0.2009099995015378
28,-0.3341819231416698,2.1610632131130436,1.4563124592414933,1.3130009851832174,-0.2979950514115612,-0.20000000976527887,-0.20220571212356744
6,0.0348170757508321,0.2290001959611939,2.280488654446018,1.5679673347967849,0.1999740504222275,0.0356640126780303,0.1536550733421778
35,-0.5944544212938535,1.6431046267413805,0.930316246433922,0.901790950389294,-0.1999999163417595,0.0618839191717405,-0.1997420508688195
17,-0.2447484931442924,1.2326289402369268,1.6546369306232769,1.914108298858572,0.2000000099657725,0.1186740166562163,0.1902603433308403
0,-0.0777777777777776,0.3055555555555556,1.5707963267948966,1.5707963267948966,0.4435299205771083,-0.19993393403441095,-0.19993393403441095
2,-0.05480573288789658,0.4718186304924948,1.6361799566682915,1.5681157238130519,0.3556467948887778,-0.18715603866270886,-0.1843038693957101
33,-0.5238653192671046,1.7492191478042691,1.1356868366902744,0.8939144180793293,-0.199975764761023,-0.2561788079122776,-0.2002930299512453
7,-0.0788691492210686,0.2555043573569241,2.204161101824856,1.692764939520304,0.1999941115533198,-0.1520665148341628,0.1669652182146316
27,-0.3218807853414906,2.086999556419468,1.4549360874615278,1.296795767773416,-0.1997642745788493,0.1112315831076664,-0.1955198901249875
29,-0.3500178586518926,2.0275756632517608,1.5140276811643152,1.2459210823712417,-0.1909709359173615,0.1015670281723968,-0.1814577730130474
4,0.07868024197536362,0.30460604243594214,1.8359917554834428,1.6136298696928628,0.34760586278216205,0.19991306492558863,0.2026569543075922
16,-0.3056022083001978,1.1000532945298818,1.6815821996578093,1.763499159663949,0.2000000099425548,-0.2238738566081878,0.2011612024622114
43,-0.914689941944406,1.2471804390020822,0.691435975000309,1.1440805023613945,-0.2000000099541462,0.4313211315839286,-0.198722369870872
1,0.055408021114340185,0.2250066795045908,1.5491711469974856,1.575610833663941,0.2460758124623596,-0.19984037047929212,-0.20042106557763892
21,-0.3731487614482819,1.6407485717496142,1.4414587740005649,1.5788026610886492,0.0894022146668385,-0.0002263392943651,0.0885634258507594
25,-0.356577341546325,1.963200579119603,1.2106220178097191,1.421459292626256,0.1999292038399208,0.1443280418636666,0.1924814996855515
0,-0.0333333333333332,0.2388888888888888,1.5707963267948966,1.5707963267948966,0.12524897720683725,-0.06524887598343333,-0.06524887598343333
31,-0.4104338997226879,1.923945520774598,1.4856165805870976,1.1095467710351448,-0.1999451064970593,-0.0647913081656665,-0.188351568272677
4,0.0649699962467361,0.259702476812092,1.8379757296166632,1.3563200005953018,0.0338025982721894,0.4581648207456979,0.0511812025651
24,-0.3718722280965487,1.8680083376243428,1.2502626377075212,1.491434129681273,0.1998674155504288,-0.0714901304738404,0.1957904940079508
8,-0.07762600008180391,0.4819421976496229,1.715713643291303,1.5940831646411133,0.4355321503355136,0.19973433255893888,0.2035430673446352
7,-0.0582909459889588,0.3004239988786942,2.218977758508613,1.748958724529463,0.1999647350391951,-0.148438212269888,0.1715576777882829
17,-0.3421006496414904,1.207466718907459,1.6113252637245168,1.7114197052476174,0.1999919318199636,-0.0446815698439364,0.1994374099348098
2,0.05536352333321051,0.3094438474743196,1.6280677179482321,1.5494044761060126,0.421922811537101,-0.09481343622979949,-0.09120467941793518
7,0.1009696774151017,0.3243409379041383,1.6865573861312608,1.5739879418860259,0.5324472982747618,0.2000000099612615,0.20471523851992757
0,-0.0111111111111109,0.2611111111111111,1.5707963267948966,1.5707963267948966,0.39046927336936577,-0.19978799360956215,-0.19978799360956215
18,-0.3367924164534062,1.400788476796058,1.6308135443209453,1.7213708484383097,0.192596499626772,-0.1377309014293064,0.1930528831874267
41,-0.9489174173926206,1.1230607978894886,0.954986305568086,1.2591960234454096,-0.1991861698141383,0.3209780596116842,-0.1996548853393971
42,-0.8944277327534383,1.284174776001065,0.6553484865804646,1.0930385043286637,-0.2000000099129393,0.187538431506446,-0.1890954270464515
17,-0.3364451821699882,1.2601705659551563,1.5817500075080029,1.730557101892494,0.1999719113753431,0.0907045065367752,0.1964171782325675
22,-0.3787341108801069,1.654220525780191,1.43448884331215,1.5896949515178702,0.191876429249886,-0.0958741750517366,0.1910520740295553
15,-0.2145553640259326,1.057883147845306,1.7180779893229523,1.9834867046575269,0.1999935238220307,-0.0643818377459365,0.1946795847604029
43,-0.9916687724901564,1.0221998124761569,0.9632764391633656,1.5053635967827492,0.2000000099592123,0.5015587202820431,0.1454500842834718
6,0.0831930290554005,0.2331262184594795,2.03913264195582,1.5817383158021834,0.1999232473403737,-0.2478830827437955,0.1684255757062625
30,-0.3605538159704166,2.005577659583434,1.5190645313745716,1.2261760233724266,-0.199987606785515,0.066630311182317,-0.1895471721588368
15,-0.3149301319251713,1.0451192627518835,1.6156182046439085,1.7733142732997056,0.1999725290094657,0.025909244595363,0.1970843268191976
5,-0.10586538279777002,0.4658378999726037,1.650482860354198,1.6099804519998908,0.4390449083193385,0.19980592787507287,0.20141981642428292
43,-1.0011928867739497,0.93379341072006,1.134770902087731,1.3830386280561775,-0.1999996948232113,0.434871254480276,-0.2045534931874487
45,-1.0337352458407625,0.7691355928348456,1.2420648418327551,1.40699176267362,-0.0969894187294263,0.4883677240189666,-0.1036913400641503
2,-0.09982199012513099,0.3983607674845323,1.59284029627708,1.566387617859201,0.2539380668050676,-0.1998386629689521,-0.19909709320937782
3,0.10056987045013854,0.23449728426605113,1.631447777392932,1.5682995886598086,0.2067050248845456,-0.19346277409163404,-0.1917727296714425
7,-0.0994522078561497,0.8707909660457919,2.051155431358132,1.9674904603864616,0.1977165215145161,-0.3434504382195885,0.1941548083522948
1,0.032879882110595574,0.44005129077100735,1.5227129134025912,1.5780984086784362,0.44593645327168246,0.0030063897470427882,0.0005332011974592769
38,-0.8186397538513117,1.399979751883509,0.815536492645599,0.9027582095621104,-0.0977848332864324,-0.2759419374132222,-0.0950093512956574
47,-0.996142959352472,0.9277798375033656,0.9535496912142428,1.467272947644162,-0.2000000099701414,0.5143809746126901,-0.1994620593587291
48,-1.047634437519487,0.7141380931275213,1.5959309029771438,1.2604867864710636,-0.2000000099652386,0.3106288750199062,-0.1786273029652603
20,-0.3743119275002656,1.5456963843237082,1.3887597605633804,1.625861325763359,0.0147046629476236,0.0634648383428109,0.0128025665957572
10,-0.1311159378235903,0.5726609231725693,1.868146858039526,2.0528939173559677,0.1999882269843017,-0.1074207260454426,0.1985582728904768
0,-0.0999999999999998,0.35,1.5707963267948966,1.5707963267948966,-0.449362583311237,0.18616524831525308,0.18616524831525308
0,-0.0777777777777776,0.3277777777777778,1.5707963267948966,1.5707963267948966,0.10184137238576339,-0.17844750026534514,-0.17844750026534514
39,-0.8554143576303334,1.2887309637489668,0.8264085242464096,1.0012670634758631,-0.1999994684883123,-0.1175412508770603,-0.194904856842019
4,0.0826110247520995,0.0780564461698846,1.6152325440010769,1.5895357423913423,0.1311154838717747,0.5095410180407174,0.132381410147331
2,0.05520418961119532,0.36006195962549153,1.52551706484088,1.5750514977586876,0.3581743988436519,-0.1993066079800136,-0.2008356137584539
12,-0.1853419056120754,0.8272615553089511,1.8311161231777155,1.9392754466981676,0.199988972927471,-0.1719937858284359,0.2006769816636947
22,-0.3696814086038235,1.6556941354841614,1.4736890669877043,1.5600345773941902,0.1829029917118018,-0.145411529194695,0.1834755979783622
35,-0.6408364693765042,1.588205695383891,0.971142623180631,0.8631755047678483,-0.1999774236225918,-0.1752583469159173,-0.2007015369223561
24,-0.3742710524740105,1.7794095964189758,1.2872731313204064,1.500712175201903,0.1999867479884729,-0.122268159971581,0.1980386051338636
24,-0.3745938551460839,1.8607452824726805,1.3744009653089808,1.5342130467450374,0.0369236519653424,-0.2741919347107444,0.0408164313204932
33,-0.5063311792385301,1.758766608715597,1.2382847041110017,0.8954109019500947,-0.1999989505047897,-0.4368281430071239,-0.2030434350105557
33,-0.5258537359410559,1.7442396964169562,1.2759853968774992,0.8612351408479938,-0.0893321738607529,-0.4964846666411313,-0.101764737228164
0,-0.0777777777777776,0.2166666666666666,1.5707963267948966,1.5707963267948966,-0.15248996489396008,0.19994027393048325,0.19994027393048325
2,-0.05550387749602528,0.41568557999967226,1.5736195678499083,1.5713354795118064,-0.07870537922356456,-0.11081092217641819,-0.11082861011120658
29,-0.3570615921815009,1.989064195253245,1.4807293473704313,1.2039595101200624,-0.0872755130645889,0.0771828594956371,-0.0818450568489626
6,0.0577678455909268,0.4105402410294098,2.2784663269847405,1.7219257812715123,0.1569059143006397,0.1041146819766706,0.1387267530714638
0,0.0777777777777779,0.15,1.5707963267948966,1.5707963267948966,-0.2758509773530975,0.19960564908216105,0.19960564908216105
0,-0.0999999999999998,0.2833333333333333,1.5707963267948966,1.5707963267948966,-0.04788100321313902,-0.018543770885689967,-0.018543770885689967
11,-0.1676514689096109,0.6832326968407705,1.8192372838986748,2.027599342789321,0.1999884279442366,-0.1586815065114556,0.1989453363407375
17,-0.3544215392543478,1.2474037434159213,1.5708005764914996,1.692748660311377,0.199990007895579,0.0995613843540111,0.1972936656979152
46,-1.0205268610686455,0.8952068935949326,1.252142566670963,1.3604452440115395,-0.2000000099699818,0.0874706828868491,-0.199773689027473
18,-0.3576446049254387,1.3350073085178853,1.6220511194591003,1.6684130259622758,0.1996835202807688,-0.1527748913864141,0.2001769960176938
27,-0.3616802976163241,1.9822012622435867,1.1999907851525535,1.3824413592756704,0.1999549150299032,0.3301314059922036,0.1906461613815343
32,-0.4652526561644991,1.8015398484188552,1.341990964370921,0.9096733750362704,-0.1126009386555647,-0.5050695545315453,-0.1234025509299011
23,-0.3701531394254122,1.7352897282306403,1.384136375495253,1.560254423173982,0.1998926589704708,-0.1946614910603807,0.2002112163703104
0,-0.0999999999999998,0.2166666666666666,1.5707963267948966,1.5707963267948966,-0.4128075021401451,0.12677282556665864,0.12677282556665864
1,-0.055726400325401625,0.2498785095098183,1.5466161678221564,1.5760533648773905,0.3403209430565664,-0.19976946231188228,-0.20068457837750064
28,-0.3627910290787707,2.000955063458828,1.4866421886395953,1.220051501019182,-0.0231556542856207,0.1155106354807874,-0.0192946135193818
8,-0.0665927443797542,0.4604739118893048,2.1137082485930936,1.99454437327177,0.1567189983948747,-0.3379372322488944,0.1515901400822886
25,-0.3518197900362894,1.91082143906642,1.2235458333007605,1.5342676437715188,0.1999508726686542,-0.1359045922941043,0.1945310787037416
38,-0.8084091822455716,1.3866678869907596,0.843375791050155,0.9108473047758736,-0.1999998857038964,-0.2737591332105569,-0.1976991249478363
42,-0.960431062550289,1.1198958047213428,1.016980329482286,1.2717876262445331,-0.1999999528056526,0.0006468977444958,-0.1935586372106072
40,-0.861817524133546,1.3419160623478328,0.6693938478583341,0.9961953429591708,0.2000000098414255,0.2245853573309245,0.182205263408523
27,-0.2881737958380346,2.1879904058936983,1.3251592897204922,1.378982556057954,0.03801022969433396,-0.20000000545898663,-0.19991486568824476
28,-0.3425090679242455,2.0755286277346814,1.4213118491547951,1.2843991887832134,-0.1713911893832206,0.0826236401983455,-0.1686596352178746
40,-0.7828620814387648,1.3942522521832816,0.8694835040677272,0.9993936214364584,-0.2000000099608137,-0.1204577491014451,-0.196754248063927
29,-0.3685103611668175,1.9963427813109391,1.462623669253968,1.2173547999965513,0.0177532578977162,0.0594212890006801,0.0186647905493509
46,-1.051917783058607,0.6879952869150306,1.4976523129847,1.3061926510136497,0.2000000094827614,0.1154449238339629,0.1985423386509798
47,-1.0463229433640917,0.7224460742352355,1.5467191925699713,1.273756032472608,-0.2000000089282313,0.1604780333337798,-0.1882690040749275
2,0.0562854642569077,0.268118731358802,1.601920116397145,1.5667866666163657,-0.1082744620792546,0.4809312019917403,-0.1065183145252229
6,0.1126498228194285,0.2786979973964867,1.896243181905436,1.596359886163251,0.1999288398443877,0.1909320905280849,0.1966465101800192
27,-0.349626237496851,2.087391138151857,1.2347024403282514,1.3355894158635464,-0.0158975403095057,0.2391827229539735,-0.0182256557171823
21,-0.3106153820156295,1.546295482532463,1.5908367955426028,1.789020868226335,0.1866824479708844,-0.2102282336635593,0.1871674439166597
47,-1.0343282690144346,0.7588076267133561,1.5221145906069102,1.355489292700752,-0.2000000099477658,0.3445094049521662,-0.1915161561905093
41,-0.8759237055572705,1.3207068095779504,0.6123320849224444,0.971586141534046,-0.2000000099759577,0.1562964665548349,-0.1927268861182433
5,-0.0315622323655299,0.1662867554932832,2.061384129120813,1.2151068284147577,0.1802189785590255,0.2082987130472076,0.1350424864356227
29,-0.33091709335886477,2.036187921948151,1.224772015736301,1.4411808278911193,0.46569716015718826,0.2000000099328344,0.18533536464951997
23,-0.3355890248630371,1.890529740654908,1.276760952266001,1.395164038613124,0.1999235845734386,0.0503771956777914,0.1979287387662468
0,-0.0777777777777776,0.35,1.5707963267948966,1.5707963267948966,-0.3960369384522841,0.1994508462494476,0.1994508462494476
3,0.08004002133082425,0.30183220463357596,1.7660288336363177,1.562352570710971,0.24097475668456944,-0.1922170444738918,-0.1833696209174032
24,-0.3706894393663212,1.787974951917186,1.2996334008290225,1.493726504439468,0.1999598485062773,-0.043847533571694,0.1970509178462377
8,-0.0988924510886791,0.5387632287472501,2.142877543480007,1.4292646540152882,0.1999225077888505,0.0365201513351554,0.1535322987152517
42,-0.9579000154341568,1.1067980029537354,1.0269901887569102,1.2389962852899443,-0.2000000055264304,-0.0222242522928757,-0.1950545106081016
6,0.10069014864730799,0.28674723441610234,1.6652558260273675,1.5600013351986963,0.5337946847018432,0.19985834049472376,0.2043603566263013
9,0.07964135610015623,0.4245004922951941,2.350656275245462,1.7579519649285156,-0.5272539696379529,0.20000000997904352,0.13643389345284995
26,-0.3532317599513254,2.017611602865093,1.1077464039722535,1.4875098386677406,0.1999557027227509,0.138734065975167,0.1805664476029904
23,-0.3753742444245735,1.7176106099203046,1.3703119087566082,1.5477228887369014,0.1998899378246831,-0.2399419875018593,0.2009869856131635
10,-0.0697796153783905,0.5834117176037311,2.076952890390367,2.037853297833073,0.1999707610067888,-0.3715094999834371,0.1983657080929914
29,-0.3573694932473504,2.012651962857617,1.532942384844005,1.2321771772398986,-0.1377000700383336,0.0958566932939426,-0.1286789586713666
4,0.07664119201215391,0.20794763694986027,1.6223909836870174,1.5419713495045373,0.5681123552594775,0.12249734883730165,0.1266652634367138
9,-0.0472316915383955,0.5655666592120013,2.220934099637766,1.861297178935714,0.1999620912314786,-0.2528880270079496,0.1782694498120182
38,-0.8463225858939523,1.3428324770563358,0.7439957444914569,0.9783734833513592,0.2000000099070777,0.0678881618394767,0.1929551984556049
19,-0.3656788750168022,1.4390053309413122,1.5309314687438094,1.6740828798292304,0.199713866825578,-0.1762814693454127,0.2001859422367923
18,-0.3387998088660111,1.3221138419302538,1.6108223654789855,1.720114319148579,0.1999467691352249,-0.1905027890975705,0.2008317018868463
4,0.09625645574947371,0.17938308673083012,1.525519509726875,1.549791931714049,0.3926558961858473,-0.054640505009811303,-0.0555773874403039
9,-0.07704882706909501,0.4333681265006144,1.7137011260015456,1.5884759623816613,0.4550163975394336,0.20000000995729592,0.20411699388966756
11,-0.1525859737283557,0.6289420719881158,1.8322051062446336,1.9743857890346657,0.2000000099453067,0.0296254924000977,0.1975620788651247
2,-0.032391294287914485,0.2761891785993941,1.6352639540552794,1.5700138308564136,0.463396365249427,-0.053315606669550146,-0.050180627374569416
27,-0.3307642907404365,2.1758517677055775,1.2894577051511842,1.3700677436767652,-0.04852318028008401,-0.2000000086194331,-0.19895984047690493
0,0.0777777777777779,0.2611111111111111,1.5707963267948966,1.5707963267948966,-0.3450117782622278,0.1715896042371206,0.1715896042371206
0,0.0555555555555556,0.2388888888888888,1.5707963267948966,1.5707963267948966,-0.15858194124158514,0.19985161556140005,0.19985161556140005
29,-0.3655809864161582,1.978591530508261,1.444573435352245,1.2370582194274191,-0.0232420505947704,0.167556367429449,-0.0192912645433459
14,-0.2240627607110356,1.0467979396210052,1.7136977674685197,1.919313488302836,0.1999911771766954,0.0366889527026718,0.1950293765430669
0,-0.0555555555555554,0.35,1.5707963267948966,1.5707963267948966,-0.17143084310339443,0.033501622235987134,0.033501622235987134
33,-0.4932876395045862,1.7737651006730342,1.288272340708819,0.9003918016035465,-0.156832218827114,-0.4874605033090783,-0.163618673473196
26,-0.3391921033100421,2.069602099418993,1.2226551449349952,1.378700895058412,0.1016426511496716,0.314456832644112,0.0955205718117808
48,-1.0533635210367711,0.7087565092770125,1.6526955911091248,1.200027203209293,-0.2000000099640064,0.2552319349768687,-0.1686936616600768
0,0.1000000000000001,0.3277777777777778,1.5707963267948966,1.5707963267948966,-0.3521421311467152,0.18248983633270013,0.18248983633270013
45,-1.0274968210508757,0.7995361169163344,1.2439037438347889,1.4146183348365886,-0.1366407134797603,0.4940833725033402,-0.1430482662420653
7,0.09949899407014057,0.44444177189307843,1.4678941800687175,1.5489205620633815,0.4372126020954711,0.061170571126506916,0.05743117969092114
1,0.05559041685240382,0.26595508997895584,1.5795540558781962,1.568388321027991,0.22369172581633345,-0.19984568384908163,-0.19958346317463557
13,-0.1075203923402214,0.8594070400755713,1.9407038363488367,2.075026703147171,0.2000000099529282,-0.3219357030706886,0.2025097984406451
21,-0.3232112146728985,1.5340917980574789,1.5742195868820965,1.7622316992453653,0.1775250646953869,-0.1679246366295751,0.1775352882397335
0,-0.0999999999999998,0.2388888888888888,1.5707963267948966,1.5707963267948966,0.4128710506616552,-0.1999399600884397,-0.1999399600884397
37,-0.7437606984302041,1.4882027873157886,0.8793766944720902,0.8658634744804232,-0.1999998946824234,-0.3098191247113595,-0.2004002869156824
19,-0.3707491050521674,1.454774066858508,1.493121629369662,1.658276318564886,0.1998084149690151,-0.1567098966645452,0.1996659967355344
2,0.10026665486992999,0.07674694301018982,1.810489895132898,1.5046733527467522,0.2407339858619516,-0.15446053349145866,-0.14004596139322104
4,0.09951985832949643,0.2869338309790799,1.496497091194608,1.551445344166362,0.3478802578540728,-0.05419568528546222,-0.05602446853199945
29,-0.3647412053476667,2.0054046113589323,1.4797718033027076,1.2181079870947895,-0.0221105513567234,0.0317333954330148,-0.020537023071621
34,-0.6097664680395262,1.7691857416099313,1.2669949971536578,0.46337396928574837,-0.22718292948308377,0.2000000099742855,0.12246661070267055
0,-0.0777777777777776,0.35,1.5707963267948966,1.5707963267948966,-0.3960369384522841,0.1994508462494476,0.1994508462494476
0,-0.0999999999999998,0.35,1.5707963267948966,1.5707963267948966,-0.449362583311237,0.18616524831525308,0.18616524831525308
1,-0.05554729058291763,0.3312786644400116,1.5729670944300036,1.570193351830939,0.3325347798580166,-0.15711865371805087,-0.15702581284044625
19,-0.3644141501663701,1.4805817113275042,1.4486800143497909,1.6834892566842408,0.1999520342300684,-0.1982993011530154,0.1990786798214305
1,-0.05546014124304466,0.32744646055410565,1.5996880559858422,1.5625367249315498,0.42754796917994675,-0.03908174019026523,-0.037466740315579665
18,-0.3286753971675671,1.3253487756625466,1.6477955228868888,1.7272493080666798,0.199949653119363,-0.3279983700908894,0.2019221836812477
43,-0.9831832380372336,1.029554272522167,0.815004508290293,1.2954311512450216,-0.1999999804521639,0.3264625040578119,-0.1924472596596673
12,0.08823620913340363,0.8821712455987423,2.6193127278401542,0.4043173947522468,-0.6523546266138365,0.2000000099604853,-0.17227268117118477
29,-0.3498960147383028,1.9904001626508956,1.5653214089880845,1.1977398187099992,-0.1493163883962414,-0.0093040969891238,-0.1396762787997434
44,-0.9751821329637058,1.0906436388565393,0.9508809411549342,1.2946439761120914,-0.2000000099155174,0.2751358899028425,-0.1975715926535
43,-0.982719088150076,1.0321876891952642,0.7944562339347883,1.2916373651623247,-0.1999999797812401,0.320176414490691,-0.1910568936483494
39,-0.8285514670939785,1.3341700437582775,0.7871906630139347,0.9712024233897446,-0.1999999124306929,0.1290212245850981,-0.1989841914098868
27,-0.3529436558696397,2.052920212023423,1.1832107534851517,1.3800122849993814,0.1690160340718228,0.2776113411385484,0.1603252830601218
21,-0.3770876899686045,1.5608407150299788,1.5118765287350415,1.6497064611740777,0.1374023549466102,-0.0707159934407139,0.1370708922775318
8,-0.0977093298625416,0.3519574954976541,2.1278663760155245,1.8440862266566755,0.1999709045135854,-0.3231506019797128,0.182925066166471
4,0.07646786893784205,0.20984707562213778,1.621238756054316,1.541011279864166,0.5649508630216108,0.1195169555324254,0.12366012706328129
0,0.0777777777777779,0.1944444444444444,1.5707963267948966,1.5707963267948966,-0.22411229162877597,0.17241837809627755,0.17241837809627755
16,-0.2205896144999156,1.1888273225266843,1.7313149978555176,1.9578737203020615,0.1999918512245717,-0.129638699720824,0.1977931079755569
6,-0.047565659378364,0.4055130038596155,2.25354168153799,1.5636599119059011,0.1276303243355027,0.0197030574440084,0.0996979767508674
23,-0.3768591352659107,1.721168528302088,1.3716123329221976,1.5683429812607317,0.1999188865320052,-0.1049547861910448,0.1981141121035442
39,-0.886680394880142,1.3153443650442562,0.68381203290772,0.9527311025876604,-0.1490489118648056,-0.2387057381577009,-0.1373497318546518
0,0.0111111111111112,0.2611111111111111,1.5707963267948966,1.5707963267948966,0.3843946861742985,-0.19992810404767983,-0.19992810404767983
39,-0.8376045794391638,1.3299059410712355,0.7498754669409504,1.0061013923469422,-0.1999998869778813,0.1743012877992386,-0.197887901293839
6,0.07820548203054016,0.2546808985164412,1.9156489007459223,1.633963755044686,0.3915723355316912,0.19996552826795588,0.2029692848837901
24,-0.3870161966611334,1.775357131792043,1.3345334775164446,1.5721794644809524,0.1998804789546745,-0.1192585397470909,0.1970703357554647
5,0.08108271978377206,0.06682080611708284,2.0497052981022614,1.501768228198267,-0.2150293953312527,0.2000000099526455,0.15951873258809837
0,-0.0777777777777776,0.2833333333333333,1.5707963267948966,1.5707963267948966,-0.3612153276471322,0.1997182121031899,0.1997182121031899
28,-0.3378240399165135,2.062523219265823,1.4717621329023194,1.2886915794601808,-0.1999754218489228,-0.0116434949379099,-0.1968456691658347
35,-0.6139882912103372,1.6281846509637663,1.016122242751328,0.8428591142997333,0.132499508510922,-0.2210772158231417,0.1267043372628856
37,-0.7243947864415183,1.479455243311774,0.8675307411085522,0.9482148437818704,-0.1999999187318853,0.0791901726329334,-0.1999875254235244
40,-0.8385894562635868,1.3629739489550314,0.7101143989492813,0.9651603782822328,-0.1999999823664743,0.1488074339952718,-0.1972845835322015
0,-0.0777777777777776,0.15,1.5707963267948966,1.5707963267948966,-0.14742041656065838,0.1999558785497725,0.1999558785497725
28,-0.3454040157734671,2.0177885365200385,1.43133340916587,1.2691282567667832,-0.0483720531091615,0.2362219482030183,-0.0439222386494604
21,-0.3780941516361117,1.5475584311347874,1.4296524301466524,1.6332395127650523,0.0371321637828469,-0.0315011275199713,0.0370021978398157
13,-0.0847757875875767,0.924931493714966,1.94851498661394,2.1088555944215037,0.1999205364427458,-0.1751829818479948,0.2001530222857577
23,-0.3515519208489653,1.746742476647422,1.4082157109214366,1.659403582735102,0.1998754068030278,-0.1831211271091183,0.1981544498030376
42,-0.9187880580072478,1.2177089038393538,0.653583564325013,1.1511773975548176,-0.2000000099569541,0.1763780050761404,-0.1841654717861529
30,-0.3641665786464985,1.97102347233746,1.5003146064328523,1.1702609417046108,-0.1999860002471145,0.0050357181812498,-0.1890285418788431
0,0.0333333333333334,0.15,1.5707963267948966,1.5707963267948966,-0.199885537064881,0.3758363323674346,-0.199885537064881
15,-0.3115370335545206,1.0844397633280685,1.648338644266464,1.7768148311321967,0.199963101804688,-0.1108578089328779,0.1997354059603932
35,-0.6362941617920209,1.6001164851767986,0.9729708536323672,0.8466297333265415,-0.1999193163743371,-0.1111496401211156,-0.1997264178155811
27,-0.3230494959308585,2.1454948589902565,1.302078904753556,1.330787411186581,-0.1606718284167494,0.2211214433658913,-0.161240341286109
31,-0.4088931893266309,1.9157516583736385,1.496801564916914,1.0835110486906252,-0.1999587169745492,-0.1531415717082387,-0.1892735866093306
8,-0.055221645784642,0.3820971628906939,2.194789071027702,1.8798291523338089,0.1998107519025148,-0.2706167128139302,0.1815987002465042
0,0.0777777777777779,0.2166666666666666,1.5707963267948966,1.5707963267948966,-0.23589875468743174,0.166616393543175,0.166616393543175
0,-0.0777777777777776,0.3055555555555556,1.5707963267948966,1.5707963267948966,0.4435299205771083,-0.19993393403441095,-0.19993393403441095
40,-0.9072644445257592,1.2463355845046264,0.6797420982367526,1.1253211784599937,-0.1999998915424484,0.146752218984452,-0.1867968853726725
25,-0.3448809364573404,1.9506097259233728,1.286919573774322,1.3995931606665215,0.1999500659736871,-0.0479419516807769,0.1992212283448451
32,-0.4717704461933276,1.7926781799571756,1.3249959380354257,0.9105437030855238,-0.1259319036176204,-0.4945355570794718,-0.1351845186357992
5,-0.1090306567888184,0.3520357522248143,1.780092914001325,1.3467489933600287,-0.1395747751281511,0.2910957708047915,-0.11445007273862
16,-0.1765107707706637,1.1388046385886008,1.845428964426277,1.9874569602462808,0.2000000099645794,-0.3094920180855944,0.2023670931751651
20,-0.3659633887619705,1.5116036233221677,1.4194276885154204,1.6482699179252949,0.0933987842926359,0.0573526877063945,0.0896628026212954
45,-1.013769424850449,0.8703758030272681,1.263650173793728,1.4207477902868708,-0.17160816914517,0.4157022741756881,-0.1759986596786562
23,-0.3514433365635013,1.863818215358576,1.3329444117172875,1.4900900769536332,0.1999447698045582,-0.1062044308008838,0.1991431480743808
0,0.0777777777777779,0.1722222222222222,1.5707963267948966,1.5707963267948966,0.06614241123843782,-0.19983989605253327,-0.19983989605253327
1,-0.05532673947159802,0.3892873125394269,1.6128138909724097,1.5603014484027782,0.39916121762010404,-0.016440707635066956,-0.014322914917274868
0,0.0111111111111112,0.2388888888888888,1.5707963267948966,1.5707963267948966,0.39981577211291136,-0.1998291862253709,-0.1998291862253709
49,-1.0834206509875297,0.6322055175202844,1.7600131469748774,1.028046969093679,0.2000000099713933,0.6930232180470978,0.1950894257464058
0,-0.0555555555555554,0.35,1.5707963267948966,1.5707963267948966,0.0335016222349896,-0.1714308431027077,0.0335016222349896
21,-0.3560039518606711,1.5557092720701684,1.5131325526560175,1.7060721587716314,0.03118687799472573,0.19997084449777253,0.19566235782947924
8,-0.041505586231068,0.4082788972924142,2.137728127264034,2.059124597534927,0.1996443230280457,-0.4330360291296327,0.1956275757695273
13,-0.0415332634215493,0.8791519536925959,2.0291938322472385,1.9958356385949485,0.2000000099938272,0.031911557554833,0.1999951748484674
13,-0.2689593889155854,0.856906382866327,1.6809296405532446,1.866363167617726,0.1999680690307669,-0.0673347044768348,0.1977813666958285
3,-0.0957768067784581,0.061631031610766,1.9321262338179024,1.0995601751631476,0.0633544384513686,0.1998704914320299,0.0574199027448972
20,-0.3639650180257197,1.5608237222716834,1.5614250743375515,1.6498134096711448,-0.0698894105016633,-0.0125363060054681,-0.0695059206603186
10,-0.1441796725516564,0.5441624998694421,1.876444334908875,1.9997530457587,0.1999927693737899,-0.1306843374590743,0.2000816172157441
0,0.0333333333333334,0.2833333333333333,1.5707963267948966,1.5707963267948966,0.2845145498094512,-0.19975880451378794,-0.19975880451378794
31,-0.4044731784303267,1.9208210834730184,1.523277276765977,1.0844746427144183,-0.1999831584759334,-0.1828389550576866,-0.1888049778185715
1,0.05559377091081488,0.3715940966268721,1.577239486449633,1.5692465070320722,0.2206695614149595,-0.1998349435230299,-0.1996521812094
2,-0.077890719859861,0.27841733878405517,1.631762793118475,1.5489826267443805,0.37298858111293265,-0.0803634097806502,-0.07700413904386409
7,-0.0275583693201219,0.4026518949558644,2.2560393658814486,1.486905917218673,0.1999323868223812,0.0731799427715421,0.1487439056014404
33,-0.5403666847559156,1.6835880867112862,1.0166168754083975,0.9367451105825348,-0.1999970971757273,0.0692148019856337,-0.1988072523975285
29,-0.366098780855054,1.992308052385309,1.5443975063799886,1.1899448964872543,0.0079881420988532,-0.0606740578468814,0.0053857148231357
2,0.0757602937562352,0.3333798920339633,1.3693106384389786,1.5879099167187258,-0.1978117335665964,0.1024480265469598,-0.1953259567149744
6,-0.0350178617177988,0.2158450491372436,2.1473042997163203,1.3990487319446314,0.1999739158211321,0.1321208710453839,0.1555452423437564
8,-0.0682584940102872,0.5420603724251976,2.1918041388641774,1.8531124127948595,0.1998758461922808,-0.3143163547834329,0.1780776610013778
3,-0.07851312256903953,0.18126060539827213,1.6198383942854147,1.5461215753266955,0.4266593169625674,-0.19985512538137587,-0.19616999899264753
3,0.0780454267164828,0.1634979198859064,1.5698063421779525,1.5766379432029387,-0.1236248897698007,0.2403113453772376,-0.1237861747928072
24,-0.3725730561752077,1.8114535783718613,1.2994835208206084,1.4863112799843756,0.1999265579418867,-0.0369117691722137,0.1971331252737113
13,-0.2599801247987198,0.8522886296875697,1.6794858978494625,1.8919363072469115,0.1999689188941555,-0.0659167553881749,0.1968629443878345
16,-0.3012522221545644,1.3224498896447456,1.645107566117438,1.7976292779184289,0.1999719879974262,-0.0347399813371206,0.1981783402960571
33,-0.5126723547089158,1.7579105123401302,1.2687868101822772,0.8721734278679129,-0.0883639878145416,-0.4852371102118915,-0.1002492468262418
4,-0.1007932769502734,0.4029339523415218,1.5896126857287731,1.4612821018498106,-0.1184750553600355,0.3809604565451031,-0.112625346262493
0,-0.0999999999999998,0.2388888888888888,1.5707963267948966,1.5707963267948966,0.4128710506616552,-0.1999399600884397,-0.1999399600884397
34,-0.5797007517346893,1.6438235085642776,1.0889063772779028,0.8831917120986754,-0.1572536171380088,-0.3152441918447579,-0.1603773567728677
29,-0.3656171875396333,2.017381157010925,1.4167418194303316,1.2534822245109911,-0.035822740371171,0.1458189227600043,-0.0329763231449539
0,-0.0555555555555554,0.1722222222222222,1.5707963267948966,1.5707963267948966,0.36918106159707426,-0.19979142870246674,-0.19979142870246674
49,-1.084849124868683,0.621418632707832,1.7527877739870927,1.035896226480577,0.2000000099690475,0.7119773061748689,0.1975504394376118
44,-1.0000266728058211,0.9573384439290776,1.1504026121311206,1.385913324506494,-0.2000000062786214,0.1496302002926578,-0.1979705314090256
43,-0.9500482972915856,1.1322808300380784,0.741772566863083,1.292071441641122,-0.200000009960358,0.6270844889869807,-0.2032665435945368
12,-0.0118947395995127,0.7754442768505982,2.0194413160116733,1.9518313054803285,0.2000000099548959,0.1426274495326538,0.2005066425258306
48,-1.0687239854363948,0.6693160722017925,1.4727559414652776,1.2722297591670966,-0.2000000099261062,0.4868895498176606,-0.1862942815548323
33,-0.5088994997562114,1.764612466876739,1.2817988768526156,0.8761407653910436,-0.1094949053698157,-0.4984474861713313,-0.1202785267675145
10,0.05012765942335843,0.686157072120472,2.3162549374886883,1.8157529849658105,-0.09827447443857183,0.19998424719344962,0.17073868217369956
0,-0.0999999999999998,0.3277777777777778,1.5707963267948966,1.5707963267948966,-0.3182789076541286,0.07875920405412452,0.07875920405412452
0,0.0333333333333334,0.1722222222222222,1.5707963267948966,1.5707963267948966,0.4067251970228847,-0.1999191914260118,-0.1999191914260118
41,-0.7526550565553312,1.4109820110261369,0.8590728515380622,0.8882574270343058,-0.2000000099685074,-0.0636680399241477,-0.1997290559692942
0,0.0555555555555556,0.2833333333333333,1.5707963267948966,1.5707963267948966,0.14256461163603,-0.2481519194134887,0.14256461163603
3,-0.07860253120477187,0.2009541123972135,1.6233538259428482,1.544020678473218,0.3885469780495449,-0.19984660690204578,-0.19613881144237508
46,-1.0451752616011447,0.7279742614927974,1.3402979214690611,1.350222514249576,0.1376114777727715,0.2917826142217393,0.1373151230234299
3,-0.10096293977733334,0.3765284929164173,1.5603921761565172,1.5620167297787315,0.37784188573688327,-0.008879708810128834,-0.008941079505990998
38,-0.7356957332075467,1.487201432100019,0.8121010812262355,0.8813553516745568,-0.2000000093449818,0.1209403028425004,-0.2003574794777836
40,-0.9188885106853474,1.2127455427906444,0.6975776167377188,1.1487238356769516,-0.1999802608434171,0.3101603662657742,-0.193494734844744
2,-0.09962160249273665,0.480840636122902,1.6054784088071923,1.56911729846387,-0.3118307731444058,0.19954756122880682,0.19828206033737394
41,-0.936367564574234,1.1497238170323365,0.912082589461638,1.1713274601198829,-0.1999998886820967,-0.0402589339469476,-0.1922846180256339
1,-0.05571482250161563,0.32376056124391617,1.5500606084850173,1.5750124822255742,0.28852398785029965,-0.1995652708603747,-0.20022299652405343
49,-1.0966220533123414,0.6095415740851524,1.8855944909459703,0.8575738289709436,0.200000009959238,0.4636877815288275,0.143007528112323
4,0.0168609237583758,0.1669372320536806,2.236133483828285,1.544475047525138,0.1999372385421801,0.15794841887566,0.164063714395859
21,-0.3772784926283685,1.5449682908574032,1.423343146011541,1.625351225387788,0.0545373897729662,-0.0183231260248574,0.0537960375228269
31,-0.402466793685418,1.921755665173965,1.5175990564945971,1.0958443255543835,-0.1999875205644423,-0.1229976448945344,-0.1874980759285421
32,-0.4565112026336768,1.843750886327279,1.4532209265042642,0.983404518982912,-0.1998859161251297,-0.4121778594353267,-0.1968887837980857
44,-0.9533991043989154,1.1541178089577715,0.9070965407922732,1.1999707843766054,-0.2000000099479777,0.137763507460074,-0.1954609189653388
35,-0.5908898151108856,1.649990543750938,0.9266334699136908,0.9011854684699112,-0.1999999133807549,0.0779239970401081,-0.199736877229569
1,0.0333425747608331,0.38792119269988173,1.5725440020349364,1.570355029469564,0.4155205403460442,-0.10275776620057976,-0.10266656377989705
22,-0.3795873314352734,1.5660816619054565,1.4545843145774406,1.6194904005469437,0.1997571253682813,-0.1205077508688545,0.1990254271022629
31,-0.4077995998947567,1.9083990519621,1.4998636135271424,1.0798057111329105,-0.1999480115995594,-0.1353049368776941,-0.1880835124737888
48,-1.073254458416086,0.6546932942864061,1.6274177865555757,1.1318662059595812,-0.1975851612958054,0.4141920584236352,-0.154121427562053
29,-0.3395969696451849,2.0672271644905136,1.4837062142353217,1.272397140118979,-0.1999976752755328,0.0095622604487553,-0.1953486055649278
12,-0.008193665899196517,0.7450697646020538,2.175490919331537,1.8794375705671775,-0.2641532624968094,0.20000000995472306,0.18359247542394336
20,-0.3737626157473047,1.5815809073175588,1.376156376486675,1.632871687075191,0.1320508933258474,0.0627853603897831,0.126129328062217
31,-0.4225783036344783,1.8906622130010176,1.5070958207604592,1.0704332457075243,-0.1998600848580277,-0.1470429399005236,-0.1873255500230841
21,-0.3580537418976059,1.5862410416504786,1.4739604064062566,1.682169866693904,0.1366323301615233,-0.2174970317460716,0.1381772729576916
0,-0.0111111111111109,0.2166666666666666,1.5707963267948966,1.5707963267948966,-0.1998195127797371,0.3687586470194451,-0.1998195127797371
11,-0.1640053271337803,0.6513501634171577,1.842441031970752,1.9869268838571,0.1999800451443282,-0.157322574212223,0.2001614541637879
30,-0.3633771729052844,2.012339804356101,1.4942388454022182,1.2245236212074715,-0.1999965575759296,0.0724397921374078,-0.1908358364874386
2,0.0751364824903532,0.4075724211523811,1.3282420695123047,1.576627027760083,-0.0667104918793801,0.5424356672189635,-0.077998368817879
36,-0.6599191727932506,1.5752680880279588,0.8723601702026802,0.8798348451909225,-0.1880658181574531,0.166214434287279,-0.1881848032218095
23,-0.3735620463228715,1.7806124980062574,1.2922399562454847,1.551277975109573,0.1999454654591049,-0.0479372461700444,0.19450256874059
20,-0.3732599122262029,1.504883738932562,1.4899988273576996,1.628729465062624,0.0503799439221037,-0.023115456220527,0.0502155645406591
2,0.05532505390187505,0.16283214951633285,1.5808799164977412,1.5650953036344035,0.48888979653753983,-0.1814602104489605,-0.1806659435769599
8,0.0366867945598099,0.5720433069871691,2.276585356846464,1.8771973125613708,0.1999894841743894,-0.1052613807648264,0.1801570000087062
1,0.055593206766050236,0.3022796354257419,1.5837951871242861,1.5669992333989973,0.22802142025201935,-0.19987974690348503,-0.199468588406389
49,-1.0854472149337542,0.6549877342389703,1.776691518778359,0.9662413314245032,0.2000000099676969,0.628073017648693,0.1833444806221532
0,-0.0111111111111109,0.1944444444444444,1.5707963267948966,1.5707963267948966,0.3806528054895435,-0.19993736276202304,-0.19993736276202304
4,-0.0462643047110075,0.1056463345107175,2.0788522858903584,1.2396933504849306,0.1260368876742217,0.2507147373030797,0.1028590626709266
0,0.0555555555555556,0.3055555555555556,1.5707963267948966,1.5707963267948966,-0.278692405886877,0.10935537486193186,0.10935537486193186
14,-0.3262728321091906,1.5250669693881425,1.4498018558375965,1.7425101081780232,0.1999566762436239,-0.0500571647911255,0.1928960864449722
0,-0.0777777777777776,0.35,1.5707963267948966,1.5707963267948966,-0.3960369384522841,0.1994508462494476,0.1994508462494476
43,-0.9963564377223856,0.9586157155843428,1.1362225006669828,1.4121575675630973,-0.0169172951156728,0.3946988511414432,-0.0270307703546809
16,-0.3399857379106741,1.136337951918691,1.5935514925496173,1.721667813043836,0.199982814340722,-0.0585277827829263,0.1990916067317873
0,-0.0555555555555554,0.1722222222222222,1.5707963267948966,1.5707963267948966,0.36918106159707426,-0.19979142870246674,-0.19979142870246674
5,0.09817877461397537,0.38745868559604085,1.7504865675765835,1.620143087648783,0.3773838650397796,-0.12363669357756375,-0.11768288555784698
7,-0.1052440291017972,0.3556262872071192,2.132971571503038,1.2463901791789644,0.1999614059777592,0.1366585681686932,0.1369784597009088
2,-0.009620231540231,0.0645836296594662,1.923049470995721,1.2580064832890738,0.1123462471186503,0.2873721325945212,0.1061376994201703
0,-0.0999999999999998,0.2388888888888888,1.5707963267948966,1.5707963267948966,0.4128710506616552,-0.1999399600884397,-0.1999399600884397
3,0.07607409536568276,0.2982917638378926,1.4108419696733243,1.5785894704973706,0.2992085919167716,-0.1999172524347318,-0.20210672709719238
20,-0.3199404072280349,1.5160334418658643,1.6747211822226116,1.736199909348767,0.0344868556474971,-0.2010031906810293,0.0356566660646756
0,0.0555555555555556,0.2611111111111111,1.5707963267948966,1.5707963267948966,-0.13314918461655306,0.09196572826729815,0.09196572826729815
14,-0.2928999277681013,0.9129106781296024,1.6534949002559085,1.814043220136242,0.1999842439927921,-0.0492174133152353,0.1981991892484834
10,-0.0978185317905334,0.5613991172483389,2.0399383721542934,1.9823335490661391,0.1999779704655584,-0.335643982200396,0.1977138651040044
38,-0.828741356119052,1.3774204678565165,0.7400570675112814,0.9602611117960472,0.2000000090722296,0.1359994303698738,0.1921999704674367
4,-0.0779578054072153,0.2755734389344162,1.6084562624481062,1.5559941071077237,0.5085546775325418,0.06803789016461514,0.0706110458289811
27,-0.3635349631646233,2.05559883198711,1.1593736177210037,1.3812985356015115,0.1745224153941022,0.2205372775395674,0.1653881560196795
12,-0.1833295316699587,0.8036854784571374,1.8490709255079008,1.9317710657651552,0.1999686153244909,-0.1797517437182932,0.2007700365060063
8,-0.0221846777870748,0.3933010644490761,2.2429169839353054,1.7964160427885896,0.1999327358212773,-0.1368474419810529,0.1744228026018693
33,-0.5242424554499072,1.743790677813695,1.1221634585004354,0.8983086411549056,-0.199854597809785,-0.1453396065850203,-0.1980944112713955
21,-0.3670686005022526,1.540069458017825,1.4596251734687695,1.627391076989409,0.1999406569866902,0.0174364013971545,0.1968423923842538
1,0.0545125441668156,0.3552813652485927,1.446720367088152,1.5938524828719385,-0.1977476877618455,0.3173154721307589,-0.200263042400251
42,-0.926980803660996,1.222279218615803,0.6406078753719452,1.162656253000812,-0.2000000099924842,0.1868879029466188,-0.1826792117702267
0,-0.0111111111111109,0.2388888888888888,1.5707963267948966,1.5707963267948966,0.368350673346973,-0.19978521419499629,-0.19978521419499629
22,-0.3496554522140291,1.6522392844335123,1.3452333942043029,1.7115582369584932,0.1999073654855748,-0.114561519295261,0.1907469592595258
0,-0.0333333333333332,0.2611111111111111,1.5707963267948966,1.5707963267948966,0.116202589180211,-0.0235042319106959,0.116202589180211
0,0.0111111111111112,0.2166666666666666,1.5707963267948966,1.5707963267948966,-0.1998444228098383,0.4071323335861257,-0.1998444228098383
46,-0.9896499571238256,1.0512479559472157,0.8347673742321056,1.368456805802561,-0.200000009994761,0.3042074499480712,-0.1876626563229617
32,-0.4873718650469659,1.8629866124742038,1.4659046337405623,0.7977130839209223,-0.6826839519852863,0.034036233583206045,-0.015580359780439021
27,-0.3381188473523928,2.0763210929843123,1.2765647529718969,1.3493738562586384,-0.0089237613250864,0.3337255355949803,-0.0113277980544037
11,0.05661074512017974,0.6522706313595151,2.4162470610854125,1.6949917701604376,-0.47699615822429636,0.20000000999482698,0.11869810446003123
19,-0.3412645933615301,1.416181608528298,1.5513799924713592,1.7197418518369263,0.1998583070643264,-0.1446190407777611,0.1994557747948797
1,-0.033176119899808156,0.18258807050659784,1.6644475785014974,1.5416756098352415,0.4199975781972989,-0.0872095248216454,-0.08140964826172951
1,0.0519336357667202,0.0527908016129945,1.724020132608464,1.482258865102748,-0.1966034765835529,-0.0428112042813371,-0.1919107731057139
1,0.03335978976453064,0.3435988768093872,1.5466372864928584,1.5791961991825894,0.45736748201539756,-0.17137685594103222,-0.1727749028406428
2,-0.0384178939663035,0.1797575532302663,1.7931177231872288,1.4425105179046729,-0.1998865579956684,0.2516360317832032,-0.179083429495713
1,-0.0154509947004481,0.0541879330248091,1.7587245153709086,1.462642561280798,-0.1999528889312747,0.3586284517384431,-0.1807884639998479
31,-0.4119089470705762,1.89303770897305,1.522264945822094,1.0531877191620664,-0.1999354445433411,-0.2192232171971885,-0.1882498602286577
19,-0.3498855506626506,1.4339461654615575,1.5371935686547546,1.7156757276764587,0.1998855492996155,-0.0594029951634242,0.1977648442977339
32,-0.4781566737559909,1.7960285630072703,1.297991288421509,0.9132414019569944,-0.1867742427455641,-0.4600077037358682,-0.1903849600531267
0,-0.0555555555555554,0.2166666666666666,1.5707963267948966,1.5707963267948966,-0.1459848140978977,0.19981138019172734,0.19981138019172734
1,0.07788913400844003,0.17951733727633556,1.5967432791974883,1.5637942160733804,0.12192550238312916,-0.1998801716996306,-0.19937002206260526
0,-0.0555555555555554,0.2166666666666666,1.5707963267948966,1.5707963267948966,-0.1459848140978977,0.19981138019172734,0.19981138019172734
9,0.09789775521925291,0.47618822039546793,1.7536479253929596,1.6115936939484792,0.5277946595466426,0.20000000997061063,0.20545781642258493
29,-0.3601036923649869,1.9935082751734283,1.5534815429357165,1.2014844210206006,-0.0603794238625996,0.0578175936204074,-0.0546839262838608
14,-0.2646434927759301,1.257777181927347,1.6200551693980638,1.8499938948885448,0.199989645064271,0.1415516249345471,0.1914997757058493
3,-0.0734627077907477,0.0810407168247101,1.8938116480104723,1.2962590038964352,0.0046760240206536,0.3392479488706832,0.0229525377491247
0,0.0111111111111112,0.3277777777777778,1.5707963267948966,1.5707963267948966,0.40209604071790506,-0.19974461374418676,-0.19974461374418676
16,-0.1818088264677197,1.139799971276482,1.832507329181503,1.983287194513178,0.2000000099650295,-0.3036087731205955,0.2022913399294563
23,-0.3660662288717247,1.849828849067224,1.3505799298608658,1.4697768000326508,0.1999168116697442,-0.1145707497793234,0.199860709901709
15,-0.2768077411615162,1.2264855057121702,1.6686487031532071,1.844087693678436,0.1999760700648473,-0.0470822740715383,0.1977282157542354
27,-0.3322680627345789,2.1242998633104766,1.3176508884995306,1.3211107026898914,-0.1384666373155076,0.2149152340792747,-0.1385401651010685
45,-1.0216959998383972,0.8312518452634581,1.26235192359493,1.4043983441031025,-0.1999999789114617,0.2594161136323333,-0.2016581846114079
43,-1.003089666468783,0.9234772664097408,1.1679757408588416,1.3915200643538603,-0.1594553649532417,0.4113034366296204,-0.1646058401337145
21,-0.3539353231006555,1.8545417944773448,1.2581019469078858,1.488367069445104,0.1315035354052051,0.0965620122388994,0.1258287309896646
4,0.09880953299424923,0.2751979226483424,1.533419660600856,1.5506870113080828,0.3745670851413758,-0.042671357764678154,-0.04331174242886311
0,-0.0111111111111109,0.15,1.5707963267948966,1.5707963267948966,0.3758563771522168,-0.19982546476363616,-0.19982546476363616
22,-0.3646409852826525,1.5631300168301734,1.467808574279626,1.6731141479020313,0.1943377903675716,-0.3187945001543931,0.1967555970861317
34,-0.5645125221363992,1.700497197790145,1.0215251642214556,0.8908036386682173,-0.1999999087468624,-0.3115079818420123,-0.2023540221827382
0,0.0111111111111112,0.1944444444444444,1.5707963267948966,1.5707963267948966,-0.1999403285461828,0.3746942483650149,-0.1999403285461828
0,0.0555555555555556,0.1722222222222222,1.5707963267948966,1.5707963267948966,-0.14582178322542047,0.19914198241669304,0.19914198241669304
1,-0.011489003335048383,0.3904301994274441,1.5332421335068087,1.5753524171982645,0.4669816560385567,-0.08506065006687033,-0.08695113507636754
0,-0.0777777777777776,0.2166666666666666,1.5707963267948966,1.5707963267948966,0.1999402739304832,-0.1524899648938542,0.1999402739304832
32,-0.4568841647261844,1.8110650713498488,1.4232961226421783,0.9375483906090726,-0.1605659355467809,-0.5537685849242289,-0.1678464269505216
36,-0.6904594196556676,1.5392010089596555,0.989886261630328,0.8256442549299444,-0.1999644748883025,-0.2900062494936296,-0.2020152029478499
27,-0.3326017868093036,2.1013522502461446,1.3948153482533072,1.3126522826477542,-0.1999192218592158,0.0544445878635534,-0.198797966829953
2,0.054804048952763515,0.19778969049620565,1.664853980888756,1.5326724231355033,0.45516009089089493,-0.08380332295156305,-0.07707341131403654
0,-0.0555555555555554,0.35,1.5707963267948966,1.5707963267948966,-0.17143084310339443,0.033501622235987134,0.033501622235987134
13,-0.2207687019777073,0.834678400743252,1.731025630374166,1.9460700002816875,0.1999930339192354,-0.0860990535024787,0.1972238541651764
11,-0.0832565846633674,0.681471721019568,1.9819057942259448,2.0984827248965328,0.1999547993826779,-0.2861407616828651,0.201925817264026
32,-0.4740315377508844,1.7951878451051058,1.3361235506790976,0.907160993432757,-0.1286995791994694,-0.5076782805458993,-0.1381548462475262
26,-0.3504327964887586,1.9698903809525183,1.2249779884357546,1.4096138747305849,0.1999810033818632,0.1368394069979673,0.194069743049223
40,-0.8979731172056312,1.254185516307892,0.733638576220611,1.1678289778686652,-0.1999999074302478,0.471738393802793,-0.2012870046846103
0,-0.0999999999999998,0.3055555555555556,1.5707963267948966,1.5707963267948966,-0.11497253985146935,0.026580636071759055,0.026580636071759055
19,-0.3652000408473515,1.4282316364034666,1.4798129141699814,1.6833598031840311,0.1998450342843956,-0.1326847161211491,0.1984015301124294
29,-0.3652235763385998,1.99953649265,1.4827441632732197,1.2125173252992856,-0.0134899155332454,0.031777001058247,-0.0121520842449376
0,0.0111111111111112,0.1722222222222222,1.5707963267948966,1.5707963267948966,-0.1999402509556357,0.3794902419739215,-0.1999402509556357
37,-0.5381008280118069,1.6846103333947444,1.0301255016693776,0.952448227850509,-0.2000000098975094,-0.1827946388807474,-0.2008154087697028
39,-0.7581018498452754,1.4655661598877892,0.8165142828056913,0.8487479944497242,-0.2000000099591325,-0.1759696221854124,-0.1993290005461167
38,-0.6212162608064824,1.634308886574158,1.003977231723243,0.8309301416585846,-0.2000000098779811,-0.2966451481861407,-0.2021207217233696
14,-0.2796027414170036,0.993637496298344,1.649322774595525,1.8537944666326496,0.1999656485996519,-0.0168024732148653,0.1961412170279514
7,-0.0340380981450179,0.3774007231691664,2.240674118122131,1.8802753857527008,0.1900316439170504,-0.2539317390580743,0.1688684691743327
11,-0.020123955761567145,0.7847801856804795,2.337433418969783,1.6543177188055627,-0.1215524472665905,0.1999460380166034,0.14740756574575098
1,-0.1009014979975364,0.368487855819309,1.4116568729677654,1.6102016735054685,0.1487769696395756,-0.2823849982244691,0.1514240374427552
8,0.1031795198292264,0.5022485596269218,2.106275815491192,1.6771196393567114,0.1999243437826176,-0.0243949784103561,0.1807795588632422
0,0.0333333333333334,0.2166666666666666,1.5707963267948966,1.5707963267948966,0.2462540891317297,-0.19979092262004983,-0.19979092262004983
16,-0.3226113680196251,1.1507436488417422,1.6096525474415373,1.7655345426804627,0.1999879752615544,-0.0154236924521532,0.1978025729367136
36,-0.7251641231448247,1.4983229614270652,0.9016552478439116,0.8723666317558708,-0.199832107976478,-0.1362334124011015,-0.2001453555782851
0,0.0333333333333334,0.1944444444444444,1.5707963267948966,1.5707963267948966,0.36809782327613144,-0.1998775181082128,-0.1998775181082128
3,-0.10052119239234279,0.4291553524749116,1.6920714313772063,1.596626850462134,0.35822345879329387,-0.037048425146731075,-0.03346594369791618
22,-0.3475997671023978,1.736071479823298,1.3139358425370364,1.6285149952594578,0.1999383550434731,-0.0595070588975687,0.1919679616131179
34,-0.5945125707085264,1.636145646096659,1.0573572595981957,0.8668297523526673,-0.0725240076024712,-0.2808087786576383,-0.0765295166643345
2,-0.07774086570881128,0.13709607986804176,1.6110627772894244,1.5579253020333892,0.46471565901956635,-0.0059250977367827475,-0.0034485149178945487
28,-0.3399904650033207,2.0665295916414315,1.4449735759353557,1.282714917813266,-0.1804148457345922,0.0900586159205479,-0.1765902069352448
24,-0.30780315571051825,1.7544799934548183,1.3320619972320271,1.6334587267391203,-0.4706674809208431,0.19999992355312485,0.20495645101400947
0,-0.0333333333333332,0.1944444444444444,1.5707963267948966,1.5707963267948966,0.1587521129935817,0.0376993850199067,0.1587521129935817
28,-0.3425591288713845,2.073925833560426,1.4249394496149552,1.2894251896865174,-0.1953020446166226,0.071149539096292,-0.1925502833165229
25,-0.374154758211352,1.8819430124668803,1.2373049979536086,1.5636526159835809,0.1998802190519824,-0.2085758820330527,0.1960170948311848
2,-0.0811419826085125,0.2631566046543915,1.7120317080865188,1.4890813428132397,-0.199857816837549,0.3198369657745354,-0.1878393563905488
1,0.07781456642218075,0.22926733904744787,1.5893308306720595,1.5651296881551333,0.06856889197265459,-0.19995379826463092,-0.19972931676839398
45,-0.99115164173139,0.941754084372618,1.046451703554636,1.297510834281728,-0.2000000099576897,0.1798521506104468,-0.1981980461130285
7,0.0848837722047145,0.3384231575409522,2.252957722064799,1.5144074927821032,0.199993694228809,-0.0219182043463152,0.1464088363781401
1,-0.09973344915308503,0.18677812414501554,1.6224039318647723,1.5576399494687625,-0.21039518140076802,0.19981820083402255,0.19803764057399578
4,0.09859639557988469,0.1615930161261199,1.4756440734847596,1.5860650753991483,0.4819398067010436,0.00559753620562392,0.0002526260835311435
0,0.0555555555555556,0.2166666666666666,1.5707963267948966,1.5707963267948966,-0.13305147877539275,0.1494447317724843,0.1494447317724843
1,-0.07774277466920078,0.22233749671474815,1.6085768873479704,1.5586734213096787,0.28975889070439015,-0.1998507820527362,-0.1981565867065686
12,-0.2375417617596084,0.763893209786899,1.6980445065055432,1.9293052542343487,0.1999706613961944,-0.0342297319045973,0.1954316444598298
49,-1.074800588184779,0.6544023417547046,1.747653674013876,1.0653694632852568,0.2000000099607038,0.7132467752161444,0.2002019120325868
35,-0.6406998228764098,1.6172419238998434,1.014382257624865,0.8246672167389129,-0.0607405541625792,-0.3042544953971991,-0.0653883504478476
5,0.0611612903956987,0.1412846298427409,2.175124396477657,1.54658528928436,0.1999038029441331,-0.0591085987561698,0.158224281067795
0,-0.0777777777777776,0.1944444444444444,1.5707963267948966,1.5707963267948966,-0.20553646666327713,0.19992106105418703,0.19992106105418703
46,-1.048459706890525,0.7088913219530366,1.3408449966489375,1.3587066000950985,0.2000000077704959,0.4825837536602305,0.199106178798684
2,-0.0803296156269479,0.0870964656861225,1.7528826435477578,1.4821779283011653,0.18921943792799908,-0.10497425817777258,-0.09609145031729019
45,-1.041874993189682,0.7360464406694504,1.265402333092796,1.3878826554336432,-0.1405938544998513,0.477005124219688,-0.1453683955337274
0,-0.0111111111111109,0.3277777777777778,1.5707963267948966,1.5707963267948966,0.38909411936052873,-0.19971430670961426,-0.19971430670961426
15,-0.3046595855522886,1.0593368109975638,1.6339465036401672,1.8013829752179036,0.199974012548294,-0.0487479091924196,0.197989831681311
2,-0.1027604814817489,0.380267549661139,1.2925783881876427,1.551690490267434,0.0335712862759249,0.0785691958816282,0.0304374860914141
3,-0.0778640930586212,0.18182199508728458,1.5481951581921916,1.5770551135210074,0.46208805873190095,-0.1986420789858122,-0.19989275948738067
48,-1.0697835407708087,0.6546332802656228,1.633991473535988,1.1600827501376934,-0.2000000099478785,0.2853058415352964,-0.1649378264256859
21,-0.3778811045591164,1.6689869248408955,1.462975877079603,1.5635642269731134,-0.0656507530105156,-0.1158890720488369,-0.0641551609965434
37,-0.7335720973607703,1.4918450080732202,0.8318001371796382,0.8775293429449857,-0.1999999111269337,0.0397452613573728,-0.1999725202172725
14,-0.2862595691832839,0.9866952945449996,1.6425818487717516,1.834207488014496,0.1999697774821118,0.019866129454265,0.1959311545004444
1,-0.033176119899808156,0.18258807050659784,1.6644475785014974,1.5416756098352415,0.4199975781972989,-0.0872095248216454,-0.08140964826172951
40,-0.9207156132147842,1.260913421008769,0.5644591638288696,1.0835290880427553,-0.1999998854894445,0.0415903929128469,-0.1757192748679213
0,0.0333333333333334,0.35,1.5707963267948966,1.5707963267948966,-0.18045460146009826,0.1701249690426339,0.1701249690426339
1,0.09995386229578376,0.2048051256191575,1.5929759620365243,1.5628100886429372,-0.03984444470071529,-0.19447355974470598,-0.19450525895661747
2,-0.010467227859030374,0.338725709677702,1.6700972030547003,1.548086987257596,0.4070020101591241,-0.1968764704184665,-0.19045935851134815
13,-0.2100240973664844,0.8678499474441426,1.7214732426853052,1.9876240190790888,0.1999758110170096,-0.0345009251981363,0.1938421975830436
1,0.0555735779758686,0.2999103118012765,1.5725959474828581,1.5705728587937264,0.2359901515252791,-0.1998726878963804,-0.19982453600021058
17,-0.3320443140818847,1.2304598814506285,1.5985916669451576,1.74129697023994,0.1999907895998956,0.0688759841772471,0.1969782924313264
16,-0.11512728409685079,1.0781805009689327,1.9053447456927968,2.005341648598415,-0.0061403460481247694,0.2000000099753901,0.1990622040992264
1,-0.07776666148343174,0.1976172117315309,1.592051620655928,1.563860106183011,0.31468538955926656,-0.19993956660717338,-0.1989730914708594
14,-0.2943629984232412,0.912127334837726,1.6547363529406685,1.8114631056087325,0.1999929452106571,-0.0501091203375482,0.1983238608306513
46,-1.008336543853949,0.9699614788264138,0.993064278221102,1.3814147775946024,-0.2000000097319657,0.2619864633319001,-0.1950274321167804
0,0.0555555555555556,0.2166666666666666,1.5707963267948966,1.5707963267948966,-0.13305147877539275,0.1494447317724843,0.1494447317724843
37,-0.7310163909245222,1.472960435445039,0.8508830882386058,0.9681588403956062,-0.1999999155591167,0.1528913991468898,-0.2004150696287307
33,-0.5090400147159564,1.7641638381396398,1.27126994714201,0.8992055905689155,-0.1999926655099434,-0.387427288864298,-0.200393443780574
49,-1.0466510707041563,0.6915984018109727,1.6122614273913023,1.3500271315227037,-0.0478606848042094,0.8632402577330419,-0.0238459162523381
19,-0.3549721049548006,1.412805548841299,1.4869915226586028,1.7033181162931168,0.199998625253737,-0.0626247754206264,0.1966813579408453
31,-0.4201830293513883,1.89196291674904,1.510177519565529,1.0376707645755794,-0.1998973670861477,-0.2542755496563982,-0.1895672390091749
31,-0.3872104718023346,1.8298760272567076,1.398982799291642,0.9143976016525222,-0.5063421555796563,0.046580078581932964,0.01762972142173455
8,0.0787519440304754,0.33872228488846806,2.3661181872385555,1.7474465647066602,-0.5263476461123372,0.2000000099630091,0.1324042060848688
0,0.0111111111111112,0.2833333333333333,1.5707963267948966,1.5707963267948966,-0.1997800309510253,0.3619618379412048,-0.1997800309510253
37,-0.743621269325565,1.4761018516845534,0.8145577691586396,0.8975970335058316,-0.1999999085715889,0.0305793663915638,-0.1995643901691652
0,-0.0777777777777776,0.2833333333333333,1.5707963267948966,1.5707963267948966,-0.3612153276471322,0.1997182121031899,0.1997182121031899
39,-0.8467312146678191,1.3839497384644488,0.6601850334875725,0.98519666256021,-0.1999998946656905,-0.0442393476741754,-0.1881166528051073
9,0.0873758738326666,0.5939250348147208,2.094078326286014,1.7979670354369222,0.1999610885870255,0.1543126604903658,0.1957613621259337
2,0.10130672883307366,0.1407346261313418,1.706858742315057,1.5542806520368535,0.13469808670317276,-0.16641120807476517,-0.16243069765837367
15,-0.3014012639426707,1.053784080477079,1.6438235140066892,1.8071963119878784,0.199970337906534,-0.0683419331303042,0.1984191582094841
27,-0.3628051427306282,2.064861819508128,1.146745777331235,1.385692028711338,0.1729440710105426,0.2223764213036408,0.1627671874919754
48,-1.0461057597721497,0.72165312822366,1.600662278789053,1.258441266915608,-0.2000000099655151,0.3072652469441725,-0.1780911304336145
13,-0.2649106493462563,0.848182473954333,1.6789356919238854,1.8679455366741329,0.1999905207306713,-0.0550034354191974,0.1974622803248765
31,-0.4030553582135699,1.922332476573928,1.5284617152812396,1.0873235655116589,-0.1999956416193781,-0.1476934461716875,-0.1871553690427837
34,-0.5644577316682358,1.6594683361440454,1.1054570470422225,0.8827151446985502,-0.0579570386288953,-0.3144503827869777,-0.0634715882498357
44,-1.007402119002959,0.912658954399912,1.0833246660911993,1.4077123840780947,-0.2000000021915576,0.559008050163557,-0.2073863927751903
32,-0.4702094741366958,1.8006120179274778,1.3363591923708884,0.9142711258559578,-0.1640259736009945,-0.5108347071866893,-0.1705574881706126
7,-0.1169565855040722,0.4672700063488328,2.087507842359572,1.2045987786999877,0.1999638728287442,0.1107394022408715,0.1355139330359296
1,-0.07780156667732524,0.18935914627636855,1.5617920319226126,1.5734613232420356,0.33286841659402727,-0.19992543067031704,-0.2003002437027621
0,0.0111111111111112,0.1944444444444444,1.5707963267948966,1.5707963267948966,0.3746942483614454,-0.1999403285461828,-0.1999403285461828
33,-0.534389204769368,1.725783276311173,1.051738620917256,0.907466542162908,-0.1999775854960324,-0.0831502759855783,-0.1990954519831576
0,0.0555555555555556,0.2611111111111111,1.5707963267948966,1.5707963267948966,-0.13314918461655306,0.09196572826729815,0.09196572826729815
24,-0.3514374287309663,1.8241270518149584,1.3160330464360044,1.6657331299281457,0.1999435302455041,-0.228984304942073,0.1956874203159261
30,-0.3778452133984774,1.9278334550604788,1.5606693604935222,1.099394744635585,-0.199968029562899,-0.032935300539205,-0.180534469083123
41,-0.8763728757258449,1.2991113213923988,0.668487086697795,1.071991871229898,-0.2000000087926692,0.3510209464354265,-0.1977207396907372
16,-0.2056814943487231,1.185813288699222,1.8145453326512362,1.856592259199011,-0.05691544946767566,0.1999781450359409,0.20004063745793357
8,-0.0944101629237948,0.3463700540631418,2.1373130287352966,1.8258131507371176,0.1999814462755682,-0.2798156145800615,0.1817813530115323
45,-0.9875563732104508,0.9479627103224813,1.005319658413102,1.2892151778949963,-0.2000000099610324,0.2657938742235446,-0.1994391456457484
42,-0.951385355916918,1.159422927779573,0.7387135900846986,1.219950833579586,-0.199999988354557,0.2115540613826643,-0.1870769068989053
4,-0.1061320787816604,0.0546439490744572,2.02451028901442,1.1518867999044955,0.1219017159576777,0.2422105110498585,0.0969145151309882
45,-1.0248996891899271,0.817533117054202,1.3249370771458049,1.3624193206832949,-0.1999999910536604,0.0330317670403245,-0.1999832971345138
36,-0.6712716006413083,1.5599208597239869,0.9040651121632606,0.9456079602127956,-0.1999999181720651,0.0418055879619928,-0.200000984607904
13,-0.2341669819783915,1.167269494708735,1.6054365018435068,1.9477238381154451,0.1999566627793342,0.0292373351091132,0.1873757278107593
23,-0.3763837526487041,1.808430970563077,1.434190762198548,1.537329725828816,0.1040356288211743,-0.1195795937791333,0.1047139181632592
43,-0.983789330453393,1.0328902460235774,0.8263248255244968,1.311299959643283,-0.1999999749905996,0.3782978161876817,-0.1945730144112557
0,-0.0333333333333332,0.2166666666666666,1.5707963267948966,1.5707963267948966,0.02282237895228195,0.09399769253898718,0.09399769253898718
5,-0.0319166943828061,0.1879754676843109,2.187787711982827,1.4319473174311452,0.1841308751286295,0.060611683845569,0.1381485440918515
8,-0.0340263045768783,0.3947899795487897,2.1925852103635832,1.9757848964275535,0.1999567103920894,-0.3203133321827225,0.1883857373052417
26,-0.2943990883290259,2.1448979825754853,1.4057805285463,1.3320629280278904,-0.1999314843721864,0.0778398887798753,-0.1988151906332163
25,-0.3765787486872038,1.894484972102175,1.263692777376923,1.5024971108417902,0.1997914937797903,-0.2174313335952807,0.1992648534057053
38,-0.7823000974479785,1.3978788657215446,0.9071258274250188,0.9570872459777404,-0.1999999073642615,-0.1112217474348904,-0.1991948965834907
0,-0.0333333333333332,0.2388888888888888,1.5707963267948966,1.5707963267948966,0.12524897720683725,-0.06524887598343333,-0.06524887598343333
23,-0.3596705058486077,1.748449548911348,1.3868925518242428,1.611571325348965,0.1993512564197901,-0.2212526111069762,0.1992700651959905
32,-0.4631389701095538,1.81434247732883,1.4126533372235002,0.9336676438533654,-0.1987569543454593,-0.5620702751043304,-0.2022940664485951
10,-0.15736131901382813,0.6226444897826997,2.162889063437439,1.4131895574567603,-0.06838893971468499,0.19998627246691977,0.14170853440552333
7,-0.07481655390130625,0.2869709063860985,1.925695221028005,1.5695222563634332,0.22674871453133183,0.19994169122077915,0.19529947716239568
26,-0.3522972774217188,2.021462305019498,1.1623242886630931,1.432614007807126,0.1999373669839908,0.1852944723317793,0.1877307969880612
3,0.08046136347936776,0.07904947674618304,1.9364856873143665,1.5080366811306862,0.270356382530301,0.0005500711901190796,0.01173259074877452
0,0.1000000000000001,0.35,1.5707963267948966,1.5707963267948966,-0.3774983538941273,0.14159334122688672,0.14159334122688672
21,-0.3806867584317574,1.5485249402352186,1.4732905785661858,1.6399728299404497,0.199699017872928,-0.0246946878416333,0.197341031764572
2,-0.07749836149039174,0.232943600066668,1.6080115540560822,1.5628755711534963,0.40288444906119397,-0.1674117199089427,-0.16542337733420176
4,0.10287422518248915,0.04848691973099021,1.9096082980420928,1.5220233629169393,0.10936926414913746,0.19976866855214395,0.1890843865791465
44,-1.0173698507321465,0.8591741967058434,1.1207141170257415,1.3986073235454108,-0.1764469910085835,0.5222074791925811,-0.1840034285865417
0,-0.0777777777777776,0.1722222222222222,1.5707963267948966,1.5707963267948966,-0.1437248075799517,0.19993274291873195,0.19993274291873195
3,0.07676350352763998,0.3046588572530852,1.456629406722504,1.5898804514468443,0.2687971116920639,-0.19968091893645726,-0.20148194863163366
20,-0.3533049872566025,1.5779695514137246,1.504997865895234,1.7083220770909573,-0.0274423062814931,0.0563433476415297,-0.0280147348918098
28,-0.3401448219856702,2.0533756470849447,1.4660719393231911,1.2706396050053754,-0.1414748461665188,0.1100329137350153,-0.1366449671553271
23,-0.3776154289597609,1.72908787879731,1.4043026366277402,1.559340893692744,0.1993336430207613,-0.3647195785157875,0.2025746833940954
25,-0.3689171390804603,1.8939869575902293,1.2242802987223935,1.52257935761768,0.1999034812992815,-0.1312982727119448,0.1949340857284558
17,-0.3447654591431221,1.8170525078886244,1.3724569653813057,1.5283255457246758,0.1996674624576474,0.1314213437530661,0.195206745709466
47,-1.0253941695661843,0.7962030050896503,1.6211955773723552,1.3361758079816697,-0.2000000099753889,0.0585684329048947,-0.1902844221571504
13,-0.2883036160322829,0.8410903813222048,1.651171543773751,1.8274783679196147,0.1999747623962565,-0.0357706513947002,0.1975021863193093
22,-0.29712260776320404,1.6065254686370305,1.4507594211828172,1.70513809533829,-0.08571196262376339,0.199995537124077,0.19571653902817648
16,-0.2095740248202907,1.1381631820045637,1.7988587185163316,1.933365980110876,0.2000000099455511,-0.2884435757861096,0.202061602781634
15,-0.3047281057735549,1.1889845523895322,1.6740864503431876,1.7747268756113437,0.1999920424658822,-0.1450247597405023,0.2004371605899836
5,-0.102835762503215,0.2777024547857338,1.7103726713342242,1.466791073979974,-0.0584887821058983,0.420287353825314,-0.046625724247672
6,-0.07837606004609134,0.2519941423732326,1.6127732257035117,1.5500198480132699,0.5000177321480316,0.15047971595497087,0.15331924077980053
48,-1.0591404889513425,0.6729847318760657,1.6098505831241177,1.234646592201791,-0.2000000099484706,0.3001897203765918,-0.1750857638782773
20,-0.3545695601321778,1.5374986048384782,1.559358171982308,1.684334080610006,-0.0479091543612746,-0.0387824923895757,-0.0470520680952572
2,0.055449480642312435,0.2763722283159044,1.6380557222899537,1.5470706129233243,0.4176245910417197,-0.19994683162121185,-0.19532527196493504
46,-1.0216967355480937,0.8617707120974276,1.335439600993893,1.350905534270457,-0.2000000099628179,0.0439231760342574,-0.2000440195120747
0,-0.0333333333333332,0.2388888888888888,1.5707963267948966,1.5707963267948966,0.12524897720683725,-0.06524887598343333,-0.06524887598343333
7,0.07886044662540875,0.31326096694614125,1.660203536101852,1.569468058532186,0.5407196370656345,0.20000000995724002,0.20407679800876358
24,-0.3652950850528834,1.883837214672082,1.339558478976409,1.4930740382599788,0.0776158561387038,-0.2287977472868758,0.0802016849357784
1,0.0777530361283129,0.27603617882630876,1.5905209901419024,1.5638985667059233,-0.29560521638821524,0.11742417263670944,0.11659568293610928
0,0.0333333333333334,0.2388888888888888,1.5707963267948966,1.5707963267948966,0.30729635204964145,-0.19991953981487004,-0.19991953981487004
3,0.09808039408614791,0.3318965205943826,1.3861348413914545,1.5951025821184437,0.27515718850322507,-0.19748610042765236,-0.19889804609876033
25,-0.3675626555347365,1.903368089548234,1.2615522208893015,1.4700855887954067,0.199980345603749,-0.158789041560103,0.1989352250829147
23,-0.380041332538069,1.6708054784895088,1.3649296321059494,1.5614746297141606,0.1999330227260196,-0.1337812701833609,0.1986962458800697
3,0.07706144855197437,0.23439470599989873,1.6051103128728013,1.5518549642287782,0.49223345558125203,-0.0103795757522235,-0.007744692810688483
1,-0.0787915733033119,0.2947849002934639,1.4680280941857795,1.5845070347504866,-0.1998783098414052,0.4524296153683547,-0.2037818772945119
16,-0.1908180264625565,1.197701492628782,1.743760187565479,2.0155169339082346,0.1999763020841218,-0.0339599530136613,0.193548904837393
21,-0.3733417977272648,1.5393623550987074,1.436597529584747,1.6374683123688618,0.1998972892732271,0.077979189329417,0.1943221344600606
4,-0.09972625751225964,0.3896652744301889,1.59295587713388,1.568704117953374,0.3984631648546618,0.019634460799650096,0.020594935648922556
1,0.0547743714138197,0.3390410587108221,1.4915053564080178,1.5813967758757077,-0.1998711087432003,0.2664692073823401,-0.2014562313194675
46,-1.01499005354063,0.852088352920145,1.16055988480964,1.3582646426782097,-0.2000000099394253,0.4874297833865118,-0.2056780703943068
13,-0.0837054329123076,0.8717662606760666,1.9973806099234697,2.088309911927288,0.1999984516291409,-0.3718161375616117,0.2025484549131886
0,0.0777777777777779,0.1722222222222222,1.5707963267948966,1.5707963267948966,0.06614241123843782,-0.19983989605253327,-0.19983989605253327
2,0.09968694580146822,0.20742648569573766,1.5104968048816785,1.5866833284489503,0.11110808597395341,-0.19975441422965953,-0.20002064391061883
28,-0.333970221234685,2.133524312103351,1.322016424054426,1.3094831579992716,-0.1922334286790948,0.2063574826466257,-0.1919597040459924
3,0.0997928059940571,0.13757651670813273,1.5785882600579324,1.5702768676232446,0.2983195484180696,-0.10563365888687103,-0.1053820681320642
10,-0.11565161614576552,0.579691260669937,1.7833585541907793,1.6767404688541059,0.2972923763689194,0.19996273424284997,0.20199095328748737
20,-0.3706898448438983,1.6126551211139233,1.3391715343611337,1.676654968964411,0.1545649168682784,-0.1092218165585392,0.1494625345066267
1,0.09996900642064947,0.26181011360540773,1.5786700640481452,1.567785951413278,0.03260976879457043,-0.1997522399131259,-0.19970491617556746
0,-0.0111111111111109,0.35,1.5707963267948966,1.5707963267948966,0.3561175064547438,-0.19968190542199007,-0.19968190542199007
45,-1.0369577042573033,0.7597105453246159,1.2434305229955012,1.3925858078574027,-0.1999999923865776,0.4912160185821013,-0.2050789940339841
2,-0.03430119713643623,0.5517645978426434,1.5454839040250752,1.585417500996438,0.3728371247771213,-0.09577246099090689,-0.09718458440536223
2,0.10011582467659386,0.16940054091478396,1.5708976086107054,1.5744074424451353,-0.15833305045081975,-0.05011015870998313,-0.05005427790278281
10,-0.2204063231616122,1.143600114435577,1.730774713596712,1.943180130133076,0.1999751510388919,-0.0631072280724221,0.1968114153027766
34,-0.5783966988974484,1.6742726887178203,1.0406970986464064,0.8668130757020763,-0.1997911636796727,-0.1580427737313559,-0.1995126419160001
7,-0.070076768390524,0.3483821929114633,2.205427689367176,1.592608978973156,0.1999013762431418,-0.0585242562418701,0.1601591540700362
0,0.1000000000000001,0.3055555555555556,1.5707963267948966,1.5707963267948966,-0.3505973243934364,0.17297097277553716,0.17297097277553716
2,-0.0774324792212058,0.498288970103677,1.6037625512715916,1.5701487584852345,0.5356659355887269,0.1999117618266273,0.20159907092393117
29,-0.3732116433295214,1.9715523796937056,1.482169308446999,1.2034139606418548,0.0735129202817121,0.0737904458551449,0.0727056354974281
20,-0.3618518720977475,1.5322199640321303,1.5074920710730426,1.6691938869822938,0.0173583830915037,-0.0511055293827153,0.0179547272660956
6,-0.10058059565369593,0.3596813029486693,1.6367658924753732,1.5821798006057144,0.4843887117633283,0.1865601273531092,0.18892503101310076
0,0.0777777777777779,0.2166666666666666,1.5707963267948966,1.5707963267948966,-0.23589875468743174,0.166616393543175,0.166616393543175
0,-0.0555555555555554,0.2833333333333333,1.5707963267948966,1.5707963267948966,0.4261357513229632,-0.19993785202596379,-0.19993785202596379
1,-0.03309879826550601,0.2136696577542104,1.6501723832904993,1.5476375114637473,0.11759795255334926,-0.16099698745886656,-0.15894773842293528
12,-0.2246194519337964,0.7673984806913522,1.714209061791561,1.9560415437623675,0.1999712586462157,-0.0675691626734973,0.1957704077632595
22,-0.3643165543489222,1.6573944514497054,1.464722836193464,1.5971069493180956,0.1724767856479327,-0.1912844704930526,0.1734925284171695
28,-0.3406529349048464,2.0964755255712246,1.3937140923828024,1.2981419923046982,-0.1999199599637336,0.0452292754673577,-0.1985760097098779
0,0.1000000000000001,0.15,1.5707963267948966,1.5707963267948966,-0.24891133445678396,0.19991749938291045,0.19991749938291045
5,-0.0082105214081017,0.1611563964882248,2.242880639494463,1.4524056199515138,0.1999856620170036,0.0925060193324111,0.1472657614933319
25,-0.3470252890310114,2.018656927981405,1.182272775639282,1.464785155223588,0.1999158788630944,0.0038276106210413,0.1918841306755729
0,0.0333333333333334,0.2611111111111111,1.5707963267948966,1.5707963267948966,0.37262003338215405,-0.19994217494671665,-0.19994217494671665
5,-0.09893758226858687,0.2505788991807585,1.6844990838519598,1.5736957219510483,0.23041099142293311,0.09635783053521883,0.09831473474125776
41,-0.8757952448456953,1.2972285795746752,0.6854861555752298,1.009762661817174,-0.2000000099579954,-0.0638051825004339,-0.1875433283007709
0,0.0333333333333334,0.2388888888888888,1.5707963267948966,1.5707963267948966,0.30729635204964145,-0.19991953981487004,-0.19991953981487004
37,-0.7322260285296737,1.467792363440864,0.8428754398488616,0.9055687693480178,-0.1999999119897408,0.052548447192696,-0.1999362234699449
29,-0.3502207729580269,1.9740887277041808,1.5344576328442383,1.1371313763562296,-0.1047068987956625,-0.1085181626464532,-0.1007492734179894
41,-0.9346194809234306,1.1376948196151542,0.824564010140278,1.164458441102441,-0.1999999432309727,0.2639546610347431,-0.1973578398761827
39,-0.8439727910644966,1.298061000418928,0.877000353025378,1.036916070144339,-0.1999999274426079,0.158581324539453,-0.1999732396180838
35,-0.5907823046380041,1.6504075545216106,0.9279351408773716,0.9014762635164526,-0.1999999144159707,0.0687285885531509,-0.1997480843983754
0,-0.0777777777777776,0.35,1.5707963267948966,1.5707963267948966,-0.3960369384522841,0.1994508462494476,0.1994508462494476
23,-0.3625593149052473,1.7184615266802952,1.3860505886379046,1.6534580534693717,0.1999038960657901,-0.1707058485844943,0.1973097387882233
1,-0.0558084217025387,0.24793227959132996,1.5845686519842923,1.563529553638433,0.3170887680416126,-0.19984052079162692,-0.1991292163913088
48,-1.0564911504137082,0.6794589345941077,1.6048815572299584,1.240170367233298,-0.200000009947214,0.2965031080932288,-0.1762697139441743
0,0.0777777777777779,0.35,1.5707963267948966,1.5707963267948966,-0.41075047818801097,0.14407837052087885,0.14407837052087885
7,0.0014779443619742,0.3339207464416135,2.2058996692401176,1.9096024438455828,0.1999439739969919,-0.100053048638476,0.1883098949776488
42,-0.9743184964690488,1.027194232893868,0.8920640655496239,1.2493946819588213,-0.199999885264848,0.1393263044562523,-0.1922399429758543
47,-1.0312629879282829,0.7844384215327473,1.5211137074006706,1.3104445254411496,-0.2000000099678775,0.1402510728119859,-0.1926453984117842
21,-0.3609982388501833,1.5262361506403996,1.555156921334817,1.6632981603601409,0.0723298322032577,-0.1746966941103831,0.0737928242465871
0,0.0111111111111112,0.3277777777777778,1.5707963267948966,1.5707963267948966,0.40209604071790506,-0.19974461374418676,-0.19974461374418676
5,0.1021909295876413,0.2528038556520585,1.8943862185715314,1.5152889599005763,0.3012915924518263,0.0076678215519916685,0.018273658080573053
2,-0.07857764600854,0.3326180148978456,1.503267086800287,1.5815459510336374,-0.1998275046376393,0.3075967434669556,-0.2016209617228608
38,-0.8409088895924702,1.4503450601047947,-3.7017114764795975,-3.5089697345543196,0.5745364040041181,-0.2000000099972913,-0.20730183667708266
7,-0.0505173097845632,0.4574501243309149,2.263393210259994,1.6865614679811562,0.1998341924734696,-0.1431781427916317,0.1596914454208627
15,-0.2975644604830528,1.0389148758344162,1.6465935884141334,1.817097421163866,0.1999886742252323,-0.0742049782944764,0.1983478207882014
0,0.0555555555555556,0.2833333333333333,1.5707963267948966,1.5707963267948966,-0.24815191941342127,0.14256461163591808,0.14256461163591808
0,-0.0555555555555554,0.3277777777777778,1.5707963267948966,1.5707963267948966,-0.15973085538250706,0.027544650378791093,0.027544650378791093
0,-0.0333333333333332,0.1722222222222222,1.5707963267948966,1.5707963267948966,0.019629576006228052,0.1873025034132022,0.1873025034132022
23,-0.3678186956524824,1.846994043091471,1.3917512768008686,1.5041918839237671,0.1998388679152387,-0.1173218558006037,0.1998933240088391
1,0.03293413028921643,0.47751608266625145,1.532367699840341,1.574108761701302,0.4123943374570514,-0.05283504785761602,-0.05450990479358828
0,0.0777777777777779,0.3055555555555556,1.5707963267948966,1.5707963267948966,-0.40440035075431313,0.19805807792827212,0.19805807792827212
49,-1.0903951315506857,0.6064017376446541,1.7712729331412298,1.0094578568890482,0.2000000099713907,0.6811211050635392,0.1917303084824535
17,-0.2724678770060482,1.2429993090028846,1.6826762037897318,1.857035469649374,0.1999610612577648,-0.1317018365707128,0.1992139563874498
1,-0.0342612357783051,0.4336939269095786,1.469061964204447,1.5874487130731274,-0.0703476030528851,0.4943693324626292,-0.0756942189597452
0,-0.0777777777777776,0.3055555555555556,1.5707963267948966,1.5707963267948966,0.4435299205771083,-0.19993393403441095,-0.19993393403441095
30,-0.3759480009176635,1.9514922950404912,1.5704042432491372,1.1437412828731757,-0.1999625301224204,-0.0604254162884923,-0.1845368659353355
37,-0.7755846108065121,1.4670220664782418,0.8019803590308736,0.9098484838185752,-0.1999999868465354,-0.2289734575944327,-0.1963724546837036
19,-0.332363710671438,1.4305128915820873,1.5190167104037515,1.7566950167232331,0.1998794844294257,-0.1322353854772204,0.1973737586339247
31,-0.4231450755693607,1.8537334404575705,1.54420171022392,0.9353610008512973,-0.1999628080118244,-0.5767097346093136,-0.197014810687707
38,-0.7963602872485288,1.3754748871641416,0.9028938755700322,1.0077020148097051,-0.1999999254637529,0.0527035543403483,-0.1994538218544534
38,-0.7792757371346092,1.416886113692791,0.8692046927187422,0.909291483925964,-0.199999902213249,-0.2529999146579416,-0.1988253048566032
23,-0.3721710952859037,1.7508125633365792,1.289817810572123,1.5335449715115594,0.199948259958467,-0.0404110982573335,0.1950140498345905
43,-0.9328305897320396,1.1982404478478337,0.7491177023336875,1.2093723369615663,-0.2000000099077356,0.4861208539719172,-0.2007802278727379
29,-0.363958262748762,2.030939000517161,1.3893209521934995,1.2670712933934385,-0.0655736068570276,0.1814182452271609,-0.062871906970163
0,-0.0555555555555554,0.2388888888888888,1.5707963267948966,1.5707963267948966,0.45801403441777466,-0.1999401343965607,-0.1999401343965607
35,-0.6527642158047212,1.595194513509413,0.9241790093496408,0.8674385140635305,-0.199983588755301,-0.1542974884863317,-0.2005367750475087
0,-0.0333333333333332,0.1944444444444444,1.5707963267948966,1.5707963267948966,0.03769938502389991,0.15875211299120545,0.15875211299120545
8,-0.0189063408959665,0.3995966354932836,2.255961262027378,1.7758982446379452,0.1999759893187183,-0.1442033703788008,0.1707120501505316
45,-1.033316230329805,0.7754939151444037,1.3713004624029563,1.3528705064639184,-0.1999999769218114,0.0011875606474656,-0.1999638230144134
22,-0.3168009502816434,1.6820558822092297,1.4568442149225005,1.6531359958071845,-0.3558762174170408,0.19997193733869076,0.20307257020478156
20,-0.3574332307938762,1.5217254636885835,1.4501490925526106,1.6759013052239815,0.0810458797601101,0.012077562123606,0.0787190786362046
7,-0.10011723581562228,0.4155400776562654,1.6255878886665611,1.5866417817548162,0.4649798722879126,0.11162776988168271,0.11335357994078682
3,0.0998362979940023,-0.008746601786535458,1.8407138540085892,1.486096498029674,0.301400755905756,0.19991718003107237,0.1979438031612103
20,-0.3654280773816211,1.5493422137919364,1.429384307271672,1.6630439730378803,0.0055281699788617,0.0176115170623624,0.0049701692259869
2,-0.07667023852253663,0.2027737984229978,1.6727135697765476,1.5607369076727902,0.4179353433973777,0.02217074453799658,0.02670201931771485
47,-1.0302706458138386,0.7747120621462366,1.6551278343540032,1.3179973050895033,-0.2000000099782589,0.0360435294770027,-0.187549302571383
43,-0.981652549016056,1.0398871023229934,1.0127524564956571,1.3306041286394084,-0.1999999718807784,0.2029872924265866,-0.1963256692935745
15,-0.30177735316016,1.2280095615833495,1.6784264941952587,1.7808541627854526,0.1999750564147527,-0.1674378753450951,0.2006389911938806
44,-0.9306114496033616,1.2222499606966613,0.798874619751818,1.0944543127163202,-0.2000000099936492,-0.0627954736552868,-0.1894975005913495
12,0.056930614202461725,0.7764026638887496,1.7713044435393552,1.6778713680015445,0.5152764809280451,0.20000000996800338,0.20393505581868324
28,-0.3517016778255846,2.0133750982572787,1.4148958549146808,1.2779122473013913,-0.0290430180822562,0.2610851411179736,-0.0252056910023935
1,0.07768265200608002,0.33040191233763705,1.5975736389544348,1.5606773861731553,-0.3456109129608151,0.16821458668209674,0.16682521613970538
45,-1.0262511431707344,0.8097748460050839,1.346315978395546,1.3681564953318524,-0.199999985435802,0.0603604061133602,-0.2000841062841466
18,-0.3458953558739029,1.386279207393963,1.6288173911331023,1.6967526102980868,0.1988908803532513,-0.1480187759179667,0.1994368923369628
0,0.0777777777777779,0.1722222222222222,1.5707963267948966,1.5707963267948966,0.06614241123843782,-0.19983989605253327,-0.19983989605253327
30,-0.4432024445154456,1.9264420253510737,1.5953167530898833,0.8815081920308239,-0.5675095982161965,-0.09312142561042112,-0.1075438843487769
13,-0.0901076045665386,0.8623765964703022,1.9912053415958284,1.9816295692021948,0.2000000099936806,-0.0623243485877396,0.1999311610559953
7,0.0733113359030284,0.341526155131595,2.1484189385318078,1.7147035463226927,0.1999619678561123,0.1201991420927731,0.1864989272501236
10,0.10553863448050825,0.6704564805357206,1.723248470637179,1.5948815143061037,0.5960793028325453,0.20000000999395048,0.2059851555530967
4,-0.0931366340358281,0.5218422271258143,1.3975976188483772,1.5025990012614427,0.6008645317545476,-0.172245833650308,-0.17759474922244403
16,-0.2431425742697986,1.139505000660749,1.7300799362457973,1.90639289416718,0.1999843289817716,-0.1900451240366344,0.2002173990588614
8,-0.09774721637148077,0.3951379391377774,2.142518688980954,1.663930701169583,-0.0827218237668174,0.19996461792488987,0.17368825119222092
49,-1.086592079136106,0.643518545155525,1.7803115585975595,0.9721577318604696,0.2000000099672722,0.6323729553257531,0.1838882774525283
12,-0.166673470921016,0.8338026098004016,1.8332202595258784,2.007022223003614,0.1999727115197644,-0.1783630489159381,0.2000444080817409
25,-0.3818667449561518,1.8929503194094477,1.277239142452314,1.510193127426812,0.1533907097957501,-0.2676604151227844,0.1554264416912967
45,-1.024865072012845,0.8112146498051328,1.362828691172978,1.374881842141335,-0.1999999745983871,0.0565581903918765,-0.2000536157214117
30,-0.3741496813390864,2.0103048480601,1.497328990910062,1.2054602955658984,-0.1999908924009546,0.0268073985111569,-0.1907614841130556
47,-1.039689453504464,0.8152847271906422,1.2818876183851324,1.4089007284577713,-0.200000009930318,0.2828980027007857,-0.2019724666951488
35,-0.6046370632219357,1.6405495468717632,0.9307447959896216,0.9230385280249082,-0.1999999128909434,-0.0048511968479561,-0.1999977126916089
11,0.06860578327861086,0.7817384242913613,1.826992942081068,1.717021535981036,0.4209511011772935,0.1999755381230226,0.20338746647130285
13,-0.2217959265372376,0.9296511366075156,1.7500349983794057,1.9435714722651336,0.1999864696411233,-0.109216765508818,0.1983533344238996
32,-0.4512143936644211,1.8446291827590893,1.461598591966236,0.9706048105328562,-0.1998865091887251,-0.4394086779515453,-0.1969910902910631
18,-0.3421909340423509,1.4767442184680022,1.6036888445462134,1.7166269751718266,0.1068880004582173,-0.2709211469095496,0.1092602777979249
40,-0.919434370782746,1.273334197119082,0.5790088091584511,1.0126062420360336,-0.2000000091198321,-0.0799432095947187,-0.1781333312243686
24,-0.3648643043856485,1.8923811772837813,1.279501017038446,1.449140279113034,0.1996233902073584,-0.0965457981309526,0.1983878946364739
24,-0.3740291567152017,1.8059743496786167,1.2785046681631078,1.542034969246758,0.1999700613653164,-0.033904894547613,0.1939495627956578
0,0.1000000000000001,0.2611111111111111,1.5707963267948966,1.5707963267948966,0.1479827513570052,-0.2135011802767808,0.1479827513570052
5,-0.0424844576582125,0.2659106833254801,2.097200640943842,1.283183020972246,0.1998935710078424,0.2607467552312373,0.156201151779151
9,-0.1086112205005421,0.4903970631379431,2.079094557033231,1.885003524864257,0.1998933356797613,-0.3720279846303295,0.1889645377085729
36,-0.710613572528738,1.520079927462641,0.9102064722142869,0.8727932991825177,-0.199887398396944,0.0050750496067868,-0.199728536027913
19,-0.3210540581818842,1.4361130729960108,1.508153892687017,1.7741851768596772,0.1999111717269389,-0.1208553458324102,0.1960560138845399
2,-0.0570154267216884,0.4296471504065982,1.443232291163539,1.5837940509632158,-0.0183109354483891,0.5399416884269572,-0.0256948912267589
26,-0.3543919110217589,2.0332779307287248,1.1216362767203734,1.462257060700933,0.1999445230012512,0.1244108893133876,0.1843009795031818
1,0.0767375326187756,0.2811476117085804,1.4587401809805085,1.5885200915197792,0.1029760804461941,-0.1788590850830599,0.1044248139582265
19,-0.3705260407496941,1.4335925985271474,1.554391169964299,1.6490229349193894,0.1995081251482732,-0.1900462556391334,0.2004112351521858
0,0.1000000000000001,0.1944444444444444,1.5707963267948966,1.5707963267948966,-0.24204140088377593,0.198515729678985,0.198515729678985
0,-0.0999999999999998,0.35,1.5707963267948966,1.5707963267948966,0.1861652483152519,-0.4493625833112221,0.1861652483152519
0,0.0333333333333334,0.3055555555555556,1.5707963267948966,1.5707963267948966,0.31367196508585893,-0.19990491426387783,-0.19990491426387783
28,-0.3548301468484809,2.00227945688612,1.4132777046763123,1.275607967777708,-0.0009710054982808,0.2654878724573342,0.0026816117838448
0,0.0333333333333334,0.15,1.5707963267948966,1.5707963267948966,0.37583633236717956,-0.19988553706488105,-0.19988553706488105
3,0.07682193921583319,0.27128573304360004,1.4571387895129764,1.590316965740724,0.46034811931892344,-0.10522720053471198,-0.11040812691327911
0,-0.0999999999999998,0.1722222222222222,1.5707963267948966,1.5707963267948966,0.02194980987667257,0.04006885609833144,0.04006885609833144
4,0.0765735395459484,0.3130896609957888,1.7443937700403929,1.4988527212458402,-0.1213592517352629,0.3808808433306265,-0.1084606995318269
24,-0.330249247838066,1.9570779775561316,1.2672676328283463,1.4324599326916418,0.1999040406720443,-0.012249473225783,0.1973841300789811
0,0.0777777777777779,0.3055555555555556,1.5707963267948966,1.5707963267948966,-0.40440035075431313,0.19805807792827212,0.19805807792827212
20,-0.3628269491563635,1.5227482463427804,1.453760798769512,1.6603034955368876,0.0562074069069946,0.0101491282709365,0.0548046265640741
8,0.07867463709692052,0.3309085407937416,1.662899613441203,1.5604455930283363,0.5527516533295799,0.20000000999522427,0.2046045057627705
12,-0.2093296412989724,0.7732914752897547,1.7398965306429466,1.9791331825772431,0.1999727406481143,-0.1110124743540408,0.1969079090264281
0,-0.0999999999999998,0.2611111111111111,1.5707963267948966,1.5707963267948966,-0.45144290508625196,0.19965986289196697,0.19965986289196697
0,-0.0555555555555554,0.2388888888888888,1.5707963267948966,1.5707963267948966,0.45801403441777466,-0.1999401343965607,-0.1999401343965607
1,-0.05536518511965668,0.36115932065270306,1.6107473457839827,1.5603338395027875,0.37096634674126944,-0.19684958238427744,-0.19473010727970236
48,-1.0733889446264528,0.6592944996873479,1.6342308350958112,1.1321020179256125,-0.2000000083225335,0.3808498733183307,-0.1569819752566257
3,0.0993949508702068,0.3060128137268953,1.4955623109133729,1.5868032313363938,0.22162209110971395,-0.19937888974605386,-0.20056885600573504
48,-1.0615108501470418,0.667910803648809,1.6613822685213138,1.2010849933140872,-0.2000000099547202,0.2505071355081814,-0.168056216321292
3,0.10298301722434929,0.33639716643143647,1.8940186531309582,1.568381163805287,0.13116689439330223,0.19945365743356505,0.19316796231764732
10,0.06941800480977002,0.6834708934760094,1.9698977196634049,1.757011146599913,0.32757222588314977,0.19999081748833022,0.2023970635913556
16,-0.3453720118470728,1.7200052546454216,1.3416060481069272,1.6070176481604717,0.1998115446426047,0.0617018345487558,0.1911965878409704
41,-0.8319988042842251,1.3109376174166885,0.8092546295170048,1.084842401261004,-0.2000000099624659,0.3235525837192109,-0.2012573670554187
0,-0.0555555555555554,0.3055555555555556,1.5707963267948966,1.5707963267948966,-0.10358550461213002,-0.006260116949293437,-0.006260116949293437
0,-0.0777777777777776,0.2388888888888888,1.5707963267948966,1.5707963267948966,-0.2955083058288543,0.19990706399673244,0.19990706399673244
32,-0.4571426413683581,1.785206865314099,1.2131618547097918,0.9424776855112882,-0.1628361317117328,-0.3732000732907924,-0.1668859970144475
40,-0.9020185188378856,1.2369500104209898,0.7042279173390669,1.1528121042139858,-0.1999999039430325,0.4107358418015182,-0.1980255316860281
17,-0.3132713158407554,1.2254129744174322,1.6250889052035222,1.779426327550295,0.1999836899106845,-0.0149952324638443,0.1978371191758883
19,-0.3251747851881106,1.435107363529348,1.617057844140693,1.7607748264314638,0.1998772785720784,-0.0875074034589509,0.1990699444817379
22,-0.3747466730874217,1.6247109561809827,1.3907155893894665,1.623005929890063,0.1996407449072591,-0.0970608567759508,0.1965131413912917
46,-1.0283957477809462,0.7896706478598142,1.4723706905968663,1.3540402052615743,-0.096287272494062,0.0984391642003375,-0.094451827566952
2,-0.09989340983266,0.1200851742849681,1.7735845438217073,1.320324134689578,-0.1996608658981411,0.1891519214369439,-0.1712169963685715
19,-0.336064435423034,1.92914442828183,1.5583991856045174,1.437393808335701,-0.1691815656500318,0.16746034866642,-0.1659230537253324
23,-0.3781068813790556,1.67376359331404,1.3779889279156483,1.5418921599613065,0.1999464284959753,-0.1542548676381518,0.1997837104448016
3,0.0911076779719379,-0.0423352949488136,1.792687602548514,1.4199475164527244,0.199982000099159,0.4216790443415569,0.2016060661257794
2,-0.032131738855858585,0.3195450000728579,1.6710505721545674,1.5609248267651903,0.4197026392549903,-0.17088939762271124,-0.1652415286303708
10,-0.1899103526756878,0.587645069576223,1.8214661554846263,1.939998203064984,0.1999443383793308,-0.1573711450223788,0.2004023760112661
43,-0.9965246064576,0.9595318902291164,1.1762199277393717,1.3385173087345412,-0.1999999381896699,-0.0190053266811269,-0.1970645726308832
0,0.0777777777777779,0.2611111111111111,1.5707963267948966,1.5707963267948966,-0.3450117782622278,0.1715896042371206,0.1715896042371206
36,-0.6888067579560779,1.5270160485446886,0.9607219557235452,0.8588861922720403,-0.1999999847671185,-0.2682798692215245,-0.2016911573451539
42,-0.9599224621385976,1.1008249551395095,1.0048283536604794,1.247716767152519,-0.1999999862298542,0.0718459584791182,-0.1958574021582464
33,-0.5140188255659783,1.7430583566491875,1.1587052935404127,0.9158644404324796,-0.1999544974379051,-0.2196938405068681,-0.1993703702093858
6,-0.08032128360099951,0.39682290453837993,2.0468396628883223,1.3707895424908267,0.26972695377509104,0.1997538067362153,0.17269528640743553
0,0.0777777777777779,0.3277777777777778,1.5707963267948966,1.5707963267948966,-0.3736574047322966,0.1640131168652352,0.1640131168652352
11,-0.1292307981202317,0.7616000399059479,1.907072468722363,1.9971406422772373,0.1999893477755964,-0.1185177130718568,0.2002447363400852
21,-0.3708224071632264,1.5629151962015524,1.458555751876487,1.643789861618004,0.123738815873718,-0.1356803249740418,0.1241209504345561
29,-0.3687380089767962,1.9792089595188649,1.453848340435771,1.2284060150082718,0.0155145725575081,0.1587572641391409,0.0186708018135598
26,-0.3510864871771414,2.004895687137736,1.1934933462891897,1.4195136709002656,0.1999403834111643,0.1899953310065264,0.1905972798989784
40,-0.8924219107142554,1.2465007046832497,0.6826383328750487,1.0821690585765722,-0.1999998996435724,0.2068576281950206,-0.1922951084343819
17,-0.2899916151226286,1.2364305370190036,1.622037158454302,1.8387635030002691,0.1999761278557044,0.060057059581392,0.1940065825671186
44,-0.9980798290610718,0.969304918149511,1.12333785836783,1.3863093884338469,-0.2000000069701056,0.1863525722682117,-0.1979686197906557
32,-0.4498348484437512,1.8437660033333247,1.4670180542849418,0.975903227480622,-0.1999824590006349,-0.3382691713706452,-0.1922991478379025
0,0.1000000000000001,0.15,1.5707963267948966,1.5707963267948966,-0.24891133445678396,0.19991749938291045,0.19991749938291045
12,-0.1947314942181598,1.076304989243042,1.7350893136160113,2.0080701725940324,0.1999641461350058,-0.2593056235450096,0.1995507394587503
36,-0.6813344717086612,1.5301279354349608,0.9652271510096097,0.8661068464284941,-0.1999999004965473,-0.2579852131994151,-0.2015711937111657
6,0.10076649711188158,0.2806176917248744,1.6642763782900314,1.5619294622665423,0.5373621623765692,0.19990986424105772,0.20435390034576265
5,0.0267654593722811,0.1529227206958155,2.20224992938354,1.3527627595036698,0.1999782730867353,0.1564774501249567,0.1438098664379526
1,-0.05553330212250095,0.2857626115119773,1.5768638225880007,1.5690972837960089,0.24375977970510357,-0.19989624937690179,-0.19970090554853123
26,-0.3621692638416179,1.9812781585873585,1.149275650958249,1.458876902360807,0.1999451305785535,0.1130886884425904,0.1869931931263814
16,-0.3139701543143295,1.1900445608886965,1.6349590502871756,1.7680979832734676,0.1999647136117515,-0.046555305014135,0.1988130480138093
39,-0.8664908653087773,1.3192862440594118,0.7233048665598205,1.0139220785741518,-0.1999998864965975,-0.0751641229079589,-0.1894595513129533
0,-0.0111111111111109,0.2833333333333333,1.5707963267948966,1.5707963267948966,0.02250910836967557,0.11937900198405126,0.11937900198405126
2,-0.03332439367321329,0.2079159933582878,1.7404858327924906,1.5139584695363042,0.27307647831228626,-0.19989955717990884,-0.1886594041803628
19,-0.3275000308791218,1.3890687132704211,1.6155730961287844,1.771196091584719,-0.06122319859011668,0.2000000099932964,0.19853197467688552
27,-0.3280254511907335,2.1183037969220484,1.379883561257051,1.3189203902151467,-0.1999468831125836,0.0300656120017751,-0.199392270060732
0,-0.0333333333333332,0.2611111111111111,1.5707963267948966,1.5707963267948966,-0.023504231910695932,0.11620258918021101,0.11620258918021101
44,-1.0122032839803463,0.8909070941693065,1.0435542345505735,1.4172603316124783,-0.1448314777113687,0.5967251585193396,-0.1566198598812974
15,-0.1975785536220177,1.035683476009199,1.8004578947219767,1.9769859664022968,0.2000000099930576,-0.2891594058696645,0.2019698831927417
32,-0.4527040518051469,1.8172998835856429,1.4349507026732802,0.9456805056393596,-0.1806168218646862,-0.5595710478069182,-0.1857249724271812
0,-0.0555555555555554,0.1722222222222222,1.5707963267948966,1.5707963267948966,-0.1997914287024667,0.3691810615970765,-0.1997914287024667
0,-0.0777777777777776,0.3055555555555556,1.5707963267948966,1.5707963267948966,0.4435299205771083,-0.19993393403441095,-0.19993393403441095
0,-0.0111111111111109,0.1722222222222222,1.5707963267948966,1.5707963267948966,0.3791306568525211,-0.19983826396154572,-0.19983826396154572
0,-0.0111111111111109,0.3055555555555556,1.5707963267948966,1.5707963267948966,0.36817300984275736,-0.19974942508477256,-0.19974942508477256
19,-0.3479709734479126,1.576772649042654,1.3487822510089624,1.721893848171488,0.0019556883754448,-0.1482994712661155,0.0072268661695839
1,-0.09994405683741597,0.2993027620353317,1.5933830803867917,1.5640544464446748,-0.01351190718273237,0.03872934787643812,0.038673069285644276
1,0.055593346267593845,0.36373648853443963,1.5883550206806998,1.5654710994966035,0.20085620014864172,-0.19985384119021773,-0.19934191672899781
34,-0.5757549098519369,1.691309984872014,1.034252635064588,0.875466734320757,-0.1993499344995588,-0.0397407548794464,-0.1974704879214634
48,-1.0749618989581982,0.6474135681391301,1.6225534288587342,1.1433119636220055,-0.1761037092188749,0.3242312492167369,-0.1413142310644457
34,-0.579445130435865,1.701381030984049,1.1386961897200951,0.8812946530481823,-0.1987590837018215,-0.1770514020874696,-0.1967180838820929
39,-0.8695746248460828,1.293888237168604,0.7077269814166955,1.0180690935551802,-0.1999995217848584,-0.0354824566210781,-0.1893617956526626
6,0.0552566347047337,0.2260024779272515,2.145570097099573,1.7208899333350751,0.1999432010201697,0.1469171398555816,0.1882357765051497
42,-0.8873804569822072,1.2199206596799523,0.9500755760888236,1.1606894254744198,-0.2000000099644237,0.1696113015872853,-0.19912646091493
1,-0.033176119899808156,0.18258807050659784,1.6644475785014974,1.5416756098352415,0.4199975781972989,-0.0872095248216454,-0.08140964826172951
24,-0.3728674355354603,1.8399284732373784,1.2885780852384203,1.5182914418694615,0.1998758540262988,-0.0496754034604868,0.1957565568633737
2,0.1013451341004729,0.1504684820259186,1.515995296716257,1.6026530586683765,-0.1998410022130209,0.3549245312881928,-0.2021629603745214
33,-0.5202549822100454,1.7355429999187972,1.1289583930745968,0.91103450108275,-0.1999930948806993,-0.1163776018441695,-0.1977790606815236
1,0.0983142823165006,0.2731501096944002,1.400719641384189,1.5933518414381542,-0.1997053159876105,0.1234180916096431,-0.1983742642533377
49,-1.080751939512843,0.6566017947137482,1.7784630432095074,0.9948210002781048,0.2000000099670229,0.63128179644851,0.1862294028142825
0,-0.0111111111111109,0.2611111111111111,1.5707963267948966,1.5707963267948966,0.39046927336936577,-0.19978799360956215,-0.19978799360956215
25,-0.3636793113568279,1.933441512863248,1.277417220914134,1.4354286697693026,0.1998685654749513,-0.1524246357404839,0.1997771055058635
0,-0.0777777777777776,0.2611111111111111,1.5707963267948966,1.5707963267948966,-0.309776044833377,0.19991515568211382,0.19991515568211382
47,-1.0360097414272926,0.7510934241536655,1.5330335478360866,1.3465656169378104,-0.200000009922705,0.3952743928240408,-0.1892050828998357
10,-0.1104756449953806,0.5847076556282955,1.884473660187764,2.1039080447813454,0.1999722222363672,-0.110890972014746,0.1975908819048929
1,-0.1000180722551122,0.29678349985761,1.5826948444035391,1.5665958422934008,0.3122352773768511,-0.19995354990462663,-0.1994249927709639
21,-0.3727071295510827,1.553334141815198,1.4766634057794157,1.655995842425683,0.0881715906076999,0.0047305605444108,0.0866732013633691
1,-0.03308984685275578,0.3775473055218793,1.6080431948092322,1.5622800674019186,0.3848689162768239,-0.19925285441585067,-0.19728358097816448
2,-0.10091758417121503,0.2265281647134713,1.6216713740166764,1.5438218346096504,0.32930188829442,-0.19987477048273572,-0.1967083893700987
3,-0.05632029943569712,0.42770318983339994,1.5259242904658556,1.5596990946301743,0.4131416962871993,-0.1860323272506157,-0.1873213430308513
16,-0.3050973711642181,1.1231868793274395,1.6140629164333578,1.8028691840041504,0.1999877042002789,0.0234333112582756,0.1959939075423901
49,-1.0884538200743732,0.6085509271582449,1.7531331112765725,1.028355772204247,0.200000009969404,0.713356662026993,0.1970227375141534
22,-0.3783417882272233,1.5892921316383497,1.4095793436385966,1.5713188873351804,0.1999040921368072,-0.084886378226846,0.1986620438854678
16,-0.2972840537138628,1.1389391514576783,1.6329057222944374,1.8163579965461183,0.1999672717054829,-0.0288910096498612,0.1971388195343553
7,0.06733619544421897,0.37008356460356584,2.070849547007123,1.8133681454953643,0.17970251593739997,0.1999876198339609,0.19797095589507832
41,-0.8924214933240888,1.28016472823112,0.784518115946917,1.0226228355410554,-0.2000000091994621,-0.1472175309732058,-0.1908850665880664
14,-0.2265118661918912,1.0972193449357015,1.7183574116132898,1.9519525163272131,0.199981198286478,-0.1150638490248151,0.1972132666524294
39,-0.8400511434325897,1.333213761582417,0.7289096793263092,0.9792620468703056,-0.1999998804462507,-0.0582134647463105,-0.1923227094987927
2,0.0284249324890644,0.1013737612763526,1.903816973685693,1.404677375477597,0.0924623553461783,0.4264419935269626,0.101593972404959
1,-0.055351363726261614,0.2512249632516818,1.599211779483829,1.564693463330856,0.35724991406218404,-0.1998611682934504,-0.19850918973733991
36,-0.7120855828931459,1.5392580344320914,0.8831885593653275,0.8546666285286834,-0.1999287784771077,-0.1742130504632907,-0.2003442847957715
6,0.09826033916703496,0.31647204297617637,2.1266856787830344,1.6724172466215583,0.2197088695149195,0.0038678062179875743,0.013116478456090536
10,-0.093112661204871,0.675618211452923,2.092084545783004,1.9258255023077115,0.1883273802854217,-0.3700241541212812,0.1796068081731315
23,-0.3859672994187816,1.7466808757436465,1.4203840734985358,1.5622257797564731,0.0933713364084265,-0.1302869791252411,0.0942754601734513
12,-0.1441479164204141,0.7639805524490177,1.8611943823623096,2.0622491248084454,0.1999810770120505,-0.2052082339450968,0.2000508244580464
11,-0.00632238211288903,0.7252284556529284,2.4241779445947946,1.5434880529352324,-0.3585412330345925,0.1999978286895916,0.09967255051166549
13,-0.141573702517262,0.8724396940065806,1.854395039331583,2.07674055525837,0.1999612218755463,-0.1874560848867689,0.1991725015067732
9,-0.1010929544984216,0.5306052582511095,1.9447396324686463,2.051134931547652,0.1999630370967518,-0.1493095526286381,0.2004179056148893
5,-0.0861381455194298,0.1132428301750961,2.1556734655540524,1.275236168595421,0.1998734186392661,0.1306671894695478,0.1373568675701506
10,-0.1137091217979813,0.5361792480807749,1.96726660872947,1.952108866009584,0.2000000099542152,-0.2701230049696729,0.1995676048539892
1,-0.0332618987895154,0.2636720743096296,1.582207516271036,1.5681246363538452,-0.1995500218939871,0.4307210787058311,-0.1989236748189778
26,-0.343945981821607,2.0200408682910505,1.151513696380471,1.4527233841041325,0.1999578022040671,0.2010874310093116,0.1849895882215659
0,0.1000000000000001,0.2388888888888888,1.5707963267948966,1.5707963267948966,0.037091147065255986,-0.19979443148239204,-0.19979443148239204
46,-0.9924296968284796,1.051197683377811,0.8250468113105951,1.367793719531214,-0.2000000099701275,0.3103386599973807,-0.1872873255346526
4,-0.12705931958580285,0.46963463283355217,1.8242184891224165,1.7442867542942888,0.22183624523816325,0.19998356257934674,0.20111633497074916
28,-0.31984166285265647,2.1747486669985165,1.2305458301051404,1.442681295826111,-0.25368563405540223,-0.1553567719866282,-0.1465329213192752
1,-0.0606739424009318,0.1449754647291623,1.7998033440242605,1.4396995954394851,-0.1999660830110259,0.1965841631052152,-0.1802132502868556
33,-0.5443654551660195,1.8115335941522257,1.2997608736554565,0.6731858958334573,-0.5560964027888603,0.19474968476206525,0.12514711542279836
32,-0.4554678668932814,1.8482936760515185,1.450344984917529,0.9804654938512246,-0.1999203451401233,-0.4021968000499714,-0.1964641696828237
29,-0.3600415226912715,1.997484761161687,1.519380175665432,1.201726965454608,-0.0573293320178093,0.0496730427118873,-0.0529097262216366
1,0.0765107066867,0.3169867308213142,1.427065728460196,1.5958501282590103,0.1162589326213194,-0.2130095948011843,0.118185081450429
0,0.0555555555555556,0.3055555555555556,1.5707963267948966,1.5707963267948966,0.1093553748611031,-0.2786924058867549,0.1093553748611031
27,-0.3159332000458794,2.135204082720141,1.347370382077438,1.3289203039325956,-0.1977306674566591,0.2137416567509055,-0.1973026814655378
8,-0.0973984633013926,0.4020125731990582,2.1490358457699266,1.4106600469355774,0.1999915848573412,0.0182030406178773,0.1491315532502523
30,-0.3777957567006431,1.9464316527993224,1.5971024174194297,1.127896880832853,-0.1999496337072399,-0.1327502756200016,-0.1843433116563416
42,-0.8963077083099245,1.2472948088322828,0.7512129804801626,1.173954054415589,-0.2000000099176031,0.4823069151240797,-0.2021807795294795
4,-0.10753693466012171,0.3329755178748209,1.712576054365483,1.6651561768088687,0.4154406560517389,0.13601891423651902,0.13783529005679232
13,-0.223107382007514,0.8861969062509039,1.7105267065527276,1.9653410515237,0.1999793616071953,-0.057293598840806,0.1949662253585559
6,0.07791643018417438,0.26151584042582526,1.6406446025383215,1.5505481382651063,0.5845695102753461,0.15355868683863566,0.15819550386787476
15,-0.2078078506408648,1.049144959615114,1.7108867504912508,1.9863918001516152,0.1999897788844296,0.0383863715090929,0.1914035145005101
16,-0.3070001355674466,1.4505977568799269,1.663205492520636,1.755401421734286,0.1999714037744792,-0.16435479204279,0.2006352567268954
10,-0.0412271209305932,0.7462405049394156,2.123648023208633,2.0731230850708853,0.1999312284946671,-0.4204958749426291,0.1975524446114746
28,-0.3352322654976818,2.122581444092621,1.3536875749977004,1.3067935674870428,-0.1998842666232053,0.10283590349181,-0.1991824673148031
12,-0.0030436608180448,0.7882203617871728,2.1042452410492176,1.939149685957156,0.2000000099938201,-0.1501028176039575,0.1948136524119135
41,-0.8497144959314911,1.309721841229319,0.7474995530078004,1.0032767763604666,-0.2000000099493346,-0.073282091999625,-0.1916393820667188
0,0.1000000000000001,0.2611111111111111,1.5707963267948966,1.5707963267948966,-0.21350118027676815,0.14798275135700062,0.14798275135700062
11,-0.0807306478555119,0.7086860187342865,1.9449307757614225,2.1331078368583687,0.1999798493147345,-0.1607171250628387,0.1994560916599231
42,-0.8281000487599509,1.388382909965697,0.7252405317916115,0.950759983118802,-0.2000000099957138,0.0822172134377277,-0.1967741075023577
27,-0.3263031095941151,2.104439449548328,1.3211870964314398,1.334586161528274,-0.1089899856925095,0.2897696857835019,-0.1093684547538766
36,-0.7231373940292569,1.5019861773756225,0.922844738701498,0.8715617613916383,-0.1999725242337844,-0.1044934630691995,-0.2002452623470776
0,0.0111111111111112,0.3277777777777778,1.5707963267948966,1.5707963267948966,0.40209604071790506,-0.19974461374418676,-0.19974461374418676
15,-0.302961032003991,1.0531564424038,1.634505527721499,1.796446744335346,0.1999709667854698,-0.0039940342303559,0.1974189746589872
5,0.0071283955793192,0.1531994648489436,2.2228083573958592,1.3595734052470323,0.1999658946166822,0.1452819459184172,0.1410150167573672
5,0.10043956440751378,0.2567760783203462,1.6706771355484955,1.5581304977010804,0.40019838868751667,0.07966167257087005,0.08365227345282643
3,-0.05457308554147131,0.4308291667983511,1.6566642029818635,1.5695244181058163,0.3992256273612878,-0.18317419854889064,-0.17900474380228595
4,-0.0385530232255451,0.3464676239506928,1.9567092758136484,1.383074693052373,-0.1464428657274635,0.1956380583244316,-0.1123853026907101
26,-0.3612134085502003,1.954720000943255,1.21903910646117,1.4169472470544415,0.1999787127295224,0.0880196386654688,0.1943445015502493
23,-0.3674122100534874,1.7556400607373157,1.334982732115608,1.579595644413743,0.1997974832452584,-0.1039316102498218,0.1963667643365384
1,-0.05545483548898366,0.3559025056212171,1.5860794215139489,1.5673199967460922,0.41176763933922605,-0.17227235509838096,-0.17146963618715105
19,-0.3448515491280097,1.4252459889498763,1.4837963378414445,1.726256706229409,0.1998810409273215,-0.0963213491469513,0.1963471565132486
30,-0.3794392510234302,2.0314868923290827,1.4251594936838323,1.220698465230658,-0.1999979091169013,0.1112984960574245,-0.1935722660326549
6,0.1002686105982903,0.19002532216688556,1.5673096300255782,1.5786880173130928,0.5949543938696722,0.20000000995487185,0.19931011578035757
16,-0.3315767585021231,1.1004116388897622,1.577556550166648,1.742944089516363,0.1999917531783992,0.1372920531348846,0.1950024889653214
38,-0.7788119970907886,1.3995308082328328,0.9246703986603256,0.8757417166756641,-0.166183320869315,-0.2744967125827445,-0.1673269782022805
6,0.0611776985077614,0.2599179101194813,2.26667528486787,1.6391952122444002,0.1999650487500512,0.0666799059492383,0.1657884373586574
25,-0.3435062231928929,2.03056885145669,1.2148156766586138,1.4204817390154254,0.1999005330810513,0.1064580920558025,0.1935135861524387
34,-0.5800994455582877,1.6632258330867042,1.0917134211160515,0.8539463444326736,-0.0293507273610544,-0.3275565604773598,-0.0362400251442306
46,-1.0130338465455102,0.8914561670411518,1.3359056782234229,1.3738145350122346,-0.2000000099965236,0.0461229872721836,-0.2000311241529427
19,-0.3520797218227454,1.675571434195827,1.5805697995277255,1.608326516501812,-0.03233032061617251,0.0803712652440191,0.08043003363371293
1,-0.07779051816461402,0.31305869439908957,1.5678441795196871,1.5715916530168708,0.33503669318923196,-0.19988103786302325,-0.20000518816319057
14,-0.291394970685431,0.9323457032592388,1.6538053652557316,1.8207801619932933,0.1999922258655909,-0.0500051573778618,0.1980418330617968
19,-0.22645870752352942,1.344593376791522,1.646352833685465,1.8951003513240925,-0.015197610011431465,0.20000000998329168,0.1942184661214429
43,-0.984163692759393,1.0281469018561635,0.8161000838610311,1.3021172612286125,-0.1999999764175991,0.3261894189177469,-0.1920766025002612
45,-1.0300784451345215,0.7850982743188237,1.2617839146713856,1.4074904417552645,-0.0989330425190183,0.4716663333608849,-0.1047329001092632
3,0.07755930088417558,0.2182520377221028,1.418318385365195,1.6155679250213026,0.45714338202173116,0.015732858503330227,0.006469013753095335
0,-0.0555555555555554,0.3055555555555556,1.5707963267948966,1.5707963267948966,-0.10358550461213002,-0.006260116949293437,-0.006260116949293437
0,0.0111111111111112,0.2388888888888888,1.5707963267948966,1.5707963267948966,0.39981577211291136,-0.1998291862253709,-0.1998291862253709
34,-0.6114323197661542,1.6258437994578316,0.9989365073834374,0.8833886729795172,-0.1999497225768606,-0.112259136436797,-0.1999106579920756
9,-0.0581995353198519,0.7078606915015381,2.160310446852827,1.8781468665828192,0.1999858862505868,-0.2023008843492132,0.1864447477959628
42,-0.9441820474208028,1.1821083649150006,0.6958003295273498,1.1740099448400654,-0.1999998558212682,0.1142069698521215,-0.1828196194302355
4,0.09853607815013764,0.1919337197860701,1.6522165341910462,1.528692240569286,0.292944561266131,-0.04745022480126167,-0.043479299314555166
26,-0.3486347962073388,2.0319719960672598,1.201204903043892,1.400802762098713,0.1998907236274389,0.2083907249465056,0.1917903004356751
0,-0.0999999999999998,0.1944444444444444,1.5707963267948966,1.5707963267948966,-0.4421779977812528,0.19962432587690984,0.19962432587690984
48,-1.04236829245456,0.7380715299964709,1.5895516112565806,1.2719090426952009,-0.200000009994729,0.3183759142375002,-0.1800511101951256
2,-0.10061901202958476,0.259165800674363,1.6154979663577418,1.5489092423446522,0.3245330319370333,-0.1998744932786947,-0.1972721020417785
28,-0.3433229682940982,2.07601773174486,1.4217656008332136,1.2852782932483886,-0.1830117944807456,0.0669956174962115,-0.180398226681242
0,-0.0555555555555554,0.2166666666666666,1.5707963267948966,1.5707963267948966,-0.1459848140978977,0.19981138019172734,0.19981138019172734
6,0.0995268101173901,0.2670786098944256,2.1362150269485234,1.6872853495021582,0.1999680408829245,0.2409858092092341,0.1906124562866332
43,-0.8825693694204366,1.306727840385746,0.7663491385104755,1.015618673640028,-0.2000000099948061,0.0650509624826851,-0.1954233684200262
13,-0.2396675198213894,0.8509716749243903,1.6860878491402562,1.9348891788125,0.1999749389216275,-0.0152834030113398,0.1941937090117755
0,-0.0111111111111109,0.1722222222222222,1.5707963267948966,1.5707963267948966,0.3791306568525211,-0.19983826396154572,-0.19983826396154572
44,-0.9137692539706488,1.2607414000332882,0.7011495317748384,1.068285800713782,-0.2000000099838452,-0.0317714245897295,-0.1855314111484619
23,-0.375862771760748,1.745095614043943,1.3781235389225568,1.575690129915449,0.1997029059348898,-0.0939685713754769,0.1976625603694245
2,-0.03336854491902596,0.4068151282611517,1.5541361488012422,1.57971438723011,0.47514075286038987,-0.11359275655975047,-0.11477079359662502
9,-0.0416808432741629,0.5518393031775329,2.118506800781994,2.090380376981142,0.1660124106695044,-0.361239536797825,0.1649308454729384
46,-1.028786421206408,0.7890957780901529,1.4519156356723957,1.3546035678037085,-0.0956509560631419,0.1205817205514431,-0.0940268687723172
1,0.07779722718941831,0.31246045946043344,1.5636686282840113,1.5734190458089254,-0.2969367867414872,0.12288435838612442,0.1231680382623651
36,-0.5896728977557059,1.6616781971122934,0.9046763019992404,0.8859005117443671,-0.2000000086971372,0.1500161675195425,-0.1996831060407299
11,-0.1164807546932844,0.8519691899541219,1.925551516223452,2.014681292699412,0.1999457241889756,-0.1263356337405921,0.2002765900869887
42,-0.9557928225706682,1.1357947422278023,0.7905950589615656,1.2426014398168836,-0.1999999900262005,0.3191078798241717,-0.1938522240936779
39,-0.8615282467976091,1.3152244883713116,0.7552386577957182,0.97323255642847,-0.1999990060527693,-0.1636141970759176,-0.1917271770523305
32,-0.4479730272980965,1.862635440327796,1.4135734293777205,1.0260870985777473,-0.199999869414993,-0.4566308564430336,-0.2024265986559522
33,-0.5124682830386911,1.7667367347656284,1.2942837686207629,0.8837097225219173,-0.1905342407386909,-0.5200622671123494,-0.1954568361445339
20,-0.337617437736077,1.5327843790527529,1.4477262197708118,1.7071602978048523,0.1998756985466596,0.0851505609951061,0.191002522361648
37,-0.7567194688610095,1.4622904393058374,0.8262005275578963,0.9161633554338416,-0.1999997254479091,-0.2126328368988743,-0.197280615332816
0,0.0555555555555556,0.2388888888888888,1.5707963267948966,1.5707963267948966,-0.15858194124158514,0.19985161556140005,0.19985161556140005
14,-0.1741079077312367,1.0178288029975244,1.8166563952769357,2.0074960773097734,-0.17659625104108356,0.1999850671998579,0.19970413753113386
15,-0.3154192583728936,0.9997686239653883,1.6293173967464467,1.7697190693561713,0.1999941489983265,-0.0767998783464741,0.199100923705163
5,-0.0742771629394391,0.2908357680387194,2.0286269293050285,1.4718543189592723,0.1580975548109206,0.2290331017580278,0.1463225286770372
0,0.0333333333333334,0.1944444444444444,1.5707963267948966,1.5707963267948966,-0.1998775181082127,0.3680978232758193,-0.1998775181082127
2,0.1005864655761591,0.21110637365284457,1.6442622701313834,1.55626926837699,-0.024183445240560607,-0.19977607245534887,-0.19921568432159334
46,-1.059075177147054,0.6650553117683063,1.5155719370992118,1.2838173605739185,0.2000000096255935,0.0844904269821443,0.19659361082917
45,-1.0008743866572634,1.010193472658906,1.273442934986061,1.332785655879654,-0.2000000099963637,-0.0798639444388723,-0.1991743011983213
0,0.0777777777777779,0.3277777777777778,1.5707963267948966,1.5707963267948966,-0.3736574047322966,0.1640131168652352,0.1640131168652352
33,-0.5143873487094166,1.7507542393626654,1.20076142060474,0.8963943539911358,-0.1999615450426777,-0.3330787857796807,-0.2007526958996587
31,-0.4032426064396802,1.9235223670991064,1.5282501658351548,1.1042349237160145,-0.1999208718167223,-0.1224642231004257,-0.1872552095885475
39,-0.8299332379426966,1.3411458074960303,0.8513018134416588,0.970333091080238,-0.1999999178420871,0.0055230053257321,-0.1986503319081492
7,-0.07562181503981,0.3214532213707434,2.1574889217613613,1.8912408923731256,0.1821606812519052,-0.3333081668075929,0.1669724388312967
0,0.0777777777777779,0.3055555555555556,1.5707963267948966,1.5707963267948966,-0.40440035075431313,0.19805807792827212,0.19805807792827212
1,0.05553520404808707,0.2183181712733867,1.5674964683738093,1.571574925747794,0.23055920312414016,-0.19994275191733,-0.2000351213418325
15,-0.3028462413568059,1.0307448181622796,1.642261168436638,1.8038982481105692,0.1999721800781416,-0.0803546276687482,0.1986587519735505
1,-0.0366049243450092,0.0523234102053095,1.708108634919812,1.4913589470918298,-0.0458481120638476,0.4346480400039226,-0.0354279511243267
40,-0.8940680842912684,1.2941671751621484,0.7175182495223246,0.9687093601447408,0.0608171706518391,-0.2103723291997601,0.064137518071535
26,-0.3419735143874915,2.0429776209556616,1.245447318968194,1.3706366284280005,0.1117951821671005,0.3320774060272695,0.1067738747427633
6,0.0299328228658911,0.3172274010496478,2.147424304533876,1.692488251123638,0.1999684703436951,0.1576462684634574,0.1865565567885221
8,0.0829556971014027,0.4014070452647876,2.0451385671561484,1.6322696612630363,0.2000000099461942,0.0392135365463608,0.1847681039132532
49,-1.0762596884888955,0.647417337671638,1.7518261481154929,1.0633668800204463,0.2000000099610808,0.7049018274736478,0.1992309809270806
49,-1.0883877538083793,0.6154847690177054,1.6643512356820855,1.1626743910946238,0.2000000099894052,5.127417757000798,0.421931181247534
0,-0.0999999999999998,0.2611111111111111,1.5707963267948966,1.5707963267948966,-0.45144290508625196,0.19965986289196697,0.19965986289196697
0,0.0777777777777779,0.3055555555555556,1.5707963267948966,1.5707963267948966,0.1980580779280513,-0.4044003507545044,0.1980580779280513
33,-0.5054148799719301,1.7399062492632524,1.118506784336184,0.9383305840611792,-0.1999837368172936,-0.0459429693544058,-0.1975697380200491
1,-0.10001631794296086,0.21333953562362437,1.5999610601600747,1.5608570464567717,0.40090493047546566,-0.1998816948584481,-0.19816159270826397
17,-0.357070001176789,1.2322067726865815,1.581274176179588,1.6803232451942258,0.1999699996781281,0.0634766988651244,0.1983621734888336
6,0.0136584137053524,0.2242252044316612,2.293508872835552,1.6736152614138726,0.1999793885244128,-0.0304763624107443,0.1610007570865168
46,-1.0403111479822231,0.7324099717081868,1.4909454300864589,1.335815585649314,0.152078659474504,0.1021858596787025,0.1518312766247234
44,-1.008386217657152,0.9167584312716872,0.996695312092906,1.3856009971228045,-0.2000000091533002,0.3543520625559429,-0.1985011002312299
37,-0.7310295337974644,1.4738594242909624,0.8574796199762384,0.9648663822678916,-0.1999999148649058,0.1148534182221435,-0.2000788359785429
32,-0.4441412782725127,1.8420010833169933,1.4719854426859675,0.9647648077473816,-0.1997794253506233,-0.4984953800182038,-0.1988411852769113
22,-0.3737779447593332,1.4912974039180162,1.4859568601400552,1.6698711096649763,0.199987205824934,-0.0320698927464566,0.1972009914840633
0,-0.0111111111111109,0.3277777777777778,1.5707963267948966,1.5707963267948966,-0.1997143067096142,0.3890941193605288,-0.1997143067096142
49,-1.101388162591765,0.6023983813789274,1.8086901296840532,0.8726650006007066,0.2000000099750456,0.592762695512716,0.1663283558684649
31,-0.4210034046180988,1.847878268318463,1.408633026609498,0.9747631444453444,-0.1999236254613162,-0.4765423960717829,-0.2014329832146711
14,-0.2852721431435355,0.9562954891666215,1.6627960169889773,1.8345993410794927,0.1999630746770147,-0.1076244546162334,0.1988591743105184
24,-0.4311712163744704,1.8244069534017728,1.4428787956933524,1.1558807762987484,-0.19837840908808527,0.1835262162671512,0.1704040400459568
2,-0.1024920434528811,0.3511625432484221,1.261634650153626,1.5635580505040263,0.047937103273393,-0.0917219401577365,0.0484961491242018
9,-0.1164004987465804,0.4675548370642555,1.9477130406519176,1.990403795668024,0.1999906316931564,-0.1528868353422015,0.2004609050579806
0,-0.0777777777777776,0.2388888888888888,1.5707963267948966,1.5707963267948966,-0.2955083058288543,0.19990706399673244,0.19990706399673244
0,0.0555555555555556,0.2833333333333333,1.5707963267948966,1.5707963267948966,-0.24815191941342127,0.14256461163591808,0.14256461163591808
49,-1.0802432806306042,0.6286142383007305,1.6674779702320066,1.220707345840098,0.2000000099886829,5.121164287902398,0.401632086280458
45,-1.028235204012557,0.7946473067096476,1.3743055858069526,1.3684689294935617,-0.1999999830555251,0.0741256242811002,-0.1999533120761437
15,-0.1723835298358698,1.0679806473936924,1.799682632910752,2.0351479293200865,0.199985372825875,-0.1984269220092761,0.1990961656188109
36,-0.6928312442904523,1.504929481759663,0.9849806350688032,0.8617549755453858,-0.0711993026165417,-0.2511646697236375,-0.0737465876025242
35,-0.6613653879922933,1.5752660686025142,0.8836262613346442,0.8830814764695261,-0.199983859503472,0.0360579730185349,-0.1999818654431134
8,-0.0476268212732558,0.4145348325303708,2.146157967684154,2.0185302000770444,0.1934738454582175,-0.4215443532967468,0.1865347677703953
27,-0.329297544037605,2.0814749820498246,1.453889935363616,1.3053996544066728,-0.1999683790281117,-0.0195686643483078,-0.1980573481110174
42,-0.9710110155135836,1.0452915088649717,0.9565413406576496,1.2225815028707334,-0.1999999718119953,-0.0451426678163443,-0.1917770236202755
36,-0.694626521244166,1.540199041267996,0.8751638056830224,0.8841324607646678,-0.1999996900638552,-0.0979265562502524,-0.1999038206796206
11,-0.1831490569812708,0.670135281475477,1.808984390932096,1.9876040518644256,0.1999895822186932,-0.1518659685989746,0.1995059467565697
9,-0.092967152342743,0.5000210186275686,1.9353857910357808,2.0829691774540624,0.199990817549175,-0.1130822896407446,0.1994796372353329
19,-0.3673737363056489,1.4303664950056736,1.4809564226051015,1.6770145679026147,0.1998292795636731,-0.1549790859586506,0.1990200302565186
6,-0.0655447595239925,0.7801790359720377,2.146791408888645,1.8796551807812745,0.1999737367189939,-0.1912719550610269,0.1878318164662963
17,-0.3454218406096375,1.198175584055138,1.6462025767340909,1.6870354803728471,0.1999989472214102,-0.1517043975430124,0.2004515196427883
0,-0.0111111111111109,0.2388888888888888,1.5707963267948966,1.5707963267948966,0.368350673346973,-0.19978521419499629,-0.19978521419499629
23,-0.3806642991401026,1.6961292441744078,1.3158035736984917,1.5917229111659008,0.1999523174413857,-0.086181607956777,0.1947370100320207
38,-0.8036707052509149,1.4175644489528427,0.7539995892464688,0.9109225824023643,-0.199999885791852,-0.0983488195233483,-0.1960054607414323
0,-0.0999999999999998,0.35,1.5707963267948966,1.5707963267948966,-0.449362583311237,0.18616524831525308,0.18616524831525308
0,-0.0111111111111109,0.2833333333333333,1.5707963267948966,1.5707963267948966,0.02250910836967557,0.11937900198405126,0.11937900198405126
44,-1.0042822502324995,0.9382932704606866,0.9545444411801336,1.3951376540644278,-0.1999999765248007,0.564711941759079,-0.2049833596985812
34,-0.5963595313148577,1.6521854744560278,1.0263573178409406,0.8642658088009801,-0.199929484415123,-0.2854621130125931,-0.2019156537843593
0,0.1000000000000001,0.2388888888888888,1.5707963267948966,1.5707963267948966,0.037091147065255986,-0.19979443148239204,-0.19979443148239204
2,-0.0319306297768328,0.24886706017592364,1.6838176649926053,1.562291949354603,0.48662209689030356,-0.18147949402757166,-0.17424188806346386
12,-0.2177849971601279,0.7683502084996198,1.751082462561097,1.9299083088367368,0.19998730037045,-0.1121406569004929,0.1987928411579711
13,-0.1992859906983649,0.8620821064871694,1.7463519037401314,1.998896853225836,0.1999816305240102,-0.0863563520341388,0.1957959214646505
1,-0.0155941062718704,0.1656382516074791,1.7660309634796425,1.4585503119855632,-0.1999659819051874,0.24807788026108,-0.1830791108491244
35,-0.601270521179889,1.6227406561816802,0.923424791334093,0.910051116545633,-0.199999917224656,0.1206333939940592,-0.1998207056120177
10,-0.140624662045219,0.5817979639874571,1.867293687710276,2.0638798977334147,0.199973323358651,-0.191144089127239,0.1998551263427772
3,-0.0556652837461259,0.0950590973587065,1.939823283610095,1.2345998887901606,0.0206285133734431,0.1866322757754862,0.0278055052523366
41,-0.9496136050736708,1.158635199027905,0.8846200460965551,1.2967698902533134,0.2000000092032806,-0.01199060152783,0.1837326792660781
30,-0.3733179958631982,2.0108719967377864,1.4640180752330154,1.217362522958693,-0.1999788800645179,0.0431970107081642,-0.1928716981620724
43,-0.9800587077787192,1.057751006118199,0.8981519272471896,1.3506156770189557,-0.1999999363306938,0.5045013697678615,-0.2019304140984006
0,-0.0111111111111109,0.35,1.5707963267948966,1.5707963267948966,-0.19968190542199,0.3561175064546712,-0.19968190542199
0,0.1000000000000001,0.15,1.5707963267948966,1.5707963267948966,-0.24891133445678396,0.19991749938291045,0.19991749938291045
7,-0.0792855971151836,0.264090491292357,2.196858820393488,1.697522331329529,0.1999891668406121,-0.1379848887559256,0.1689632722761935
2,0.1004605597252106,0.2192980665038389,1.6386950249460082,1.5555351289412873,0.06892925077069602,-0.19987896473115654,-0.19861567014753384
39,-0.8663820309194012,1.3121247841342865,0.6897536383346154,1.0437117103000897,-0.1999999032266076,0.0254834107549962,-0.1884848267106479
5,0.0376747693273172,0.2176531659452172,2.305251880449246,1.562218981414215,0.1999503299552493,0.0677250427978813,0.1518292107662426
0,0.0333333333333334,0.2388888888888888,1.5707963267948966,1.5707963267948966,0.30729635204964145,-0.19991953981487004,-0.19991953981487004
5,0.09875108975627284,0.3523059015167383,1.4708588815722328,1.5770280453226235,0.5382465869382731,-0.06643423508709186,-0.0717639563959223
29,-0.3613482824215484,2.0370802603548728,1.4323119466465322,1.2519961673299302,-0.0804119553759714,0.1748400787572979,-0.0759726589774558
37,-0.7599078648827392,1.4517333021388208,0.85284847779807,0.883943173505581,-0.1999971056038403,-0.1396176352926035,-0.1994663599509444
48,-1.0680440403719853,0.6588875920601492,1.6412522430055754,1.1645642309841229,-0.2000000099463681,0.266674533670067,-0.1654678354683265
23,-0.3515746668806973,1.9364286246026756,1.3524018371391926,1.4489310634177386,-0.0254719957403522,-0.1275681561844024,-0.0241239211317056
1,0.0286888772713689,0.0770560990995112,1.7741589253162466,1.4539643911235305,-0.0871217037631555,0.3010482724354884,-0.0732181431051816
7,0.1052551193944049,0.418136682187945,2.1394279121267177,1.5000460943113965,0.1994501777338459,-0.0663041932710525,0.1560953752284088
2,0.07736737257929098,0.2407277827030654,1.4968031933476729,1.590467017762287,0.25292330674382524,-0.19988346603938054,-0.20137284095027053
9,0.0805094172168292,0.5346820178099351,2.121819415612448,1.8297102686256876,0.1999921461836243,0.1454003447316139,0.1957073372174444
47,-1.0192399646345278,0.8291179846796477,1.5347224666466597,1.3670771035537093,-0.2000000099642327,0.1143013190130758,-0.195288843907058
35,-0.6280689434837391,1.6149679923619134,0.9149810689568494,0.8813016681953647,-0.199778008626132,0.142028608528368,-0.1991864616182184
26,-0.3607682992669132,1.9523697720078457,1.2292300875652558,1.404396868575274,0.1999547688361168,0.1167520960093689,0.194860292008207
6,0.0624821545278916,0.3805884038347181,2.2376158470859173,1.529342864184084,-0.0307748463678748,0.1689441536452566,-0.0123828721289871
11,-0.189623604927715,0.7099271483580853,1.7740461849114446,1.9980178928100147,0.1999568376777006,-0.1268236146056784,0.197779319354332
10,-0.085115237804415,0.6238254802846043,1.9378870323830812,2.126693808649013,0.1999610602793782,-0.1539059857888983,0.1992961450915356
39,-0.8454374398995813,1.3634876372561495,0.677565523938988,0.9787858159841166,0.2000000070959078,0.2738120311072876,0.1828714246787634
41,-0.9396065056606884,1.1438719007692395,0.909595838239826,1.2128097861822351,-0.1999998944827249,0.1489417516967189,-0.1953234913402437
0,0.1000000000000001,0.3055555555555556,1.5707963267948966,1.5707963267948966,-0.3505973243934364,0.17297097277553716,0.17297097277553716
1,-0.0557272547020838,0.27441353676986163,1.5471789288010935,1.5758238416568968,0.2921401726100961,-0.19966861278007578,-0.20042341977678313
29,-0.3608519821712721,1.9810885519377672,1.4556117259309604,1.2289426937039631,-0.0672564477390667,0.1431398151490668,-0.0623192290161831
43,-0.9974267794842216,0.947146830069466,1.056606083220541,1.36477359728557,-0.1954498643045976,0.4656458285687809,-0.2003660566935064
1,-0.07766709676367158,0.4033982005197891,1.5868861908700804,1.567233781725822,0.21379812966556008,-0.19922794763304666,-0.19876933845613626
3,0.03228387622292951,0.3705432834420641,1.5892949284451916,1.5563462216831785,0.5731120969633382,-0.19962034154893338,-0.1976240071117833
31,-0.4035250075541405,1.901867428894848,1.5221368883928292,1.0630967777224167,-0.1999874410240354,-0.198650020944433,-0.1880863261955664
19,-0.3626699859635502,1.5443859064773182,1.4102988628020312,1.695133416126242,0.1994149529694812,-0.2794456395814025,0.1992325422458547
5,-0.039870726580091,0.1400451922128572,2.1776353404759954,1.314446044517386,0.1998867051371677,0.1385388033226061,0.1404576244786877
9,-0.1321919236800127,0.4773637018043843,1.8820022586490317,2.0308093103363363,0.1999670243258016,-0.121161081209752,0.199553433705804
21,-0.3745869607920024,1.6699814081197353,1.4559623456731152,1.564459955446782,0.0473213320078735,-0.0570745000416437,0.0476611085941371
16,-0.2613698622595078,1.141607433551871,1.683786648958642,1.888445948122063,0.1999678830722291,-0.1234989810086809,0.1983045240012275
5,-0.07713081140516319,0.18748231131700083,1.6380573521044592,1.5599274790109914,0.4162740991959053,0.037714800498668134,0.04084878464208729
33,-0.5295202852955463,1.728843533153069,1.0682937095532437,0.9136696202816136,-0.199981054351181,-0.0220973739081241,-0.1979354979506799
0,0.0777777777777779,0.1944444444444444,1.5707963267948966,1.5707963267948966,0.1724183780962778,-0.2241122916287752,0.1724183780962778
13,-0.17668290020212385,1.0313638892708215,1.7989616607131058,1.8703470315043305,0.03031124826455328,0.19995415008631748,0.19922870186138572
1,-0.05546240798368777,0.4093458528551716,1.5833726497974734,1.5681585682639585,0.3939945480657995,-0.15753515982564648,-0.15691752458795924
18,-0.2986704554866451,1.3389292282515233,1.6168252855043754,1.8164221090584831,0.199933913286204,-0.2173427856347159,0.2002738908772187
22,-0.3523252490115546,1.7203339383962395,1.4298386856032417,1.5945671193190565,0.1998762370616098,-0.1230990653986454,0.1991891305395923
1,-0.0331663834775706,0.2738351328803262,1.5896460193048505,1.5675635785132485,-0.1997619200139596,0.406943407764757,-0.1988146592832523
33,-0.5024003060904109,1.776172366730271,1.1852580011562033,1.003595679341632,-0.1999992097635752,-0.065374221709686,-0.1978892505368966
31,-0.4029597942285348,1.90490904524772,1.5518448973330052,1.075870421203484,-0.1999867758676277,-0.2654769555218728,-0.18992185476506
32,-0.4643024168276899,1.8546485833418531,1.4281333424462428,0.9819858323289902,-0.1999707823834771,-0.4835690605271467,-0.2012625490722639
18,-0.2995055618255908,1.3287205720364788,1.670269340844011,1.7983983212324155,0.1999193024332874,-0.1209117929857499,0.1998255001282962
0,-0.0777777777777776,0.2833333333333333,1.5707963267948966,1.5707963267948966,-0.3612153276471322,0.1997182121031899,0.1997182121031899
4,-0.09930519960521893,0.330394024821222,1.665472909215283,1.5929742541276086,0.446262917223704,0.06392603349383393,0.06699062037508544
11,-0.1993100926616579,0.6225274778624026,1.7980156433260552,1.9424194384902644,0.1999914146976124,-0.1754376081484582,0.2004344697382764
0,-0.0555555555555554,0.15,1.5707963267948966,1.5707963267948966,0.27807419151793966,-0.19975426361249268,-0.19975426361249268
30,-0.36988772643017276,2.0499166900785375,1.5354159179142552,1.1923125459874773,-0.1244112378472307,-0.19998108807993537,-0.19251056232174438
12,-0.0352125143219791,0.7841733288413788,2.114448451215273,2.0561441790676467,0.1999980743184255,-0.2341356825836074,0.1982938972998496
46,-1.0167796375388174,0.8384891236703985,1.3866966071639533,1.363428149442176,-0.2000000099410404,0.2239068683486856,-0.1994249205304936
32,-0.4508544151634149,1.84083394997412,1.4407417547115453,0.9653068809794286,-0.1999782944100715,-0.3394472115442489,-0.1933368043460018
43,-0.9727134730229672,1.0973786640578085,0.7529038144534106,1.3237265563099911,-0.1999999185369067,0.5958183847186258,-0.2004848029902199
22,-0.3716714070956844,1.6454555372555075,1.4210012171256006,1.612605913723252,0.1996699958952179,-0.3509891873224258,0.202700060919468
0,0.0777777777777779,0.1722222222222222,1.5707963267948966,1.5707963267948966,0.06614241123843782,-0.19983989605253327,-0.19983989605253327
46,-1.0329627135496628,0.7670486870458852,1.4988663974573375,1.3349746547898902,-0.0144642389316256,0.2153866253179592,-0.0107561878189202
0,-0.0555555555555554,0.3055555555555556,1.5707963267948966,1.5707963267948966,-0.10358550461213002,-0.006260116949293437,-0.006260116949293437
41,-0.762719931605464,1.4623506365693488,0.8532955319553301,0.8673353029582966,-0.2000000099798828,-0.2232428775923514,-0.1996668811945551
0,-0.0777777777777776,0.35,1.5707963267948966,1.5707963267948966,-0.3960369384522841,0.1994508462494476,0.1994508462494476
2,0.0780404269286204,0.1548379641280492,1.6076018512251071,1.563504245154645,0.0174648174746341,-0.0755910180943086,0.0171146089246799
0,-0.0999999999999998,0.1722222222222222,1.5707963267948966,1.5707963267948966,0.02194980987667257,0.04006885609833144,0.04006885609833144
9,0.08106526607838978,0.4368589666434687,1.4402807963391,1.5002252029949532,0.7038432176060453,0.20000000997646822,0.1954241642961446
9,0.001227223081561,0.5038513019038532,2.213607072130422,2.007199442423659,0.1999872545734735,-0.2072276501963792,0.1914951891872886
0,0.0333333333333334,0.2833333333333333,1.5707963267948966,1.5707963267948966,-0.1997588045137877,0.2845145498088827,-0.1997588045137877
15,-0.2801132114058042,1.0271644993973148,1.665680547674267,1.8474215366291893,0.1999817506731564,-0.1032352624818199,0.1985540503662326
33,-0.5332193485712554,1.7290395232572384,1.081814496941344,0.9027753599638888,-0.199974057416027,-0.1109143582008069,-0.1987527333404548
9,0.0435815765968589,0.5124966975660974,2.143106701084843,1.8557092358462013,0.1999773780126901,0.0897236397290149,0.1943185548092949
25,-0.3847679509216586,1.7895492171243608,1.2131804449238337,1.5384230581081166,0.1999723037880135,-0.003512820252597,0.189600650009648
26,-0.3770457476334395,1.8853619339262413,1.211424034797535,1.4474666200701618,0.1999896234986481,-0.0228664992899621,0.1949788706666324
44,-0.9640346018249276,1.0446681035666112,1.0022288431420776,1.2762010723883823,-0.2000000099510158,0.2746233595406495,-0.1999709098722041
4,-0.10009258343162351,0.3442873124471604,1.6658590669420104,1.592257153392033,0.4588490623922398,0.0913203496034646,0.09444727757326812
9,-0.1821883058909948,1.0518706086457714,1.8007753874527908,1.9864477424612736,0.1999654801425221,-0.1400013477121579,0.1991130717921883
15,-0.1342525803326092,1.0497972918034002,1.8444494058488736,2.043891172744825,0.2000000099508205,0.0019591171548058,0.1959966610799091
0,-0.0555555555555554,0.2388888888888888,1.5707963267948966,1.5707963267948966,0.45801403441777466,-0.1999401343965607,-0.1999401343965607
28,-0.3294388147719875,2.1529548924229016,1.33451335630006,1.3080299161410691,-0.1999678865735479,0.0296907660009308,-0.1998191425024887
37,-0.7370675677818794,1.4535425082379756,0.8796270028203321,0.955673655211057,-0.1999993942564358,0.0168153513958455,-0.1995491172224152
24,-0.3651982359256305,1.853883140438109,1.2830169269906972,1.517505029020786,0.1998925284109213,-0.0506207522265472,0.1955982992044142
40,-0.8911328704476614,1.21830737027889,0.9218823630904464,1.0380104243298771,-0.1540477353855419,-0.2242908680661898,-0.1504113833123879
3,-0.0946466179542231,0.177920130736481,1.871950190973786,1.316469864319557,-0.0087053635820605,0.1066624966674345,-0.0017716256844155
28,-0.3676839786309059,2.058010021305302,1.652511472180941,1.2008295568199896,-0.5451070474121661,-0.20000000953607164,-0.2037356587258791
32,-0.4509518321549682,1.8433704850381547,1.4447570508439098,0.9820895143013588,-0.199777895814874,-0.3469742074037993,-0.1942609942997919
8,0.0396529445358824,0.4192572249573555,2.272579994781532,1.8514397458047749,0.1999932721799455,-0.1085960900967742,0.1780791170350082
18,-0.3386933999726183,1.3786163709717385,1.5934481375967895,1.7247832800765863,0.1997020444527663,-0.2250846477750447,0.2009298578026019
2,-0.05541400754324444,0.39511601727778445,1.5745499218490462,1.5728916435441505,0.4383788417238192,-0.14290422160110466,-0.14283132973698537
41,-0.9300403216664642,1.202701348078186,0.7020103608543143,1.207101464394795,-0.1999999874044664,0.4861142776626607,-0.1985485140241961
40,-0.7941286827243895,1.3898122516488012,0.7591279763095149,0.9297327332435392,-0.2000000099529588,-0.0232568466034289,-0.1967016133847317
26,-0.3417221325683922,2.0434032081984004,1.211515582696726,1.396149093041203,0.1962263856358786,0.2488387997051508,0.1883229042366727
2,0.09985458071877136,0.15198066837317312,1.4499785765724038,1.6092492004278427,0.2734246672602134,-0.1994371870292322,-0.20124941854941325
21,-0.3724656649644657,1.6761736362315234,1.4507598774373496,1.602848348131511,-0.0110353231105854,-0.0778796323131161,-0.009728042014173
46,-1.0195003381350307,0.8642315279869096,1.3348099462041407,1.3532371358563289,-0.2000000099632906,0.0441743342651812,-0.2000474510674288
34,-0.5758142615350871,1.6682533408050364,1.1193016952862278,0.8381400635903065,0.1067029033184752,-0.3476240844790507,0.0928674922673871
37,-0.7246797908322942,1.4807733074095166,0.8854149106414795,0.9436464852869504,-0.1999999174829702,0.0047075282242557,-0.1996883189911087
40,-0.907138125740174,1.2276766211479302,0.6855346870498241,1.1461163641520744,-0.199999919482245,0.3093976192293266,-0.1929105227971952
12,-0.0913421062922784,0.7874675029050261,1.908978463333992,2.132708544677206,0.1999815551879894,-0.109166848004818,0.1974194104823381
0,0.0111111111111112,0.2611111111111111,1.5707963267948966,1.5707963267948966,-0.1999281040476798,0.3843946861745352,-0.1999281040476798
21,-0.3696629318761898,1.5311541227693493,1.46479279615486,1.6385593438702777,0.1997920266735605,-0.0399243513076818,0.1974735330612677
25,-0.3639304570424469,1.9266336987231896,1.2658593572625452,1.460002994085299,0.1998561763086206,-0.1614037687629413,0.1992154308445738
0,0.0111111111111112,0.2611111111111111,1.5707963267948966,1.5707963267948966,0.3843946861742985,-0.19992810404767983,-0.19992810404767983
1,0.07778552866139692,0.343234626735598,1.56412306899694,1.5731218471253698,-0.3314326721070989,0.1290657786095636,0.1293587977828436
12,-0.1320514377756826,0.7939056929786693,1.8645722132300036,2.090466395588961,0.1999759286702191,-0.206793551780433,0.1995271030324423
37,-0.6799896241585918,1.551781961840056,0.9752073428462672,0.836516922581363,-0.0681308098429569,-0.2609510230579677,-0.0710841597822068
0,0.0777777777777779,0.35,1.5707963267948966,1.5707963267948966,-0.41075047818801097,0.14407837052087885,0.14407837052087885
2,0.055688359262414944,0.2292555710811443,1.6545055183258395,1.5447147288124659,0.4159533412612798,-0.1785739317262003,-0.17294113033939057
43,-0.9816298586869124,1.039622519380747,0.806883540291929,1.2951497890144594,-0.1999999772651527,0.314814055460394,-0.1913972596463081
4,0.09994245064750741,0.1722657265846578,1.6422343114998679,1.5469268891427415,0.3378571677639846,-0.05114713591869563,-0.04769985714597376
46,-1.044790499747323,0.7132493379943992,1.3911077863689163,1.3631801873523364,0.2000000096944151,0.4532021298797026,0.201187539894636
17,-0.2462713600901609,1.2305786784664063,1.6514239559133554,1.9160192634602888,0.2000000099532368,0.1176668025535877,0.1899624858166285
17,-0.3373383623049047,1.2331134827004713,1.5989684294749027,1.7287545352882974,0.1999724201038657,0.043382248241401,0.1977291099146597
24,-0.3727704638570905,1.8013538959767406,1.2851092049015964,1.5038523437305185,0.1999749951202663,-0.0217745031533374,0.1956822965165202
14,-0.17040216759054996,1.1237702519866906,2.418806589156567,0.6382750089931418,-0.3527786880288301,0.19997350138959044,-0.07613946743240116
21,-0.3815069784524914,1.6536732346456295,1.4545556746476216,1.551441062259447,-0.0247249800226114,-0.0955897771438819,-0.0236843497619329
27,-0.3316080865795031,2.120724216019683,1.2799157172598137,1.3381628831325232,-0.09369019156311,0.283699767146799,-0.0951828401212055
10,0.030892862427902446,0.6019067883624547,2.4691261212017874,0.8383415282961897,-0.5637968738328561,0.20000000999323628,-0.06826873339212249
42,-0.9684987117104508,1.0660193969030405,0.9547519841558638,1.2375181074781638,-0.1999996994867496,-0.0193955320151706,-0.191516016642113
27,-0.3184209559981313,2.112975663483915,1.4187728255706014,1.316644511550201,-0.1999513806899778,0.0251211671905374,-0.1986534085450654
3,0.0768557079695417,0.2649615517080269,1.462525243451939,1.5908863714749475,0.402178885767221,-0.07727988471257016,-0.08179235305225041
47,-1.0340912904539177,0.7602838738760683,1.557817150590284,1.34363454429387,-0.200000009952281,0.1631243271115179,-0.1919629133396364
47,-1.0334744667377025,0.7636623423563939,1.560580796080763,1.3458278488835858,-0.2000000099547755,0.0985395740867097,-0.1933058862108519
35,-0.6437349501414716,1.613555899321299,0.9118889860571836,0.8746246482407645,-0.1999607638602315,0.0464346005705153,-0.1996489486605153
31,-0.4211011149078887,1.8646932620165453,1.526792795948931,0.9818447397403434,-0.1681110211528932,-0.4980316103256805,-0.1695774962939036
41,-0.952604954658818,1.1240518331835343,0.900978648415114,1.2674996209831153,-0.1999824110177472,0.3717016998890651,-0.2000201945380185
14,-0.0414646292229882,0.9109091541318526,2.061856436160393,1.949501899894561,0.018496790437128388,0.2000000099611202,0.19894636597614215
33,-0.5223432850572217,1.7604304662521977,1.188483699985495,0.915643402548169,-0.1999772830718343,-0.1443785815971245,-0.1964705432347679
4,-0.07867259398600232,0.21922244423033313,1.6201379569855074,1.5445124050203176,0.4226645719260663,-0.044999302537291556,-0.041677305125389544
20,-0.3184830057397996,1.5182759806840471,1.6769435116234357,1.7378978140125323,0.0350645903264043,-0.2016032036700123,0.0362275679797428
30,-0.3654232502592849,1.9882347470457429,1.5332269725053411,1.209957329053502,-0.1999871718617851,0.037235849655329,-0.188445335653228
0,-0.0333333333333332,0.35,1.5707963267948966,1.5707963267948966,-0.20346872518089917,0.16655774522580905,0.16655774522580905
0,-0.0999999999999998,0.2388888888888888,1.5707963267948966,1.5707963267948966,-0.1999399600656949,0.4128709436070196,-0.1999399600656949
33,-0.5042338237013114,1.7725540753355051,1.2737309826154082,0.910932925588236,-0.1999979684579632,-0.4654046100098328,-0.203496412327418
11,-0.0104207480319502,0.7321576553603701,2.16455623597337,2.0349448512204327,0.1999749828759015,-0.1819392515526519,0.1959460891086014
16,-0.22702478862072548,1.2411739280828886,1.7123608765157945,1.7574343535188965,0.1258760565062996,0.19997816179236622,0.19920788147134647
0,0.0111111111111112,0.2388888888888888,1.5707963267948966,1.5707963267948966,0.39981577211291136,-0.1998291862253709,-0.1998291862253709
0,-0.0111111111111109,0.15,1.5707963267948966,1.5707963267948966,0.3758563771522168,-0.19982546476363616,-0.19982546476363616
1,-0.09996502230913604,0.18322221735676533,1.5908307548440623,1.564601631177979,0.013194045758857454,0.19975627051166914,0.19972216445487542
3,-0.08173022591694518,0.07461055563497682,1.8479798277289712,1.4336475771237402,0.3792158433242762,0.07731749315606927,0.08604172510605973
38,-0.7757316113211962,1.3960700902565195,0.8930017107753767,0.9152978758867826,-0.1999999127244739,-0.1787572076184846,-0.1995516759072046
29,-0.33754144599866837,2.0092541628222085,1.3384479435397565,1.8596475248113555,0.3782146269097261,-0.07172964019841784,-0.0810376513718429
3,0.05524505572235175,0.15093040793428839,1.5848841267314295,1.5630140997164341,0.585859758799929,0.09902484414063636,0.10028233812696308
25,-0.350187265415166,1.9420338947501616,1.2787000184434965,1.3948262684296877,0.1999449538893488,4.529430545130603e-05,0.1985977839958649
25,-0.3567076958485959,1.9763034264465904,1.2145765624664218,1.428421993656705,0.1999647858104133,0.0615345289523843,0.1941041199054966
28,-0.3440990841444162,2.1383939938813725,1.269642256490787,1.3083813705639211,-0.1138533094083195,0.2015050783528672,-0.1145483067713397
12,-0.0161634548815241,0.7766563936325362,2.014546880124862,1.9623866541015025,0.2000000099937878,0.1339057476510863,0.2004261414773689
0,-0.0999999999999998,0.3277777777777778,1.5707963267948966,1.5707963267948966,-0.3182789076541286,0.07875920405412452,0.07875920405412452
0,0.0555555555555556,0.2166666666666666,1.5707963267948966,1.5707963267948966,-0.13305147877539275,0.1494447317724843,0.1494447317724843
31,-0.4135841279765941,1.9155397535385892,1.466693480229759,1.0923362312142313,-0.1999267965248724,-0.0847269368100187,-0.1891786836454576
32,-0.4644784090774521,1.8051159230109588,1.400786026737462,0.9302273722223748,-0.1760301126355435,-0.5469889768361443,-0.1816979259322648
0,-0.0111111111111109,0.35,1.5707963267948966,1.5707963267948966,0.3561175064547438,-0.19968190542199007,-0.19968190542199007
15,-0.3147147554996408,1.0096946851968809,1.6288861935982908,1.7719138083666532,0.199987681134077,-0.1288971865247901,0.199782908524731
19,-0.3362847052157073,1.4376962533970168,1.5516368536847225,1.743613946360146,0.199872911674488,-0.205113174361553,0.2001145914789432
21,-0.3330287591291277,1.5530132735129272,1.522621460372675,1.7544459900351974,0.1999021640483791,-0.3547761323367459,0.2027056561404052
17,-0.3298500710677017,1.3160186519591688,1.6079412611631445,1.744890415676063,0.1999594086028826,0.0126842585953446,0.1979140436359686
10,-0.1681715476586814,0.649265918363727,1.8103680856380229,2.0370081887380764,0.1999847107643916,-0.1524545292692338,0.198296204323203
48,-1.0662418300627894,0.6723801839327402,1.496706917936396,1.2631985504053298,-0.2000000099276041,0.4443399356879051,-0.1842904499748037
47,-1.040400946979656,0.7400278377758789,1.275872305901553,1.3148562279742526,-0.2000000099027458,0.6899287516329927,-0.2025369861890222
18,-0.3464427209274354,1.3285149898347184,1.633029659033781,1.6963380425399677,0.1967057706112767,-0.0669589436019248,0.1967353318050864
26,-0.3569922406136848,2.013396783243951,1.161563174084062,1.439418681541171,0.1999445591936798,0.1148913284791549,0.1891244590523968
17,-0.3464071577104473,1.205386497014224,1.6474371881820362,1.6792890091934851,0.1999761917300459,-0.0584489243170995,0.2000608975228116
39,-0.8560657220283561,1.3384834423194765,0.6753304356954535,1.0543209376996614,-0.1999998883019813,0.1166162810503146,-0.1901222191521742
3,0.07751432833327514,0.21662774043178376,1.6124581806969385,1.5538074405820326,0.47771765017662443,-0.05546424369657735,-0.05256863175542143
36,-0.5814191256471848,1.6809986285726093,0.8917075574347039,0.8796715867770489,-0.1999887245781217,0.2476386712640898,-0.1996761891288959
0,-0.0555555555555554,0.1944444444444444,1.5707963267948966,1.5707963267948966,-0.09382804398824439,0.1331731943034651,0.1331731943034651
12,-0.006219132228658322,0.782948945197527,2.415779186734315,1.532659463372666,-0.4629582673817015,0.2000000099622071,0.09117487375043101
0,0.0777777777777779,0.1944444444444444,1.5707963267948966,1.5707963267948966,-0.22411229162877597,0.17241837809627755,0.17241837809627755
39,-0.6529266716075982,1.521471544928433,1.0493708162893582,0.924895950430576,-0.2000000098697512,-0.2125226569939873,-0.201091157050116
0,-0.0555555555555554,0.15,1.5707963267948966,1.5707963267948966,0.27807419151793966,-0.19975426361249268,-0.19975426361249268
32,-0.4586178934029068,1.836341378758088,1.4375266421942072,0.9755250111441276,-0.1998474532250392,-0.3979835429382699,-0.196635612068206
15,-0.2049182906600169,1.0584450736555784,1.7513447868564118,1.981326442388379,0.1999845376347536,-0.1372743633816986,0.1978483618927109
0,-0.0555555555555554,0.1944444444444444,1.5707963267948966,1.5707963267948966,-0.09382804398824439,0.1331731943034651,0.1331731943034651
1,-0.07765851571937635,0.3267221098209083,1.5910548465934138,1.5659056928755446,-0.13691805398166618,0.044332289848931936,0.04397396992395345
36,-0.6519774596628894,1.5534615775389238,0.980033818433328,0.883890095558098,-0.1999999098327091,-0.2297012816637493,-0.2012812934122538
39,-0.8344342221541128,1.337422921751243,0.7529910247815712,1.002777165194248,-0.199999904341278,0.2313119579467389,-0.1995109254103587
40,-0.8759406903744785,1.3311843846210896,0.6320757503413459,1.0665870006561646,-0.1999999017585762,0.2406340668216345,-0.1915449934978183
44,-1.0164272008355444,0.8595349353541994,1.2761555708505443,1.3660967887740667,-0.1999999675201639,0.0206904418444569,-0.1993774121179903
25,-0.3673269423935544,1.9146747887530533,1.262382466765282,1.4907750950022507,0.1999279614347298,-0.2016385853624406,0.1993014917839686
3,-0.0217710609864242,0.1269232706605881,1.95094475112551,1.139876023720227,0.0466932235588253,0.0999447777443882,0.0394049751986762
12,-0.1337226572045879,0.7687685577624656,1.838835413384512,2.084209093338125,0.1999828230542682,-0.086184481336085,0.1960862446488677
25,-0.3549602028026842,1.9728813779383636,1.2160889363715146,1.4437281274210358,0.199913051074276,0.0131324171269604,0.1944593026123074
30,-0.33634154075123385,1.995829315513407,1.3251802510712398,1.5802229194683932,0.3436756795962749,0.13580998509548492,0.12274639572894984
3,0.09946441058900744,0.31218030929405627,1.528392355593235,1.5763771045068973,0.19683710263748713,-0.19894383624626655,-0.1996589979769515
20,-0.3230767824760959,1.5336219911283295,1.6809393831803403,1.7080052014011156,0.0341136075783611,-0.1941134597971574,0.0346264330525626
6,-0.0489154520017544,0.433105133745525,2.1842005267842235,1.504376231268905,0.1999762988702598,0.0436297689238713,0.1582610190387383
31,-0.4044976250944049,1.915287632975232,1.5190950212817451,1.0819395468215969,-0.1999247736429095,-0.1781331698654001,-0.1886652872645462
17,-0.3083257798697068,1.2276672908806,1.622720215439701,1.7938656907923398,0.1999778296149947,0.0187658016283381,0.1967366161242741
23,-0.3502399958658508,1.7161289491069427,1.3583758632608676,1.6825430055809896,0.1998907577481342,-0.1583817315347126,0.1945244804620553
14,-0.19601074583835826,1.0644535231312124,1.7993510914000757,1.7205201241535109,0.1873266062902514,0.19992133984014265,0.20077565850124893
13,-0.2680004626556616,0.8068648901131513,1.701039240415005,1.8492022461686968,0.1999966095205031,-0.1063980329251713,0.199376095832423
5,0.055376693224373934,0.13867084770352345,1.5959462309863905,1.5604850833546835,0.5956973879968724,0.19990772897243858,0.2018940194652204
0,0.0777777777777779,0.2833333333333333,1.5707963267948966,1.5707963267948966,-0.3792818520132476,0.18031257198932615,0.18031257198932615
37,-0.7605721859554087,1.466045150490659,0.8525768566744312,0.8414403468651644,-0.1999999972490548,-0.0783465334714503,-0.2000748440826953
0,-0.0999999999999998,0.2166666666666666,1.5707963267948966,1.5707963267948966,-0.4128075021401451,0.12677282556665864,0.12677282556665864
0,-0.0999999999999998,0.1944444444444444,1.5707963267948966,1.5707963267948966,-0.4421779977812528,0.19962432587690984,0.19962432587690984
9,-0.1240258603320471,0.4371828647388773,1.9974052214452656,1.9317542960413348,0.1999892295445891,-0.2980980368235363,0.1976027674494368
46,-1.0563529252007398,0.6726471862566256,1.5208776187039192,1.2908315206082497,0.2000000070117335,0.0608627264157444,0.1961189902954328
0,-0.0111111111111109,0.1722222222222222,1.5707963267948966,1.5707963267948966,0.3791306568525211,-0.19983826396154572,-0.19983826396154572
6,0.0954467461058849,0.2218097266023962,2.156141682815157,1.7157556790483135,0.1999867008624915,-0.0669590530178431,0.1780510175157962
39,-0.8338308264657905,1.310886048139427,0.8642793723609281,0.9618655511663896,-0.1999999913495101,-0.0313576344883955,-0.1987429189444615
34,-0.551028635102379,1.7202655268517033,1.037214312076042,0.9000613505278492,-0.1999999305580691,-0.3136211464375866,-0.2024097186373769
0,0.0333333333333334,0.2166666666666666,1.5707963267948966,1.5707963267948966,0.2462540891317297,-0.19979092262004983,-0.19979092262004983
33,-0.5161856600522033,1.7408704486099729,1.0822844104061478,0.9249297855180396,-0.1999819784100097,-0.0127566666114323,-0.1977111627636133
2,-0.0803296156269479,0.0870964656861225,1.7528826435477578,1.4821779283011653,0.18921943792799908,-0.10497425817777258,-0.09609145031729019
41,-0.9343524551723258,1.17158122703364,0.705695135752514,1.2055663688678304,-0.1999999030024354,0.5042892260591164,-0.1996999871529116
44,-1.0219194637589706,0.8342886786721734,1.224931207428953,1.3509999846861784,-0.1999999803073814,0.0383789731590392,-0.1988953090773335
41,-0.7677089751770383,1.4651287300269356,0.8564415785873036,0.86966986835569,-0.2000000099944268,-0.2624020935913839,-0.1996354085140466
7,0.07927633071217491,0.4819840538948761,1.535159976209373,1.5275862551116512,0.3074705863579401,0.008793350623161368,0.009025965845976423
20,-0.3745807836129498,1.5296322514736678,1.5443992953206136,1.651665796689424,0.0622927808618086,-0.0650455331711442,0.0626311342378024
0,-0.0333333333333332,0.15,1.5707963267948966,1.5707963267948966,-0.1997549818677307,0.2746246162498305,-0.1997549818677307
11,-0.1461105090927459,0.6692686134456091,1.8729945248215796,2.039919105404618,0.1999757050551094,-0.198847446558257,0.2004999847289062
7,-0.0085362653352422,0.3155513420337546,2.251023257810388,1.6000516659430746,0.1999660449940605,0.009876008433981,0.1596705208894147
2,-0.05565789302841287,0.32819144630165026,1.5592399487596333,1.5727705057473766,0.38624101328355515,-0.19972045524614634,-0.20022476317496646
4,-0.09932121118295173,0.3531295819962815,1.645465643205915,1.57942660898892,0.4018147046197777,-0.19060754321807707,-0.1875404426515087
4,-0.0998242402039726,0.4459312938329024,1.584241890409265,1.5707252146142827,0.5253864324866607,0.19992686452496736,0.20061872761515162
0,0.0777777777777779,0.15,1.5707963267948966,1.5707963267948966,0.1996056490821613,-0.27585097735309,0.1996056490821613
4,-0.08877287794411659,0.5297879433812513,1.4583635199562268,1.5045984664859,0.5580031744808301,-0.17810126588806127,-0.18048994452526643
11,0.0010076620036589,0.7462078851872266,2.189434334851259,1.972694186272776,0.199983228026323,-0.137840742462962,0.1923401258105301
4,0.0003970666069632,0.1487534025656181,2.0798371293784594,1.32351196591001,0.0991388784262677,0.2550480887279097,0.0896126859786638
33,-0.5176194135699355,1.75599263787348,1.238534870725072,0.906804622198068,-0.1999282470822818,-0.2192078321495581,-0.196167357780282
12,-0.1978363802681625,0.9236763931808076,1.779213711999358,1.9640322611931944,0.1998051632165481,-0.1529201756438782,0.1992125898757701
14,-0.2512078741697749,0.9282224813409148,1.6982323658828942,1.9028148343774836,0.1999836829601874,-0.0774491372307996,0.1973866461321236
36,-0.5723023077007257,1.6779975153123925,0.9055836348397572,0.8987045993442149,-0.1999897773560296,0.2230575854689284,-0.1998316046090017
46,-1.0066518114719876,0.9484146196393264,0.8637920868489581,1.3373785933574494,-0.192272628338589,0.281937964859565,-0.1839694261249859
0,0.0111111111111112,0.1722222222222222,1.5707963267948966,1.5707963267948966,0.37949024197419634,-0.19994025095563578,-0.19994025095563578
0,0.0111111111111112,0.2166666666666666,1.5707963267948966,1.5707963267948966,0.40713233358740925,-0.1998444228098391,-0.1998444228098391
36,-0.651461540962311,1.562964606602867,0.9693555986072012,0.8818340480595254,-0.1999999167089483,-0.2051050784517967,-0.2010272242492521
33,-0.5041337006325236,1.7661789663476777,1.2922709271265846,0.8828887397949088,-0.1139359754466237,-0.5003714429450908,-0.1244380113182088
39,-0.8806754131976378,1.3338237635261674,0.6496315870726349,1.0633551401480388,-0.1999999066526471,0.0513275981141425,-0.1851894394305414
29,-0.3613746447494619,2.0020709034163984,1.5367970512622608,1.2216177327922355,-0.0606985682031059,0.0576409579851819,-0.0559218112235284
25,-0.3685894977884647,1.8853692092777932,1.1981492646887504,1.5515662455828043,0.1999728694305485,-0.0977472274610031,0.1909967438637211
34,-0.600748335072946,1.6053678295665332,1.0512242764012143,0.8852134192208239,-0.0165075617415857,-0.242076470211172,-0.0202809112811841
21,-0.346666299061833,1.6230575256488218,1.4137475490503495,1.6683536257158562,0.1999315102021501,0.0321822731057842,0.1926756790684301
0,-0.0999999999999998,0.2611111111111111,1.5707963267948966,1.5707963267948966,-0.45144290508625196,0.19965986289196697,0.19965986289196697
9,-0.05293368925938,0.5875967217031313,2.125028939657145,2.0131370299486746,0.1678411848659027,-0.3141199465794365,0.1632841929317819
0,0.0333333333333334,0.3277777777777778,1.5707963267948966,1.5707963267948966,0.31800732758473066,-0.19973174241888458,-0.19973174241888458
45,-0.9978538175969816,0.9373647052768812,1.2366349953528546,1.3899855217810742,-0.2000000099304002,0.3001232236221966,-0.2022373642862657
38,-0.781686408472881,1.4108587151528371,0.8866893098719286,0.887717710096749,-0.1999998989049676,-0.3155592610912388,-0.1999673410285433
35,-0.6354292415782669,1.6167878723821991,1.1175848602162084,0.8272572827376515,-0.1392122457993936,-0.4435219662156733,-0.1460827653020816
23,-0.3732660232984766,1.7603597192829603,1.261060932940343,1.5547777145241852,0.1999807026041674,-0.0141873088498214,0.1918271558316069
1,0.0064651594232612,0.1215464114686756,1.7743624935879598,1.4538713904410543,-0.1998759570234205,0.3285746656719343,-0.1793472607395467
44,-1.015532043214714,0.8685607332370866,1.108580123195697,1.399524404694902,-0.1906145728949334,0.5491759803201249,-0.1983571906444041
0,0.0333333333333334,0.3277777777777778,1.5707963267948966,1.5707963267948966,0.31800732758473066,-0.19973174241888458,-0.19973174241888458
19,-0.3581355147556325,1.485188795431581,1.5548080031741192,1.687507299825507,0.1628505487000706,-0.2644988851159531,0.1649184151180009
13,-0.2184192535787965,0.8976490598599722,1.759195053648754,1.9202605931851104,0.1999162342183465,-0.1403374558087213,0.1995793034464207
47,-1.0235888238582511,0.8110006406397905,1.5868611363022205,1.3265862043979242,-0.2000000099637694,0.0831445620005636,-0.1911241680338222
26,-0.3674298399495647,1.9574949176078345,1.1669548095292024,1.4661470858213166,0.1999538944018401,0.0325118879118984,0.1901126349790492
47,-1.0222701899538646,0.8179753913484866,1.5802240108120549,1.3274048779504386,-0.2000000099634363,0.0875693123234955,-0.191451820891649
5,0.056915039142957834,0.38377554891229027,1.7014928619053702,1.559364327238972,0.5275988633104153,0.13040970650349065,0.13656821493768317
2,0.0750443850054712,0.4556765541528462,1.3270004594009055,1.585062083025939,-0.189079445109248,0.2966744566425055,-0.1903896944813155
2,0.05502021969792947,0.2966664112199678,1.5435262216586532,1.5694018076181768,0.42520043648170835,-0.1999160126596978,-0.20094919818828533
0,-0.0111111111111109,0.3055555555555556,1.5707963267948966,1.5707963267948966,0.36817300984275736,-0.19974942508477256,-0.19974942508477256
0,-0.0333333333333332,0.2166666666666666,1.5707963267948966,1.5707963267948966,0.02282237895228195,0.09399769253898718,0.09399769253898718
41,-0.94169663983622,1.160687314470415,0.7531182077289786,1.2551924120100035,-0.1106268819462104,0.5003254823126978,-0.1210519066448527
5,0.0381077595564047,0.1647798319437459,2.2795725406163934,1.4808187991930453,0.1999828760341231,0.1220727830303547,0.1482544495187066
34,-0.5828679482546372,1.6739771805641932,1.0428827595244536,0.9021569460780492,-0.1999858567881779,-0.085628843078517,-0.1992099327067993
1,-0.0557847165054859,0.3671940867331699,1.4850809052435423,1.5961804762705558,0.1248763899927474,-0.0836972281600069,0.1250344614570615
43,-0.9966166556345818,0.9538721325936046,1.1436252504775606,1.3174567058514686,-0.1999999324047889,-0.0458222669036375,-0.1961932676993558
1,-0.05550846705709897,0.28425588056251755,1.5843713405218462,1.566951813738125,0.23874302232721106,-0.19975582317863264,-0.19930965898502517
0,-0.0555555555555554,0.2388888888888888,1.5707963267948966,1.5707963267948966,0.45801403441777466,-0.1999401343965607,-0.1999401343965607
43,-0.9254836265793344,1.1276578027702338,1.034881226882466,1.1947653665254476,-0.2000000099611128,0.1321636503895696,-0.1995532527841489
25,-0.3305400260585233,2.0284124354455333,1.2210769280722102,1.4237240080140197,0.1999312071398584,0.1366857167787132,0.1930890880587678
28,-0.3482558825406003,2.0609299437693958,1.3472896093433082,1.3088459311721194,-0.0586202966450244,0.2589964769570935,-0.0575815515470026
32,-0.4610114056800892,1.8125185548980256,1.404076378548817,0.9324086566678644,-0.1873033712147017,-0.5502359709484407,-0.1918532575531614
43,-1.00106704947908,0.9341748739322971,1.0015864801308505,1.373889202942617,-0.1505915141369939,0.5219038851558896,-0.1592596637985142
13,-0.12285646037375005,0.8172973646706374,1.8802176556015837,2.065667472755659,-0.12799544912931404,0.2000000099472787,0.19893078244397788
17,-0.3344786998510146,1.2697579866782671,1.587805097569028,1.7377188157103864,0.199971624052258,0.077343290565394,0.1965735920818874
5,0.0532917095090434,0.172191707750799,2.169334724455862,1.3335000439455555,0.199917112795902,0.1505986536443383,0.1452284184932887
26,-0.341875227009837,2.0367193313873084,1.2421712289592746,1.376898562312571,0.1493894190284291,0.3244448986053383,0.1436777032363289
41,-0.928285823878384,1.1741326081315255,0.6987943384918436,1.146202502345897,-0.199999921896762,0.3558008140392228,-0.195707236821422
29,-0.3662561047286703,2.0251146479913995,1.3920686570093368,1.2610600579160447,-0.0345729515645659,0.1610125922780221,-0.0321733089604082
0,-0.0333333333333332,0.2611111111111111,1.5707963267948966,1.5707963267948966,-0.023504231910695932,0.11620258918021101,0.11620258918021101
18,-0.3527443910766984,1.3469576013498317,1.6129893697355575,1.686894011010639,0.1997564874997603,-0.1208428237595381,0.200103482961108
13,-0.2459897199158178,0.898543859796235,1.6786523775875746,1.9231179446570368,0.1999886690146965,-0.013070055030826,0.1943587139813928
1,-0.03329213868981284,0.37559848221296105,1.5757942172375063,1.5698511200715788,0.41790860196746604,-0.19933919039034878,-0.19908730434962107
48,-1.0701105627589045,0.6742768585896283,1.5251488234495372,1.2903483857712337,-0.2000000099393406,0.398426414869942,-0.185242820536623
33,-0.4929620458355669,1.7633431151353318,1.089361020671701,0.9494679685584044,-0.1999987981085395,-0.0606874825134153,-0.1988912020666402
1,0.055433721359037735,0.23594559455924358,1.5968832346287112,1.560599015859679,0.24045873046188115,-0.19996063245238166,-0.19895672406806225
13,-0.2322954495288345,0.8399026240505065,1.7079739318415936,1.9386989065057885,0.1999767397033492,-0.0680491734652749,0.1962336995997405
6,0.08376981011503473,0.3029125037952468,2.157945030052881,1.5592857551409403,0.12336550297455097,0.19994429724288987,0.17212444807774907
25,-0.3572551194678185,1.941094723177908,1.260930681797929,1.4693441713469912,0.199892910599218,-0.1744885453563819,0.199177616755501
0,0.1000000000000001,0.1944444444444444,1.5707963267948966,1.5707963267948966,-0.24204140088377593,0.198515729678985,0.198515729678985
31,-0.4121678539272027,1.8866818255114093,1.4725437020965972,1.025656334969376,-0.1999816456525836,-0.2353314562045314,-0.1905128733385724
44,-1.0067160947668763,0.9045975278758772,1.340733959621515,1.345335960825767,0.0185995695881452,-0.1292056729812964,0.0186588328901763
11,-0.1669497359513322,0.7176512013409636,1.8168246378846689,2.0365355854631537,0.1999610409852314,-0.1569083671425094,0.1985738542944552
28,-0.3546810271392053,2.0085796253727484,1.4665612366187055,1.247299665193988,-0.0385025899482253,0.1738406126340227,-0.0337995850366286
40,-0.9391128379611102,1.162146811797799,0.7864732018165199,1.1824831590624805,-0.1999783068069863,0.1408328605728684,-0.1899339657648146
8,0.09767839242913244,0.3994718181253116,1.5131667421040618,1.5586809340554186,0.6731819680546971,0.20000000999414874,0.19673001597861325
7,-0.0513737562066372,0.5168120817166479,2.206015411246159,1.6854009637331635,0.1999800122586695,-0.0751095348943122,0.169749354221467
5,-0.0741024387567391,0.1410059398356904,2.0959722435042973,1.1912359129206649,0.1997692339116272,0.0882844242295774,0.1303774653299779
0,-0.0111111111111109,0.35,1.5707963267948966,1.5707963267948966,0.3561175064547438,-0.19968190542199007,-0.19968190542199007
19,-0.3626545831866871,1.4768132850231266,1.4743965648204715,1.6898718554960157,0.1998475949371158,-0.1551654206297773,0.1985437147284458
33,-0.4993418158345691,1.75894417517839,1.15154108460181,0.9391259328833188,-0.1999964474693588,-0.1391144723693773,-0.1984342779593369
11,0.06716752311227214,0.6383763330248937,1.7549771182846765,1.6525650413844746,0.5381303505370628,0.20000000996048636,0.20445357903981007
34,-0.5498015253923951,1.7166158224423071,1.0369667291201408,0.9019552041785804,-0.1999249503626982,-0.002432393035598,-0.1981383297608888
32,-0.4622239920957642,1.824345133729616,1.406711820280968,0.9497898905487592,-0.1999698225204839,-0.4977851732541317,-0.2014175483947298
40,-0.8953096396026752,1.2420947231556998,0.7020128852384161,1.124409887236361,-0.1999999239768665,0.4201394084464432,-0.1996452429126166
21,-0.3440797197817055,1.5446476743247468,1.557882043920085,1.7248670359225229,0.1369249410545251,-0.2614924305874229,0.1393666328503385
6,0.0853298501268165,0.2747502498914471,2.044525669742624,1.617637726789578,0.0615895841915396,0.1509660040334427,0.062313050055837
13,-0.2534639036300212,0.9979387923835896,1.7188761830045172,1.87410655732344,0.1999297460987612,-0.1873892423803778,0.2004229608259454
0,-0.0333333333333332,0.15,1.5707963267948966,1.5707963267948966,0.27462461624983053,-0.19975498186773072,-0.19975498186773072
27,-0.3422967597036876,2.0637584716396598,1.425777555567561,1.2856301906182095,-0.1374363218323306,0.1217292661440685,-0.1343883922659959
0,0.1000000000000001,0.35,1.5707963267948966,1.5707963267948966,-0.3774983538941273,0.14159334122688672,0.14159334122688672
4,-0.0492052923391635,0.3620680758409367,1.877496843190972,1.3076813128575469,0.1057877941995617,0.1717503911536479,0.0983389103206258
36,-0.4813802962425462,1.7666485937064662,1.0117425875109125,0.976911780428696,-0.2000000099067828,0.0367658283169305,-0.1997506711974065
36,-0.6078145100737103,1.6359954037407731,0.8912814912616125,0.8913794611781323,-0.1997754885530685,0.191558510546723,-0.1997773642914612
4,-0.10339275687372049,0.4748557611921036,1.548631707673918,1.589461936798539,0.5251339698430547,-0.057262296161034565,-0.05935810991717364
1,0.055513252714594126,0.36366592917012025,1.5510486709561686,1.5767884982655644,0.21803838034884018,-0.19978880866815238,-0.20028379346772768
9,-0.107604054028512,0.5298983256998314,2.10015477097658,1.7876295515775196,0.1999555025110595,-0.1643775936258284,0.1852157020342316
4,-0.1016600292626601,0.5319659510582055,1.6461630840634065,1.596515906183744,0.4600068719032221,0.19992794433391517,0.20196446572827734
42,-0.9648405785194588,1.0805868594345087,0.8332274119797018,1.2603545441014343,-0.199999938478928,0.4029790395638196,-0.1987255852672979
24,-0.351265336724582,1.8140556451270111,1.285490848053386,1.6201616533947427,0.1999578709401316,-0.1238900295052511,0.1929331761446873
0,0.0555555555555556,0.1944444444444444,1.5707963267948966,1.5707963267948966,-0.2005827059256199,0.19953881470929893,0.19953881470929893
0,-0.0555555555555554,0.3055555555555556,1.5707963267948966,1.5707963267948966,-0.10358550461213002,-0.006260116949293437,-0.006260116949293437
43,-0.9864157693830105,1.0125795823806834,0.8099808693371919,1.2993511879082145,-0.1999999800650574,0.373428885511428,-0.1940795673396727
18,-0.353274073960679,1.3241006663115058,1.608408885971977,1.6849848991397602,0.1998599420989181,-0.2402627763761661,0.2011122894290633
48,-1.0712316229319316,0.653443052847218,1.625314063285035,1.141137235808421,-0.1974465150265733,0.3544025932927289,-0.1582549699275631
0,0.0333333333333334,0.2611111111111111,1.5707963267948966,1.5707963267948966,0.37262003338215405,-0.19994217494671665,-0.19994217494671665
26,-0.3466430460575372,2.044253670756789,1.1431835680009534,1.4432787699624907,0.1999449698730207,0.2007517417243569,0.1850746539702053
0,-0.0111111111111109,0.2833333333333333,1.5707963267948966,1.5707963267948966,0.02250910836967557,0.11937900198405126,0.11937900198405126
9,0.0497143737950632,0.4889636431410875,1.9636239099557915,1.8815583505381268,0.2000000099596597,0.172940219430619,0.2007445632900083
2,0.055491491918014495,0.17173455742033272,1.7432271265476391,1.5131719500333065,0.3712425778638108,-0.1995167446436881,-0.1857947486965095
4,0.08087368160479448,0.30272003554613436,1.848341921501496,1.5409107353911258,0.4997514833025604,-0.003813902753502516,0.011487958491064798
37,-0.7274744267837977,1.4772101738181322,0.847162658753259,0.9655752025091018,-0.1999999183221524,0.190339680118734,-0.2008480006033297
7,0.07971236567101016,0.22381890480567723,2.0237467189974447,1.6459256149898382,-0.06728296499849674,0.20000000996581876,0.18341209226444113
4,0.0152888031425103,0.152235058922162,2.030267923075087,1.241090726224111,0.0610179468449653,0.2420015410598034,0.060159483243662
0,0.0555555555555556,0.15,1.5707963267948966,1.5707963267948966,0.30644761162759365,-0.199893028658937,-0.199893028658937
3,0.0444399826716232,0.1239632112724579,1.9183607132660037,1.3389545956460387,-0.07608799262054,0.2848306205949256,-0.0480742686492625
1,-0.07772050546885034,0.20398445504896823,1.6082796762373786,1.559085824418581,0.3034571262857081,-0.19985839735647262,-0.1981243935092903
0,0.1000000000000001,0.1722222222222222,1.5707963267948966,1.5707963267948966,-0.34015337082150215,0.19977933404653134,0.19977933404653134
1,-0.03309879826550601,0.2136696577542104,1.6501723832904993,1.5476375114637473,0.11759795255334926,-0.16099698745886656,-0.15894773842293528
34,-0.5610192854010309,1.6824423081282482,0.9783832249580704,0.9049287349180648,-0.1999967466431555,0.0411923629642522,-0.1991551373825334
2,-0.07759153938252382,0.2623697282133193,1.6243147710945944,1.5556382370639112,0.4441636667795563,-0.03867708317689827,-0.03553794457859254
29,-0.3637780406035505,2.0385805274341333,1.3972353341618111,1.258974534832978,-0.0623259945070291,0.1335654821424079,-0.0598904204118905
22,-0.3614702727917832,1.8449747624027797,1.3624149816322029,1.4780790201402694,0.1848031610589006,-0.0200262889860208,0.1837994905667417
24,-0.3717187870091636,1.8288940879857856,1.285011497219298,1.525158639477871,0.1999725127092556,-0.0383042799135059,0.1951449494069228
47,-1.0264632957399442,0.7937107612887653,1.5700536602254251,1.351267756967346,-0.2000000099707775,0.0892729452179548,-0.193294724786725
6,0.0156936956356998,0.2489645345602355,2.299537405257315,1.6640984658500702,0.1999375279679539,-0.0392599123259805,0.1585817749396469
6,0.10120688545177838,0.2816574621353593,1.6753209578481059,1.5726196278171929,0.528958637672853,0.1999090632194953,0.20427864352696812
0,-0.0999999999999998,0.2611111111111111,1.5707963267948966,1.5707963267948966,-0.45144290508625196,0.19965986289196697,0.19965986289196697
6,0.0920679364976474,0.3272090695171939,1.9561662214709648,1.355935243145368,0.1999095293677121,0.3665233813115052,0.18566883122175
48,-1.0585950405322162,0.6884807173458037,1.6731495990925045,1.1792921045995812,-0.2000000099620329,0.2341051752102808,-0.1650049877755391
0,0.1000000000000001,0.1944444444444444,1.5707963267948966,1.5707963267948966,-0.24204140088377593,0.198515729678985,0.198515729678985
8,-0.0387727480283343,0.3825820691297747,2.2107735581285484,1.7613331902289957,0.1999760046154005,-0.1102904066118467,0.1753247699233221
0,0.0333333333333334,0.1944444444444444,1.5707963267948966,1.5707963267948966,0.36809782327613144,-0.1998775181082128,-0.1998775181082128
20,-0.33840870413078,1.5238455910764586,1.5723134940269627,1.7298259599593442,0.0739239172221258,-0.1005514902455873,0.0745860492320279
49,-1.0990388891056813,0.6166359881212077,1.7765704492736694,0.9157709340542934,0.2000000099679682,0.649797096704845,0.1796445466807507
37,-0.707367555041653,1.4961049904121382,0.8619754723891799,0.9036554356898172,-0.1999999257064622,0.0486883588540954,-0.2000291031345105
16,-0.3130594243784585,1.1333011506314137,1.6151582552309485,1.7879175580924744,0.1999563689250836,-0.0331331765715807,0.1975494198174625
17,-0.21599054407400817,1.2005992419937948,1.7449727699371689,1.7929202292833246,0.16633043322876817,0.20000000999499762,0.19897295150875352
38,-0.7691183772019924,1.4174165910857104,0.8863196518162275,0.905967994248503,-0.1999999147584664,-0.1837566871123039,-0.1996002820802578
23,-0.3735001325070126,1.7080127041043922,1.3385513179426836,1.6108562545422245,0.1999083029584438,-0.1200932995591513,0.1957723244122014
0,0.1000000000000001,0.2611111111111111,1.5707963267948966,1.5707963267948966,-0.21350118027676815,0.14798275135700062,0.14798275135700062
21,-0.3763076283127946,1.5376643839455015,1.4768878098689306,1.6329107695684553,0.0454812140571514,-0.077427268273905,0.0461319056608227
31,-0.4146429975787746,1.882697793382686,1.5439361154323623,1.0103989123122892,-0.1999791435230575,-0.3521523624381886,-0.1900945814566552
23,-0.3744440441121347,1.7294131698668709,1.3923989444203753,1.5574748652041182,0.1988780181034723,-0.214774894402155,0.1997037830609294
1,0.032502552988009,0.4353853463997649,1.4805690260598894,1.58527962004709,-0.1533413999977056,0.4401173267599941,-0.1571016043909498
18,-0.3595864742787475,1.343909420564663,1.625755085167957,1.665532667910563,0.1997706139550877,-0.2784128941989843,0.2007197578270179
16,-0.3028969748473785,1.1568352774319677,1.6211618890646484,1.8106036913790904,0.1999677747863109,-0.012312174893156,0.1966221032990211
0,-0.0333333333333332,0.2611111111111111,1.5707963267948966,1.5707963267948966,-0.023504231910695932,0.11620258918021101,0.11620258918021101
3,0.1017920456381505,0.0513908024450728,1.6934575623603534,1.5338023647200336,-0.0458468908010933,0.3587469568783079,-0.0395605371319234
18,-0.3596244193307144,1.3087151709866336,1.6046719514477934,1.6738531606251703,0.1997295701601874,0.0016966192687186,0.1992400758732563
11,-0.05128079244796248,0.7683157699754737,2.087289928873928,1.9998687408131288,-0.1592875206908096,0.19997004088409387,0.1978156580768929
24,-0.3556260860105142,1.9187687191189489,1.3155259672356774,1.4994823238372703,0.1999166037478048,-0.2665063831927913,0.2014184995254787
45,-1.0179661181280482,0.854074809876456,1.260413685709425,1.373683538016693,-0.1999999980137427,0.1323830033406252,-0.2002146591828967
19,-0.3599482875268782,1.4187144851895876,1.4802039517461298,1.6955000022920212,0.1999599234192829,-0.1083168554812752,0.1976575316644844
26,-0.3727460060939611,1.952365441226775,1.1816382035166615,1.432024099912343,0.1999220611523081,0.0705500699755361,0.1919397925841534
29,-0.35256974666634394,2.098123676043396,1.4988796564749318,1.2562504046412029,-0.35133406153845764,-0.20000000944792035,-0.20258293766898763
9,-0.09993778961750258,0.4085793576591444,1.6139001632716994,1.5809477195629857,0.5208767977102979,0.20000000999426912,0.2016075391797961
14,-0.1653562640555772,0.9589895419283426,1.8207444378255868,2.031715829933214,0.1999955404290085,-0.2197153746686717,0.2001622871384372
40,-0.9204395312767676,1.2095662383073116,0.6635765670396612,1.1308863938263467,-0.199982320561946,0.2159323033707027,-0.1882683484866068
3,-0.07621211805109344,0.17856806255415014,1.7003955144588714,1.562243613745568,0.36812356383973355,-0.19963314829011441,-0.19266154761826562
25,-0.3570943371596153,1.943522268458912,1.2280628275828445,1.5320645528661734,0.1998780063333241,-0.2076027880151041,0.1969272496368546
12,-0.1743921350765782,0.7605009606285698,1.8005475497420689,2.0265061693434245,0.1999774444147228,-0.1629724808962191,0.1985452219319875
19,-0.2802645078420332,1.418330258836322,1.59352368216219,1.860547889625374,0.2000000099934978,0.1894436774721819,0.1879133786875129
35,-0.6321080700397048,1.6009694207202854,0.9804362703564752,0.8510642394613106,0.1999999039067291,-0.0737225865759084,0.197377419841109
0,0.0555555555555556,0.2611111111111111,1.5707963267948966,1.5707963267948966,-0.13314918461655306,0.09196572826729815,0.09196572826729815
0,0.0555555555555556,0.2166666666666666,1.5707963267948966,1.5707963267948966,0.1494447317595282,-0.1330514787818678,0.1494447317595282
9,-0.0619351960867697,0.5295634674807969,2.109316581300856,2.0232659628030265,0.1999340884861316,-0.406476277665731,0.1957008798039581
16,-0.3125946338060796,1.302225889244014,1.6110230379189834,1.7799970099911069,0.1999720024126843,0.017948076981925,0.1968221332958724
4,0.076443580177352,0.3104738173170543,1.6683123968774618,1.5264634122899583,-0.0942644517704449,0.5746294546096631,-0.085193933825989
28,-0.3434625487044786,2.05745327759769,1.4526372777960297,1.2823276154166685,-0.1852885669262097,0.0675730067421637,-0.181462594866224
0,0.0333333333333334,0.2833333333333333,1.5707963267948966,1.5707963267948966,0.2845145498094512,-0.19975880451378794,-0.19975880451378794
38,-0.7824036058116154,1.399378390772831,0.8877686747536075,0.9652946766156076,-0.199999914186398,0.0307785664408406,-0.1996375622853111
45,-1.019442305277214,0.8402379261030622,1.3851530214810488,1.3441879441226754,-0.1999999860331121,-0.0487914606179355,-0.20003201445281
3,0.07802377735897616,0.278196416404166,1.5452183532204966,1.5821536398905838,0.514332006568753,-0.15412736838043473,-0.15592151697360843
4,0.0567477924932295,0.0775494474095799,2.030253163241089,1.4591133706673132,0.1351193864964407,0.2897424664731356,0.1293371870738364
0,0.1000000000000001,0.35,1.5707963267948966,1.5707963267948966,-0.3774983538941273,0.14159334122688672,0.14159334122688672
8,0.10071467180465234,0.5190948826110262,1.4913887671196786,1.5392969996001817,0.5555173072100545,0.17950274831904198,0.17663642319668169
23,-0.3817920899821013,1.718340761623539,1.430313585606554,1.6007295764012486,0.1367144501271604,-0.1657431571464931,0.1375449228699945
0,0.0333333333333334,0.3055555555555556,1.5707963267948966,1.5707963267948966,0.31367196508585893,-0.19990491426387783,-0.19990491426387783
18,-0.3495799279796302,1.3582907153000512,1.6271022607763903,1.682425270902448,0.1997921949947108,-0.1704116959219851,0.2004288153903647
23,-0.3709119336834929,1.7848803931632922,1.3701855025035812,1.535795058002846,0.1998048406608389,-0.0612540470543452,0.1980809159352755
1,-0.0999665483357253,0.1922637875942792,1.5817712316921462,1.5676160550143916,0.1998617878272121,-0.377889688565391,0.1993068734379882
21,-0.3513877262274597,1.5640957831276616,1.533169539715999,1.707693401138227,0.1948717792618704,-0.0923291325001694,0.1935147419094718
44,-1.0096513201563913,0.8964183654348896,1.0730920126383876,1.4237343121284385,-0.0790066497334474,0.5436388502014553,-0.0928733289659116
3,0.05589514658498087,0.3087706407127669,1.7558605379898617,1.342406372970482,0.2384186727698468,0.0003941638072344278,0.009940013151982443
29,-0.3636235526008367,2.0196604932313176,1.424008153181861,1.232421076198873,-0.0431935498312124,0.0844769230743947,-0.0407946632059343
31,-0.4159148281662848,1.880499115791631,1.5421919387712673,1.009614261836736,-0.199961459485204,-0.4379231088047445,-0.1945028134245577
16,-0.3272213064259416,1.1424769428356485,1.6148915336583394,1.74791313969879,0.1999879078281232,-0.0405486379754887,0.1987589427386832
0,-0.0555555555555554,0.2833333333333333,1.5707963267948966,1.5707963267948966,0.4261357513229632,-0.19993785202596379,-0.19993785202596379
28,-0.3390414155589066,2.0726249098380984,1.4434275207693874,1.2933391293894636,-0.199949003198301,0.0208416393327672,-0.1973895137991108
3,-0.0446861997470319,0.3809203456166566,1.8335870236146732,1.3615812733332142,-0.0497440404347257,0.0878196391525968,-0.0403120059961564
18,-0.3449794026544232,1.4141175208369363,1.6142833904608165,1.7053064140634344,0.1993171212856345,-0.1426588778315434,0.1997887329154714
14,-0.228895763391182,0.9425559861416964,1.7064960219418306,1.952318721191324,0.1999824032332691,-0.0632689520624521,0.1955100990139948
2,0.05506363574916387,0.26711872783710827,1.51159763435391,1.5813229759267786,0.5148774118450716,-0.005435136111285521,-0.009009021847308115
1,0.07788589953519234,0.2328027739142748,1.582738222615097,1.5688240969343143,0.06890748580514217,-0.1998629444679596,-0.19974772210984168
41,-0.9336239883059436,1.1454326499538083,0.904327262782778,1.1234312757906175,-0.1999992373671363,-0.1301764674468088,-0.1923883208119035
18,-0.3564839380915314,1.344229890844747,1.6265755788507907,1.6707925923406168,0.1997182507884737,-0.2954955795961998,0.200829211079919
0,0.0777777777777779,0.35,1.5707963267948966,1.5707963267948966,-0.41075047818801097,0.14407837052087885,0.14407837052087885
0,0.0555555555555556,0.35,1.5707963267948966,1.5707963267948966,-0.2895187719702583,0.17553538498320548,0.17553538498320548
21,-0.3559707583761297,1.5119725285803878,1.5612911126093092,1.6838923329201605,0.1974500745119871,-0.2771655901569759,0.199357568020931
1,-0.10004106328775482,0.27720460604059866,1.6101516793158392,1.5571349945436816,0.29144672590794557,-0.19986578481493594,-0.1980405321627786
7,-0.0940044626563947,0.4985758099985253,2.095737815399097,1.3731655241774243,0.1999418207721179,0.1005443295971311,0.1566269431459728
6,0.0837148615830149,0.3581147392805004,2.146731384768036,1.495277735690726,-0.0343622228043191,-0.0221222450011041,-0.0286663173562402
8,-0.0686470276391161,0.6045450348834779,2.1684606437990026,1.833478003353883,0.1999763774772329,-0.1929727795197036,0.182516860184406
30,-0.369443547945203,1.9790427709004537,1.5044521062976193,1.194958479828809,-0.199984422362644,0.0382774206062591,-0.1893169070219455
27,-0.3364933098547403,2.113012453126965,1.2452091677689254,1.3473242191164656,-0.0340384318836799,0.2970098492277533,-0.0368887678428791
47,-1.033129848141792,0.7644698471401804,1.5388381486697025,1.3535709281810444,-0.2000000099443419,0.1896850173749449,-0.1930832497287401
3,0.0945353279572578,0.22011972519395143,1.688232293671878,1.4814197681814107,0.3810472881257449,-0.19963168214675286,-0.1875531337487217
38,-0.7782973066558888,1.416680854636278,0.8643019777025218,0.9176276766784311,-0.199999895733056,-0.2226219058419013,-0.1985290159238435
0,-0.0777777777777776,0.3277777777777778,1.5707963267948966,1.5707963267948966,0.10184137238576339,-0.17844750026534514,-0.17844750026534514
35,-0.6136393205716386,1.6309237629849092,0.8921618806217908,0.9330965744675888,-0.199999990644483,0.041482271224506,-0.2000022081218954
7,-0.04131504856418783,0.500691255386995,1.9451924823900741,1.7008252967757629,0.19116048628177174,0.19995655398960796,0.19864095142040097
7,0.0573136188084728,0.4858389155889198,2.279928418253478,1.7243641045452844,0.1999430133646934,-0.0066861228140265,0.1695195313339406
30,-0.3810615249858145,1.9627256537694933,1.5468135409864587,1.132450502297859,-0.1999711409862139,-0.1294724800584191,-0.1882608255786391
9,-0.0791815173309829,0.511520445983707,2.035609686705236,2.059708082213743,0.1999838484522903,-0.3302111690661277,0.2007214616030267
43,-0.9859645332501404,1.0154594032556783,0.8158816782790064,1.300524038328862,-0.1999999789120941,0.3679040962722225,-0.1941086619064409
1,-0.055533637529474676,0.4049400434272233,1.5739187403258423,1.570114490567441,0.41105121413656387,-0.045890025318589774,-0.04573331948048673
3,-0.065948110687318,0.2712964362104842,1.8762480322088295,1.3587124167109392,0.0420929646461987,0.1517180776490091,0.0440866141025163
0,0.0111111111111112,0.2611111111111111,1.5707963267948966,1.5707963267948966,0.3843946861742985,-0.19992810404767983,-0.19992810404767983
33,-0.4563891102856634,1.815073950864672,1.0417429909834386,0.9691501645560706,-0.1999999916905234,0.128857182912594,-0.1985386618737574
34,-0.600141555744966,1.6560548525576533,1.053208692454179,0.8490413748153989,-0.1763031214054725,-0.147536231118432,-0.1756326566188705
26,-0.3457437676689716,1.984504486547415,1.2269166432302336,1.4021365300208102,0.1999771321308399,0.1545303360332166,0.1942212836265562
9,0.03293630708034752,0.4887421139321016,2.1972397743190157,1.8761475953390778,-0.28059732494363504,0.19999919625616816,0.18092175635930344
10,-0.0920913728558383,0.7980849985207832,2.0591600046782204,1.970860061788183,0.1183700821433457,-0.2672169769095376,0.1155524638151853
0,-0.0777777777777776,0.2833333333333333,1.5707963267948966,1.5707963267948966,-0.3612153276471322,0.1997182121031899,0.1997182121031899
16,-0.302024803670588,1.1470534333973477,1.6640314042755229,1.7943307418868366,0.1999671781659392,-0.1894954909143348,0.200734198267155
1,-0.07852897362078,0.3168460615546163,1.4945513443479692,1.5809853451837077,0.0652426280870999,-0.1136214627671379,0.0659799246674341
14,-0.3110722584844473,0.9374080145497145,1.6332862180764005,1.7800306717279326,0.1999791368689585,-0.0356319650960572,0.1983508338475697
1,0.055551704709138144,0.3250503639775607,1.569500678279672,1.571173276222082,0.28326185685827104,-0.1998762656659897,-0.1999233643785494
49,-1.0933564915190963,0.6233544726498764,1.7869784004131732,0.9448972694435382,0.2000000099669398,0.6310019805896296,0.1802570205783829
13,-0.1888464432221863,0.9526978582284016,1.8308174423408108,1.932702382283748,0.1998319875978415,-0.2342393497445818,0.2011781218382726
5,-0.0516293190813796,0.2993447639469044,2.054528304975864,1.1998011835843276,0.0708450719397744,0.1676632754943797,0.0591528135990733
45,-0.9650385803119887,1.1393795144157788,0.7492175052241006,1.2316262202075976,-0.2000000099953808,0.1710997380160103,-0.1851135825219219
0,0.0555555555555556,0.2388888888888888,1.5707963267948966,1.5707963267948966,-0.15858194124158514,0.19985161556140005,0.19985161556140005
0,-0.0999999999999998,0.15,1.5707963267948966,1.5707963267948966,-0.29963551631299107,0.19976529693488188,0.19976529693488188
36,-0.6622008933194166,1.5763042956170958,0.8868907680068161,0.8727274786717378,-0.1998106253711756,0.1509615546851839,-0.1995767807544255
40,-0.830343933124418,1.3782527665701776,0.7858185449610343,0.8996830322098492,-0.2000000099188311,-0.2549413673955463,-0.1958082897091467
1,0.10008662752557554,0.16963676137232436,1.5997260148313384,1.5623874477315773,-0.1461038096302885,0.1998058631277002,0.1991211938407501
2,0.07780646511797738,0.24036769414584563,1.5962830279630165,1.5628382835134398,0.12720442078983893,-0.19982854300628564,-0.19929144159398232
41,-0.9204043636898038,1.173538211316098,0.8021398599068301,1.1197907794800472,-0.1999999830519174,0.2168391247094322,-0.1967669955510017
3,-0.1022637531911502,0.3957309377453626,1.3318629861284572,1.5263678274250994,0.0611807971095203,0.5354815635564765,0.0496773139481422
32,-0.4623033513179012,1.809734449618399,1.3964217030266566,0.9240377795874694,-0.1548891676875609,-0.5451810843160508,-0.1627329601437198
28,-0.3427151244752753,2.060444056963612,1.4482413544751882,1.2825884015133433,-0.1824135280500452,0.0766985265039179,-0.1786517193562463
9,0.0492769569147358,0.530489105898748,2.240706782288451,1.8754261608475928,0.1999809208554779,-0.0524117754277563,0.1849146825322976
5,-0.0083443301227454,0.1466534964002871,2.225527397993164,1.4155995252446754,0.1999599957926336,0.1099518731099888,0.1458456757920924
0,-0.0111111111111109,0.3277777777777778,1.5707963267948966,1.5707963267948966,0.38909411936052873,-0.19971430670961426,-0.19971430670961426
0,-0.0999999999999998,0.2611111111111111,1.5707963267948966,1.5707963267948966,0.1996598628920979,-0.4514429050159172,0.1996598628920979
47,-1.0222382312745957,0.8136015567956522,1.542004201692715,1.3667814487767282,-0.2000000099667641,0.1078050539394551,-0.195058217708669
37,-0.7914937982137681,1.409858397152318,0.8468138297544994,0.9226452604335116,-0.1999421604187925,-0.1155876220107154,-0.1984918838978062
41,-0.9451452901450136,1.1161921542917306,0.899191536737856,1.1593869655573974,-0.1999995765797239,-0.0774325491204424,-0.1912754319756673
44,-1.016174942108464,0.8671991878447711,1.034829671486595,1.412464290793788,-0.1140939529676486,0.5939446276252381,-0.1279549170729002
2,-0.10013387220419291,0.2721425390332719,1.6349419663336615,1.5476666830722343,0.2448267832247387,-0.1999454609267763,-0.19705043321746016
4,-0.02084712905493,0.2371225982248036,2.025367488661251,1.311976276873809,0.0149075469806975,0.1600355138739649,0.0217450496961828
41,-0.8329199096124186,1.2912369646043025,0.8159661508826015,1.0021038035697505,-0.2000000099612978,-0.1078313421865661,-0.1945497022471756
18,-0.3451963560752288,1.4980789369699037,1.5865919482888242,1.7040613759649057,0.1517127731633474,-0.3833666635820233,0.1551602652815588
0,-0.0777777777777776,0.2611111111111111,1.5707963267948966,1.5707963267948966,-0.309776044833377,0.19991515568211382,0.19991515568211382
29,-0.3590443571238017,1.9905511691015227,1.5517950106136724,1.1706820548950998,-0.0486873455940987,-0.0061228869426528,-0.045421832147101
33,-0.5041925116908558,1.7373854673298434,1.1407829312857918,0.9409036521386884,-0.1999839841805759,-0.0706517684871381,-0.1974052119263901
43,-0.922403909793392,1.1184719568949326,0.9036379358170056,1.1592195369719975,-0.2000000099574107,0.1619147843461258,-0.1975966326681917
0,0.0333333333333334,0.1722222222222222,1.5707963267948966,1.5707963267948966,0.4067251970228847,-0.1999191914260118,-0.1999191914260118
28,-0.3345826279066242,2.132494984101568,1.356665406746588,1.3038669029215513,-0.1999744588341146,0.0097817011529015,-0.1996441690527756
31,-0.4079052022282096,1.9173230302398352,1.522562484410007,1.093359348541978,-0.199947523877864,-0.1601979674432047,-0.1884783935827886
41,-0.9201093276244364,1.2204362139250668,0.8345378596575532,1.1116116114277437,-0.1999995842293882,-0.0878856013919756,-0.1899675596969986
25,-0.3436186883615059,2.0400595073982366,1.2252970809473478,1.3971931529704724,0.1981815156544068,0.1610946899354738,0.1925052215048118
1,0.055581882394593385,0.3145840941981177,1.5734934015807251,1.5704252086583705,0.2109721223346099,-0.19985517539626482,-0.19978950448220104
32,-0.4478222906516854,1.8379296899569744,1.4481871126489976,0.9625018728454382,-0.1869575138995031,-0.3166420605222757,-0.1801181733645979
37,-0.7723401207865718,1.461877930808,0.7585769795442661,0.9139149006077508,-0.199998173081463,-0.0612785005331036,-0.1966419923438946
28,-0.3403656737827899,2.070641649315624,1.4328996736884738,1.288722629330212,-0.1979698573343229,0.1111950935220232,-0.1943181878982716
31,-0.4068631019729652,1.884400822249156,1.534654622377071,1.0592546022194596,-0.199987772161923,-0.2358124734699757,-0.1886040681429413
4,-0.1086097358112155,0.5226859569235621,1.5382979614186212,1.3878239957883851,-0.1981898729228923,0.3667374014831052,-0.1904527132438012
24,-0.365651312596788,1.8397410912961183,1.3020138833767114,1.5301557485278212,0.1998555921984799,-0.0789197745079823,0.196461911604829
49,-1.1041754601992952,0.6000101231620298,1.800027235176318,0.8955534563556161,0.2000000099751914,0.608620514133753,0.1714635307916822
46,-1.0153737167450343,0.8352273999937119,1.3921017836619296,1.347905090226854,-0.2000000099151822,0.0641461332766446,-0.1995212945182119
0,0.0555555555555556,0.1944444444444444,1.5707963267948966,1.5707963267948966,-0.2005827059256199,0.19953881470929893,0.19953881470929893
10,-0.1162542694436403,0.6417881992495796,2.079925383486987,1.8585454852098988,0.1998040115608124,-0.373321328153253,0.1867306292951278
27,-0.3224985796501164,2.1574576636870426,1.253236982655576,1.3380017341732493,-0.0911935239830827,0.2787182069603902,-0.0932258242814584
20,-0.3610185279552006,1.4943963740835335,1.646100854280789,1.639757766678707,0.0271050482268862,-0.0979985910613191,0.0270423419981971
44,-1.0144967503964926,0.8776634677185687,1.0626170067033875,1.4099913463962097,-0.160930091532871,0.5831757620914999,-0.1711707675808912
41,-0.9404730726361894,1.1151374894044612,0.9235473858780824,1.1411781568336494,-0.199999198968744,-0.1138286991624472,-0.1928238131794974
46,-0.9756449603602868,1.0945314515744498,0.7651213589749499,1.3731534967988548,-0.2000000099537341,0.565871259248535,-0.1964803469726112
27,-0.3302472645822287,2.1101191123695724,1.2771747815309764,1.3454006580294378,-0.0828313903686374,0.3114497843149952,-0.0847619299452236
38,-0.7688218315387673,1.4631375449635478,0.7875873341915622,0.8839791591789368,-0.1999999076164954,0.0038687767639245,-0.1991087229685487
12,-0.0260778608782515,0.8066239369846351,2.1444673232675324,2.05252864304987,0.1999849724833162,-0.254734480945486,0.1968016618740437
30,-0.3790507522857365,2.022414103630908,1.4522515377895715,1.202083116485836,-0.1999952819570787,0.0094294648936814,-0.1935361342338543
33,-0.51883594003572,1.7434984371500128,1.1603488615855135,0.9078886842455324,-0.1999145253976247,-0.2570121013627175,-0.1999972271047814
5,-0.0155294685037385,0.1789817445219441,2.15812759532408,1.3729620501626794,0.1923871983885094,0.1288640358054996,0.145179877379064
0,-0.0999999999999998,0.2166666666666666,1.5707963267948966,1.5707963267948966,-0.4128075021401451,0.12677282556665864,0.12677282556665864
26,-0.3364869090227331,2.0391749019993792,1.206437541734781,1.403323034407175,0.199873659240911,0.2818656806853143,0.1904984739542448
15,-0.3123346547389196,1.18577401663821,1.668190937062799,1.7573979483387938,0.1999917985397761,-0.1398185438998071,0.2004421954735341
6,-0.0047945040210783,0.2245298492727306,2.2805033345481576,1.623961563089377,0.1999640083884282,-0.028466420114903,0.1566555142624683
35,-0.6464857388215967,1.590764408393775,1.0236621854851946,0.8283460144668384,0.122266167465067,-0.2647613884471639,0.1148030404600068
9,-0.10900022058225448,0.6285120479926481,1.7423583279497157,1.6280350555947607,0.3764441744360098,0.19995509217488514,0.20294409164416144
46,-1.0216841054014725,0.8304436388244869,1.2769634241061838,1.405875025443688,-0.1903205870927371,0.5695319543702203,-0.1960629925672998
41,-0.9289174728062368,1.2166607057735264,0.7813574001128618,1.2290553094738736,-0.1999999806096265,0.4712458587388484,-0.2006890229993835
44,-1.0214924789798487,0.8330654468883528,1.308749014186264,1.357815262508799,-0.1999999579558832,-0.0022555757741879,-0.1997481938065946
14,-0.1304654136511379,0.9538940582298332,1.9600431673019585,1.9885149540979343,0.2000000099647345,-0.3673305940073988,0.2009646657111839
0,0.0333333333333334,0.2833333333333333,1.5707963267948966,1.5707963267948966,0.2845145498094512,-0.19975880451378794,-0.19975880451378794
6,0.07824561938556443,0.26099562277548904,1.6471046331014971,1.5531199934477626,0.5794085992700311,0.15612152068704047,0.160870046131534
9,0.015455237723868455,0.5934044118591438,2.1583562488164025,1.8518099575450992,0.012175965135627286,0.1999671468276759,0.19101240408443504
4,0.0430442555488596,0.1046085900272453,2.0491671222437366,1.2611378475771218,0.1999360464095627,0.3422606942440169,0.1652687476953224
10,-0.1250590851849584,0.6313622484456712,1.8925489356333765,2.079221198312648,0.1999203802751663,-0.2118657025318782,0.2003792330233963
36,-0.6778294133615426,1.527645945166089,0.8865918436091262,0.9042037689530076,-0.1999989540014092,0.0757423702878127,-0.2001013269749736
27,-0.3292791967398853,2.1385814619110564,1.243559438863132,1.345761165193608,-0.0840114367503285,0.3070285595437276,-0.0867054857952582
6,0.0384350072203165,0.5516175175762806,2.275087933683027,1.6890925575719204,0.1999837760806871,-0.0103791922916059,0.1660448888275085
11,-0.1551553143529314,0.706479507911501,1.847522988966607,2.034739178358611,0.1999624551818676,-0.1863912322834844,0.1999375432000246
34,-0.5864993980159957,1.666907344101087,1.0960270970566437,0.8493383175039774,-0.1263443460290299,-0.3692025962886628,-0.1315351553479072
42,-0.9776375568270116,1.0268763598942052,0.9557783651530176,1.2756369943047243,-0.1999997706379334,0.0916162299556655,-0.1927364688686169
16,-0.322676692441561,1.18375562580238,1.6342377091140494,1.754785617165029,0.1999836916138017,-0.110620000446749,0.1998626626916491
37,-0.710685162034586,1.483105450934162,0.8677505365513367,0.9077368110871084,-0.1999999267106067,0.0578177230391688,-0.2000711877877964
3,-0.0775030843158447,0.2679861218700951,1.5477921514099027,1.5817209207987664,0.48799249171113473,-0.004913872593373847,-0.006566425361544565
14,-0.1796376962497841,0.9812980970348888,1.764338740813173,2.0381471491643124,0.1999853599022484,-0.1565612146787565,0.1967689368388589
1,-0.0558084217025387,0.24793227959132996,1.5845686519842923,1.563529553638433,0.3170887680416126,-0.19984052079162692,-0.1991292163913088
29,-0.3622143342606473,1.996961581794224,1.5456143586054556,1.212413055478151,-0.0864163944732933,0.0840217391094138,-0.0789154062314715
37,-0.6241531919497303,1.5592185096155662,0.9312188618287698,0.930506648047324,0.2000000097305822,0.2462477067122483,0.2000174971052891
5,-0.0982586951583944,0.1897112670516372,2.026818013744803,1.4579456370446644,0.1996660596938015,0.2220077184456209,0.1801796047386634
1,-0.03334306186778722,0.25895292261766,1.5695535066213946,1.5710445510656423,0.4571975572461389,-0.19678533019169572,-0.19685328160633755
0,-0.0999999999999998,0.15,1.5707963267948966,1.5707963267948966,-0.29963551631299107,0.19976529693488188,0.19976529693488188
20,-0.3625458523109343,1.5399087693007247,1.5408016692000943,1.659969077419136,0.0136153557525601,-0.2944356650697234,0.0170192100867077
16,-0.3280351966556876,1.149468955931224,1.637209342044191,1.737375937833098,0.1999659997015556,-0.1396988901361694,0.2003606514848865
35,-0.6755111760783918,1.5490105380055217,0.942806939165039,0.8703358484864698,-0.1999307962998989,-0.1727465270375845,-0.2006568192372298
18,-0.3394415734866909,1.4016836211445325,1.6216530154272069,1.705721417292266,0.1993081831024332,-0.1905172376744821,0.200204054927828
11,-0.126707502565975,0.6656529817057674,1.8855736737582485,2.0485319684578465,0.1999804405451452,-0.1332494024876026,0.1994928423236022
6,0.07814119652843071,0.26092895140722416,1.6454445021834712,1.5519903760913887,0.5816403401252979,0.168793191752633,0.17348439592495984
45,-1.0345350270235747,0.7658480616902033,1.2279625385917454,1.4130013563596906,-0.1001375598136862,0.5067840534137389,-0.1077521731293879
0,0.0111111111111112,0.2833333333333333,1.5707963267948966,1.5707963267948966,0.3619618378537095,-0.199780030950674,-0.199780030950674
14,-0.2884364061043693,0.9467171009311034,1.646527520155375,1.8363258263044324,0.1860363346095047,-0.0422597412965205,0.1834928269662229
13,-0.1239026166788914,0.8826072708470114,1.881319396501441,2.101055106383153,0.1999704195482737,-0.2034183476707453,0.1995960932554612
6,0.09962928064759509,0.4213267203452964,1.8963037164677035,1.6548494500364803,-0.020126820327725267,-0.011305860114196918,-0.011459153794226276
9,0.0826082831512602,0.6172414844833766,1.8777510368581103,1.6979921382905965,0.21272262590316057,0.19992248374945842,0.20050441655364276
49,-1.1026952204164706,0.6043229346751837,1.802283555963145,0.8930585322958576,0.2000000099662012,0.6005383924033043,0.1702556410042944
30,-0.3535613868609333,1.949821468606986,1.3846459235739963,1.103593789060486,-0.1999929946837206,-0.0109685073671751,-0.1924503279853295
46,-1.0502525874944668,0.6961081332359024,1.3823867246422668,1.3538217974617397,0.2000000098036863,0.4979512279528288,0.2013406204707871
48,-1.068430687533122,0.65818234213232,1.6324814557794958,1.1667600945840608,-0.2000000099466892,0.2823309177061768,-0.166021017932351
3,0.0797854249822109,0.37986615402761725,1.7474063085999827,1.5564342187755602,0.20539944211070787,-0.12155570439271003,-0.11544708728931627
10,-0.0295881455293661,0.6127714278928665,2.1453602061889985,2.0752168822377763,0.1999798803960791,-0.3727536628979003,0.1968756483791729
22,-0.3801970996584075,1.668114010603028,1.494857002566929,1.6026041021159991,0.0996946493993542,-0.12908683392075,0.1005046931955758
9,0.03527593347728649,0.6120122063911795,2.3993291119721274,1.2076863347054059,-0.0717020431583055,0.1925811763102226,0.0646199287347543
19,-0.3607533950969536,1.4578889507620658,1.5418964128153982,1.6781066180034865,0.199665833249678,-0.1968545970202198,0.2004895500191953
28,-0.3426257813617584,2.0718222750895983,1.4257273775519907,1.2807203953631108,-0.1562162473640971,0.0917944285153181,-0.1532503183328225
40,-0.9213317394593438,1.2156641379473596,0.7523268828243153,1.178229626727629,-0.1999998927121332,0.3023639404908638,-0.1946250866448743
0,0.0777777777777779,0.2166666666666666,1.5707963267948966,1.5707963267948966,-0.23589875468743174,0.166616393543175,0.166616393543175
5,-0.1247647499146458,0.3205246878064962,1.8409493584374408,1.2596368904431945,0.0665514650515223,0.3154915691475365,0.072944212714695
25,-0.3624086348076451,1.924068145851756,1.225159605332971,1.502481486311356,0.1999165017948884,-0.1256706333397559,0.1957187340877837
23,-0.37698205420777,1.6846493372980405,1.3749490813481744,1.5789681885377338,0.1999195036459637,-0.1339015828612221,0.1984861472280258
33,-0.5346833664419944,1.669891688664597,1.2601161743565967,0.6424512153212449,-0.19313154731787452,0.19999975905566134,0.15186151116215973
1,0.0290222956836434,0.1651724834791494,1.7571063437793777,1.463522830407748,-0.1999194281303243,0.2664924498146911,-0.1836536057631621
26,-0.28978573659919377,1.9734761647762817,1.4407177396062183,1.401739945484487,0.3282404540187614,0.20000000985184732,0.20112718718233852
1,0.07808027631332023,0.41776135542349613,1.6082391711559634,1.5635508178202602,-0.3377528393592021,0.17759415634120745,0.17590799424711276
38,-0.783462440744888,1.3888047232302267,0.938708316333172,0.9474435448905448,-0.1999999906452451,-0.2176506244657778,-0.1998022398951427
4,0.07588618741519094,0.21257291671136114,1.6221081745487194,1.536243919017942,0.5675889546572943,0.15583109307166426,0.1601245742617019
1,-0.0333773822449661,0.3565077168647874,1.5641704807665686,1.5722954541121188,0.4444002476753151,-0.16231573332806712,-0.16267144574939818
5,-0.1076654014267334,0.3537702966326817,1.876320696923144,1.3175687134113852,-0.1172854613440973,0.2705750155532394,-0.0851044312092428
0,0.0555555555555556,0.2611111111111111,1.5707963267948966,1.5707963267948966,-0.13314918461655306,0.09196572826729815,0.09196572826729815
40,-0.888213230806853,1.229748870130403,0.7634661342003544,1.0213775885250207,-0.1999999012150027,-0.0859984512911277,-0.1911913727561159
42,-0.9700609399159807,1.0523727178285072,0.8657586800671856,1.2739155495778318,-0.1999999842745314,0.4159594297368262,-0.2000809663686311
9,-0.1233892427795505,0.5023284709035546,1.8904476119120663,2.0591250932788694,0.1999634073355476,-0.1475612801294988,0.1996026973032599
2,0.07851321306629276,0.5673534482658666,1.6835106732931475,1.5773466872484658,-0.5409838274131664,0.14469972939342837,0.1381525372837499
15,-0.1806320941016855,1.0995061477646588,1.7655954696383986,2.026984942364104,0.1999781342967034,-0.0685609435657623,0.1949570178184327
1,-0.03326255314854636,0.2581765565770583,1.5948283421483378,1.5637934245701475,0.42723840013843783,-0.19984345665418624,-0.1984215051412492
1,-0.10000588298613329,0.16735714881322808,1.5778991925206522,1.5683514784147863,0.20054588998821662,0.0758368734744848,0.07602488947302993
3,0.0961767483982176,0.01225720365475,1.6833229149290236,1.4999345195613432,0.1614170812222441,0.3322444487130587,0.1647692290369967
2,-0.0311122199645056,-0.0006463197184527,1.948710580187432,1.2511177715610082,0.1583781831451782,0.2740411647090913,0.1389832817423981
28,-0.3443107268266409,2.00590854032931,1.4626246291598692,1.2497909117515076,-0.0405546016492805,0.2053935596564311,-0.0353009997701393
0,-0.0111111111111109,0.15,1.5707963267948966,1.5707963267948966,0.3758563771522168,-0.19982546476363616,-0.19982546476363616
13,0.005861344550699814,0.902148550242889,2.371478161928003,1.6149720394839089,-0.31254319553522114,0.2000000099690693,0.12399523649894864
20,-0.3655950213996058,1.5246792896114,1.4582768426564208,1.6594082414182412,0.0424812782157615,0.0101843513234576,0.0414214446367939
0,-0.0555555555555554,0.2833333333333333,1.5707963267948966,1.5707963267948966,0.4261357513229632,-0.19993785202596379,-0.19993785202596379
28,-0.3421309144197798,2.101559055207377,1.3478595965015563,1.3048597463465603,-0.1373401290827183,0.1689047002899524,-0.1364871146960456
47,-1.0235111563763744,0.8574047153882522,1.0047610692787403,1.435445856432339,-0.1648069541217472,0.4666558402433549,-0.1692393562080718
13,-0.0545170542128825,0.8692176305518824,2.081499753950406,1.968248545070768,0.20000000999379,-0.090383838221752,0.1976973753707845
23,-0.3374718266307365,1.8636238622811845,1.381547619937745,1.5795064278081696,0.1997877864885678,-0.2218676450934172,0.2002493784223348
2,-0.0384000369420925,0.1721007645614826,1.797149757933746,1.4411819676251725,-0.1999602716097542,0.2853470513526984,-0.1774804156198616
13,-0.2103602793110605,0.876739779428505,1.721418789872308,1.9863074746427856,0.1999794295141922,-0.033317520235313,0.1938767356575698
11,-0.1378537839008323,0.7614960539105426,1.6526581664246063,1.65577731660333,0.3970087374173036,0.19996055127339676,0.19983574576967203
22,-0.3701045309516396,1.6389061501858817,1.4683433741673464,1.578825990649266,0.1923907195987963,-0.168413997344187,0.1930746124916192
10,0.030529060370001256,0.5469010465742453,2.4270573101534882,1.7109272807844327,-0.5340242672408912,0.20000000996288245,0.11581328019789537
31,-0.4199500316757414,1.8808141569123729,1.5272182490888535,1.0098024825636494,-0.1998913251647341,-0.3651500588699813,-0.1917872480026999
25,-0.30078448897270693,1.875484867695382,1.2034852505965974,1.917644264596399,-0.2813525458540496,0.1999999994691082,0.16955695731648363
5,0.07631157769049113,0.2973558684808623,1.4403962516692737,1.5834416550373487,0.6601808693078337,0.015676879196363645,0.006105351389853048
26,-0.3303079563109797,2.0869489461395987,1.247474279966402,1.3728932410010666,0.0226818745197715,0.3622542781080498,0.017972262466426
35,-0.6169813607740557,1.6137719567879585,1.0640474881845918,0.9226242123753102,-0.1999994033450678,-0.1912345434459172,-0.2006981816199639
43,-0.9326816397813946,1.1399295519048764,0.8182238920473619,1.2220581642424173,-0.2000000099672658,0.3680099021894309,-0.198373068671624
19,-0.3647633271209387,1.424021750659876,1.4882774977838935,1.6791871302396395,0.1998688931256615,-0.1277929844249136,0.1986625808644082
49,-1.083847865155929,0.6592987654249689,1.772496199381356,0.9724116566012142,0.2000000099679319,0.6336736891576653,0.1847899191879731
1,0.055558318992623215,0.1502539282926913,1.6234142641213278,1.5532795188625321,0.3274850695384797,-0.19996366615513184,-0.19717714312460463
41,-0.9739637535392438,1.059114875113064,0.8844671670699954,1.306058694160151,-0.0893375801224791,0.1708263757023036,-0.0885055161909493
35,-0.644078851149221,1.598923876041719,0.9616757117807282,0.8439846789183949,0.1712047448162012,-0.0617769839280571,0.1692950365601349
36,-0.597905515278665,1.6490450898298312,0.8946102593349698,0.8901846604963208,-0.199982627939893,0.2073652363829516,-0.1998888982853455
8,0.0361753242437068,0.4170811783201723,2.281095430397736,1.88913939464378,0.1999820123547014,-0.1349767165346279,0.1796600342911131
15,-0.2209681548277741,1.0704291875915235,1.6860581334737947,1.971186182542504,0.1999923651103434,0.0594814599675327,0.1902447054467937
12,-0.2255372430756374,0.7986742682054555,1.7224380020704289,1.9378958469933447,0.1999698613205706,-0.0608786940772911,0.1966478347959328
0,-0.0777777777777776,0.15,1.5707963267948966,1.5707963267948966,-0.14742041656065838,0.1999558785497725,0.1999558785497725
19,-0.3669926329514754,1.420559744946572,1.6104197080422915,1.6537425834948412,0.1915761395687356,-0.2323181996119956,0.1924025402208095
25,-0.3631047130921425,1.899197949778085,1.2742219533249273,1.443588972362886,0.1999636539152433,-0.1206746122536256,0.1991365783662474
18,-0.3049690833870809,1.3375283683354504,1.6680888185856393,1.787854351963529,0.1997095178864575,-0.1020619488898917,0.1994983644014092
27,-0.332208592928443,2.1192737617639774,1.3120778644844764,1.3253533043906995,-0.1242435567138973,0.2348248118118675,-0.1245443398110448
41,-0.9356707892106164,1.1594478902657894,0.9695077731220076,1.204960597553135,-0.199999891778497,0.0634366450413854,-0.195961526934407
38,-0.7730236179446492,1.3887425837692915,0.9370624529213132,0.8855590946503741,-0.1999998733483033,-0.2700344503135001,-0.2011248258831946
19,-0.367336598894988,1.4444672227523652,1.478827789052691,1.6778339365645425,0.1998541760085448,-0.1531013575229283,0.1989365026311199
48,-1.0643854496531024,0.6848389370031386,1.6221105330224217,1.1610446417358604,-0.2000000099939454,0.3089029427578379,-0.1653725835637025
40,-0.921931572838514,1.2400527406240351,0.6274179685303519,1.1455166352014323,-0.199999882193127,0.1797887435255367,-0.1826560307575376
1,0.07786177356405471,0.25104275390011965,1.5825139433753233,1.5682757160459653,0.029787148648926804,-0.19981362356928795,-0.19975095990506958
7,0.1032487353508258,0.3639310775205656,2.001153873444501,1.6992294906217102,0.1999753625550655,0.3942643066744877,0.2026534504897252
1,0.0760686313769562,0.4111901733579742,1.3839676244286414,1.601557492881139,0.0888243676575257,-0.1139343300554722,0.0891895198513179
26,-0.3539493035823597,2.028476346419499,1.2092915772038684,1.3852221303625394,0.1993278606380092,0.2167186225913243,0.1924579501144102
20,-0.3656888289456703,1.5796707493778102,1.409272496416253,1.6861096097562345,0.1998377540905063,0.0829747620421931,0.1899610528414323
5,0.0998793270046537,0.23740737992047314,1.6480169520389776,1.5488963250062535,0.3314486349951308,0.03008068994153908,0.03321300362834871
40,-0.826519486408324,1.3781016266149315,0.7157900863693332,0.953462054294692,-0.2000000089870452,-0.0946059993430765,-0.1921503429672176
4,-0.1074286662648072,0.0518401923651799,2.008508822448525,1.1466661768102095,0.1445138097198484,0.2644712604421883,0.114158778757212
0,0.0777777777777779,0.2166666666666666,1.5707963267948966,1.5707963267948966,-0.23589875468743174,0.166616393543175,0.166616393543175
35,-0.5441064481839033,1.7069506555797602,0.9454896530467024,0.9215958017761374,-0.199999915646223,0.1659174553935695,-0.1995464237946909
37,-0.7151922266137584,1.471201250140314,0.90436059308245,0.9120265797617744,-0.1999999214416409,-0.0616099429863487,-0.1999468150999243
1,-0.09995900413293503,0.2593994140815686,1.5615244413520513,1.5743935249720762,0.3128474713483109,-0.19983957963449575,-0.20022562672960992
39,-0.886363337257579,1.2836236932654808,0.6764208584997482,1.067172033965018,-0.1999805700547245,0.1955579875004187,-0.1923551495641438
0,-0.0555555555555554,0.2611111111111111,1.5707963267948966,1.5707963267948966,-0.13206905872996547,0.1991717570533344,0.1991717570533344
14,-0.15712689904099522,1.067210990619179,2.3691848282633146,1.0311654716855332,-0.2999928452370181,0.19991321642508905,0.016925886980928374
46,-1.0289074984312174,0.8674847579347627,1.3240163874889386,1.375647641107648,-0.2000000099270137,0.0565699652259449,-0.2000254385636017
0,-0.0111111111111109,0.3277777777777778,1.5707963267948966,1.5707963267948966,0.38909411936052873,-0.19971430670961426,-0.19971430670961426
4,0.09897918889490807,0.1455905195371612,1.640549512640808,1.5368082838802515,0.5770044871139686,0.1391705753576066,0.1443975372677562
3,-0.102535978952253,0.3765222807179351,1.3037346935642065,1.5616384344704504,0.0569388430859179,0.571755984329134,0.0404728155243087
0,-0.0999999999999998,0.3277777777777778,1.5707963267948966,1.5707963267948966,-0.3182789076541286,0.07875920405412452,0.07875920405412452
23,-0.3682912746626348,1.7473393764629388,1.4009833023903573,1.5481269083930194,0.1994625038652368,-0.2077024772998677,0.2003522843029761
1,0.09913603350345947,0.07108335919028477,1.591335485750113,1.5560843958684878,0.06441058871569633,-0.19928026774417915,-0.19892945649160845
23,-0.3721477071786312,1.7490733377550542,1.324678665112593,1.5533186403578445,0.1998112114680932,-0.0892666994896357,0.1966344919278261
4,0.05619215044081598,0.3308887788611229,1.6482742177930216,1.5563683650170832,0.5754532123253707,0.05754992407095321,0.06258835160387219
1,0.09996677735858119,0.2280187164426022,1.588293102630649,1.5645359685491838,0.02719726515719688,-0.1998475827255038,-0.19972658141855787
35,-0.6183339955544742,1.61813882957612,0.9086507333042676,0.8919919746010664,-0.1999999141501648,0.0992621450588692,-0.1998068126155255
6,0.0134930314557768,0.2694779178947755,2.245336134654241,1.615197117647451,0.1999866165533016,0.0554805862045146,0.1648475396083079
19,-0.3530153704817009,1.4213495813210464,1.5155709709302008,1.7017548551947317,0.1999539066525616,-0.1308655569619704,0.198920714800676
5,-0.024951268357128,0.1447780739070571,2.2662854967306454,1.577614390858978,0.1999433422591305,0.0017185908382375,0.1544837183722891
0,-0.0111111111111109,0.3277777777777778,1.5707963267948966,1.5707963267948966,0.38909411936052873,-0.19971430670961426,-0.19971430670961426
0,-0.0555555555555554,0.2166666666666666,1.5707963267948966,1.5707963267948966,-0.1459848140978977,0.19981138019172734,0.19981138019172734
8,-0.1098624808044609,0.353343103633388,2.126093791381715,1.7993206468170244,0.1999731621310481,-0.3128329103709772,0.1793496136364417
1,-0.0603839996271225,0.1886195266134557,1.7838642024372104,1.4485444858318628,-0.199919164669165,0.2264381585302952,-0.1813332711448104
0,0.0777777777777779,0.2388888888888888,1.5707963267948966,1.5707963267948966,-0.28746119666940195,0.1544764426949534,0.1544764426949534
11,-0.004763387563788067,0.7805270621858201,2.3544974142082564,1.5969691739463863,-0.08405227307113647,0.19997229369496217,0.13951173427635444
1,-0.03324711790713036,0.22821552961494337,1.6177951730643905,1.556316380387158,0.3797664184246598,-0.19992935917765833,-0.19721835986160208
31,-0.4084993068435865,1.9288405515344031,1.5197903387435363,1.1021750367194336,-0.1999181204797887,-0.1388907076520154,-0.1883700581158446
18,-0.3637887816175486,1.4112436063715617,1.5787370652431885,1.6567281587474667,0.199941194721237,-0.3166274398691097,0.2018003300403922
10,-0.1217400504119943,0.7489475152463548,1.914064431408185,1.9967035377930964,0.1999390666267259,-0.0903111956633634,0.2000022154178271
0,0.0333333333333334,0.1722222222222222,1.5707963267948966,1.5707963267948966,0.4067251970228847,-0.1999191914260118,-0.1999191914260118
8,-0.0656279424337836,0.4360320487763647,2.169392264413425,1.9088916592008436,0.1998674085171475,-0.353808897549731,0.1840112601505403
41,-0.9255040621351558,1.1541894915384936,0.8097369290573516,1.1287838053676704,-0.2000000067297473,0.2239263850102414,-0.1969306805247733
0,-0.0333333333333332,0.2611111111111111,1.5707963267948966,1.5707963267948966,-0.023504231910695932,0.11620258918021101,0.11620258918021101
8,-0.10803720728862541,0.5137017125383216,1.7364868911265585,1.6499636077217896,0.34623433921690694,0.1999786138244222,0.20222252965766865
14,-0.0893753351287371,0.9592005602049248,2.0498871425655016,2.003535753854078,0.2000000099927736,-0.4108754734332561,0.1978814203113863
47,-1.0235676518123162,0.8063541621412651,1.5420383599258098,1.361499007887154,-0.2000000099674961,0.1077850861026684,-0.1948140167458409
17,-0.3411206093713076,1.2295053568763992,1.5945584626805012,1.7187901251925812,0.1999721170852318,0.0612511094987525,0.1976719883825503
5,0.0153183885040312,0.1710703930415287,2.258873122824685,1.4559316072913575,0.1999633973257341,0.0813285648652607,0.1447440889868535
49,-1.0930683120489553,0.6287025277407486,1.7791864526281826,0.9400143114232564,0.2000000099675749,0.6409131973142459,0.1813055472594111
1,0.03332208611821149,0.33033440812943404,1.5442592399802546,1.5794925796712886,0.43573565114527907,-0.1952448684097867,-0.19665861820792685
0,0.1000000000000001,0.3277777777777778,1.5707963267948966,1.5707963267948966,-0.3521421311467152,0.18248983633270013,0.18248983633270013
21,-0.3674250643934115,1.7544179083905886,1.3313167432259791,1.536887570057584,0.1848860957284367,0.0621964768124473,0.1797236575494964
1,0.0545670007261515,0.2945761688511771,1.4705049738320222,1.5842132761031813,-0.1997590834678335,0.2978310848881908,-0.2018483675436499
2,0.05556215026846769,0.2774901823532363,1.5730673233654837,1.570134592604614,0.4843646827904301,-0.11247847987411305,-0.11233594524899278
10,0.0306734355295684,0.6432894348683893,2.193314287725711,1.9674582864057035,0.1999926501014608,-0.057516103504683,0.1936253712133022
2,0.10063437203837314,0.16828710104860228,1.6941586482014994,1.5392511442621595,0.18102824880393753,-0.19981140561459926,-0.1946257635755764
9,-0.1595262964879114,0.552646227846267,1.8760641283694373,1.9391337202197856,0.1906371046235229,-0.1214567377639917,0.1910235896310352
41,-0.9311809056306573,1.1598677121529966,0.805475498400783,1.1600803174478465,-0.1999999332211277,0.2658801440768424,-0.1967885777080794
33,-0.4980624297381933,1.769278444580544,1.2758274635400184,0.8954782477812805,-0.1499027519568983,-0.4803740682232634,-0.1570235940755884
19,-0.3156183466677916,1.4117863902667205,1.6685186582089169,1.7598716149198783,0.1999378693477517,-0.3533658982451355,0.20232778624991
6,0.10096338484874262,0.24960479498886695,1.6654329151522855,1.5614848988999426,0.4192474746571994,0.17119585212128835,0.17462193318168667
43,-0.9488758556298892,1.1400512055219547,0.7460658506963331,1.2882455575076897,-0.2000000099587641,0.5517025983524938,-0.1997852968640793
6,-0.07908268846773327,0.1836637400050199,1.615856735096548,1.5421007381676022,0.49897517236181577,0.17290159342706404,0.17610842414004624
3,0.0107628998324183,0.0607819761874527,2.0756215231689943,1.4252786292480684,0.0081717541238787,0.2464025178412979,0.0214223755648826
2,-0.10099448135412882,0.5284791094569188,1.4990999315462865,1.5800804482250081,-0.17811634435847049,0.17012828977381705,0.1710115765346813
18,-0.3469729103183721,1.3197882140041155,1.6328456156128586,1.6945619715652405,0.1994576757679723,-0.0181118029793093,0.1991896467974072
8,0.10534023681534459,0.48625378631036437,1.631221935215569,1.554330425552135,0.44528279007975996,0.19995779491398935,0.20278745421750996
20,-0.3812888322370998,1.530725435201795,1.3952031182211977,1.6090095095735608,0.1166069106451356,0.0691573075737245,0.1124844245816473
16,-0.2145208488783626,1.1577526566228251,1.7004691719061142,1.9815764863576144,0.1999749809983855,0.024825335115907,0.1914370267116395
38,-0.787564180340678,1.391231557126739,0.91490632908731,0.9739426978833994,-0.1999999151260101,-0.0719383501192413,-0.1992270359648821
18,-0.3637347122855606,1.3596854990977916,1.6250128574400968,1.6519510053795383,0.1996325727130047,-0.2991251571780723,0.2003658343479841
27,-0.3283384927418333,2.098656846106995,1.335558014259739,1.3307159389430503,-0.1180703798600458,0.2708484040847649,-0.1179378494170613
28,-0.3440510580672549,2.043861070885958,1.399836974719782,1.2883396782449492,-0.0670240216645461,0.2609304929259379,-0.0637045632970131
13,-0.2847920628915105,0.9248328138520292,1.6985676386057706,1.7995894066348397,0.1999648002102504,-0.0752893736707088,0.1997046010753291
19,-0.367923069953506,1.4234474514132416,1.5379813014021622,1.6671169000940784,0.1999223102454508,-0.1718921214360036,0.200471247906227
0,0.1000000000000001,0.2833333333333333,1.5707963267948966,1.5707963267948966,-0.3828280666889024,0.12651627597840148,0.12651627597840148
28,-0.3376688273207814,2.0223811765899966,1.4538055552567344,1.2582908976028655,-0.0707926119856605,0.2025819906875018,-0.0655082691729244
20,-0.3633317134943558,1.6291651877023994,1.3558444764643438,1.6690717578531666,-0.0197640945235255,0.1029739742559546,-0.0219753968816918
1,-0.05557534119947141,0.3844836069817675,1.56675119797257,1.571846269364473,0.43253166037138185,-0.11185691837276861,-0.11207584350234531
21,-0.3746172722563015,1.5697800410768254,1.4748671233820372,1.6565005896280325,0.1996498417532622,0.0399797583697843,0.1956434101973834
0,0.0333333333333334,0.2166666666666666,1.5707963267948966,1.5707963267948966,0.2462540891317297,-0.19979092262004983,-0.19979092262004983
38,-0.8055739496113675,1.4057940004630989,0.7475373063008561,0.9201885401952506,-0.1999998906193861,-0.0229790422250119,-0.1966316766449199
6,-0.09914527925010365,0.4167085779930009,1.6312874744699748,1.5740811670314145,0.4727722180546059,0.19965847729132818,0.20203494943184896
37,-0.746520745135098,1.4650804845532497,0.82427454930243,0.8942810172264417,-0.1999999900165897,0.0382024834954496,-0.1997773233061836
7,0.10076872599193624,0.4358621132907734,1.5682608478067497,1.560512775093618,0.358814634806916,0.06714963723101065,0.06742563106288148
31,-0.4042683189511638,1.9238909754917544,1.4939892174130318,1.1043189300821616,-0.1999848062792391,-0.0984643331382438,-0.1887333147511446
7,-0.09508973959374228,0.33623626802244655,2.1123398086619547,1.5650129868328397,0.012756701696261342,0.19991503629778087,0.17137505693724656
0,0.1000000000000001,0.2833333333333333,1.5707963267948966,1.5707963267948966,-0.3828280666889024,0.12651627597840148,0.12651627597840148
42,-0.9667570075941042,1.0677992352190768,0.8818169949968941,1.2656935330185124,-0.1999999850972734,0.3660158958092896,-0.1991518833136182
1,0.07784392011477256,0.26125213514488416,1.581798312315021,1.568166969750843,-0.22988731331325343,0.14593084198919581,0.14560392667153238
23,-0.3654595863618276,1.7677660658087757,1.2765547398683736,1.5410947991987658,0.1999361931622814,-0.0290772462369616,0.1937412543752169
2,0.09893823701768346,0.3276532533939678,1.440849449137021,1.5962082708073069,0.040435078762385585,-0.1762101704095575,-0.1747135784589605
6,0.0101791108294162,0.2517349390522029,2.1891005048013628,1.4347329241750146,0.1999869021302505,0.1741330616530411,0.1576565319028466
2,-0.07783673931629906,0.1990815308439033,1.5546485977855067,1.5753179209896495,0.45138152194295356,-0.12202442836071352,-0.12293127222118976
26,-0.3570173032191715,2.0063317319516334,1.151994648969337,1.443327302468838,0.1999737328720744,0.1568024434318246,0.1870434090599816
4,-0.1004135578915979,0.074004531799198,2.03929849904077,1.1688698206790116,0.102526289206406,0.2327499330265631,0.0838742571306516
46,-1.0222158706933318,0.91346085729975,1.2335109627666252,1.379366513989197,-0.2000000099746528,0.0967533112370137,-0.1992825969462499
40,-0.8292621343061748,1.377275707854234,0.7539305127327214,0.952326567410133,-0.2000000082216469,-0.1444191229165513,-0.1932303433438884
27,-0.318291763567247,2.1398608398546823,1.3627990155768313,1.3248456635277863,-0.1999131753574863,0.0740759182859007,-0.1994881340308704
28,-0.3277752055492144,2.0851681957284773,1.477233940110762,1.2901712062716302,-0.199979216291685,-0.080396538613757,-0.1979856882619824
39,-0.8425860448286357,1.3700795391697713,0.3661738027447621,0.40233015792175253,0.21387547781171726,-0.2000000099773844,-0.20064242330883672
1,0.0757731094294452,0.4060577846665212,1.3685961514176448,1.5977998422956223,0.0266341122587568,-0.0316001637084153,0.0266555294098955
0,-0.0999999999999998,0.2833333333333333,1.5707963267948966,1.5707963267948966,-0.04788100321313902,-0.018543770885689967,-0.018543770885689967
26,-0.3382809833991797,2.0594311540454693,1.2827860387415524,1.3523828633133193,0.0211539118118206,0.3211685868449809,0.0188692733513513
0,0.0777777777777779,0.35,1.5707963267948966,1.5707963267948966,-0.41075047818801097,0.14407837052087885,0.14407837052087885
35,-0.6187544833150501,1.6266606918335935,0.8725110901279414,0.940175180371859,-0.1999999153785172,0.1095648138487881,-0.2002830420817992
0,0.0555555555555556,0.3055555555555556,1.5707963267948966,1.5707963267948966,-0.278692405886877,0.10935537486193186,0.10935537486193186
0,0.0333333333333334,0.2833333333333333,1.5707963267948966,1.5707963267948966,0.2845145498094512,-0.19975880451378794,-0.19975880451378794
30,-0.3699231467002449,1.9733596187879887,1.5442166970213758,1.1612060477866402,-0.1999740109756134,-0.0476898017964469,-0.1872668753120023
32,-0.4556916594211291,1.836952106839021,1.4424635006884046,0.9729908513866108,-0.199620291076406,-0.3350611740036976,-0.1931814771430324
6,-0.0779239346990071,0.2150063433528431,1.5463803271439414,1.5766701942835004,0.5576617708288747,0.16420356572212563,0.1624393532474744
0,0.0111111111111112,0.1722222222222222,1.5707963267948966,1.5707963267948966,0.37949024197419634,-0.19994025095563578,-0.19994025095563578
4,-0.07776656688382981,0.4219651197602035,1.8258181596782546,1.4873605028410635,0.3283921828064073,-0.0028698374189524314,0.00819666699786538
48,-1.0693079982596088,0.6559113912988062,1.567703197524523,1.1511202556096278,-0.2000000099396009,0.6357825868428947,-0.1571692192153951
0,-0.0777777777777776,0.1944444444444444,1.5707963267948966,1.5707963267948966,-0.20553646666327713,0.19992106105418703,0.19992106105418703
6,0.0780971519149338,0.3048470295397679,2.102341291758329,1.3937793318516578,0.1997512371301999,0.2970393985630583,0.1710004230124103
41,-0.9456701755292336,1.119252653077931,0.8568654982175272,1.1984000905175465,-0.1999950568898323,0.1978257338709808,-0.195069545594831
7,0.1054466662573314,0.4135964811634858,2.2289895422041,1.5823929421090093,0.1998835520264108,-0.1698112574255119,0.1493041549118738
0,-0.0999999999999998,0.3277777777777778,1.5707963267948966,1.5707963267948966,-0.3182789076541286,0.07875920405412452,0.07875920405412452
2,-0.0331350923113952,0.34449468357366575,1.5705439009850286,1.5779606715282486,0.5123295832988659,-0.1458176815606346,-0.14619365058660064
0,0.0333333333333334,0.2166666666666666,1.5707963267948966,1.5707963267948966,0.2462540891317297,-0.19979092262004983,-0.19979092262004983
43,-0.9849243481361152,1.0403380569224645,1.1254764465878273,1.3669078584539067,-0.1999995840375491,-0.0097574331227585,-0.1939656488336226
0,0.0333333333333334,0.2611111111111111,1.5707963267948966,1.5707963267948966,0.37262003338215405,-0.19994217494671665,-0.19994217494671665
19,-0.3644735856202037,1.4192751372178212,1.487036421850909,1.6789799326999566,0.1998574158161566,-0.1150632555499397,0.1983821286557945
38,-0.7677338226262668,1.4642961961944825,0.7853922994176226,0.8819410348259364,-0.1999999122875118,0.0290079589909009,-0.1993481040129506
14,-0.3024049450016624,1.0188422475146384,1.6376767363537277,1.8047307215961288,0.1999692147119276,-0.0556011129847467,0.1981099484512389
15,-0.2962940218466886,1.1506768822155111,1.6455108802377008,1.8109258664164976,0.19997853111691,-0.0451676374948457,0.1979925836052294
0,-0.0333333333333332,0.1722222222222222,1.5707963267948966,1.5707963267948966,0.187302503413352,0.0196295760059881,0.187302503413352
13,-0.0746483651307591,0.8938511161150365,2.017100082794789,2.0955980845532136,0.1999837286751179,-0.3188398685047238,0.2018681611685784
28,-0.3342395018648156,2.109757076647649,1.3710914199223565,1.3085134403709588,-0.1989815138326447,0.1307373872492323,-0.1977744405092031
0,-0.0999999999999998,0.2833333333333333,1.5707963267948966,1.5707963267948966,-0.04788100321313902,-0.018543770885689967,-0.018543770885689967
0,-0.0777777777777776,0.3055555555555556,1.5707963267948966,1.5707963267948966,0.4435299205771083,-0.19993393403441095,-0.19993393403441095
0,0.0333333333333334,0.35,1.5707963267948966,1.5707963267948966,-0.18045460146009826,0.1701249690426339,0.1701249690426339
1,0.05555039116501198,0.3037225174391803,1.5876220008966069,1.5651188509969152,0.22280011779777736,-0.19995368777035716,-0.1994017343263475
24,-0.3807029422487835,1.7587669758968263,1.2939584360708078,1.5329429632791258,0.1999478775143703,-0.0628916325456504,0.1957538762332848
8,-0.0353898137105606,0.6182341113725679,2.1908600248434307,1.7524976886990984,0.1999629651348078,-0.0610991559812074,0.1784626681598749
6,-0.0503408585791299,0.2167833750087692,2.227883275065521,1.5697725720429017,0.1999609691957036,-0.0178110331138152,0.1571095927947792
0,0.1000000000000001,0.3277777777777778,1.5707963267948966,1.5707963267948966,-0.3521421311467152,0.18248983633270013,0.18248983633270013
0,-0.0555555555555554,0.15,1.5707963267948966,1.5707963267948966,0.27807419151793966,-0.19975426361249268,-0.19975426361249268
0,-0.0555555555555554,0.2833333333333333,1.5707963267948966,1.5707963267948966,0.4261357513229632,-0.19993785202596379,-0.19993785202596379
17,-0.3103851391937642,1.3196088535176602,1.6410450517937454,1.7776837324822925,0.1999642678110602,-0.0339404542996063,0.1985628070888327
20,-0.3649760502826093,1.6848381479982522,1.3940637781088687,1.6219591027441551,0.0783469813787837,0.1076303665315975,0.0738895774275872
4,9.937703723281264e-06,0.1225039853062182,2.115140902751817,1.257682465074378,0.1000335107328533,0.2152800125050144,0.0817371594590538
34,-0.583186294339433,1.6935261521845228,1.1282348871292438,0.8815253672172678,-0.1933050540315866,-0.1592574983661346,-0.1913413172076786
26,-0.3526532194007956,2.0354307161879586,1.132799771736784,1.4493648365397116,0.199945810051053,0.1573613246265712,0.1851118457655737
26,-0.348623634779087,1.9675828890970803,1.2579975330417423,1.3583580896972358,0.1999443193716955,0.2548559592816872,0.1963847635050962
21,-0.3723240081475375,1.530801203184995,1.4379139291177625,1.6431838633191558,0.1639563224972798,0.0524934357425004,0.1594442420861063
3,-0.0284617748449332,0.2099334017720347,1.9131823088201303,1.2849309535404982,0.054324237431808,0.2243703596822425,0.0571383156203519
29,-0.3619506207418699,2.036594305055585,1.3615562573230386,1.280157438572578,-0.1002793478860578,0.2456814141638497,-0.0979497074109469
2,0.05547007353571986,0.1414522817118081,1.5801816108312945,1.5666891299866978,0.5028602986878308,-0.1380980361129546,-0.13740700342538006
11,-0.0381367754720247,0.7011282005376288,2.11868980092424,2.0996118419701717,0.1999618381084323,-0.4194226751804965,0.1991253249858171
32,-0.4562297719293698,1.8255119501361223,1.44763590778518,0.9442505981342136,-0.1999726716013375,-0.5745740923993332,-0.2028840588143779
3,-0.0137879665780026,0.0665493004476508,2.0857311625419777,1.3859416773911708,0.0147307536675752,0.2297627915403079,0.0260667250167719
0,0.1000000000000001,0.2166666666666666,1.5707963267948966,1.5707963267948966,0.03836785227926507,-0.19993278612429316,-0.19993278612429316
10,-0.1434640355892871,0.5825047812086216,1.8930805647180664,1.9646598479546415,0.1999577182175428,-0.1170723151822797,0.2002829656653839
6,-0.0733176769009661,0.2788074814081738,2.035633152891366,1.6191847042098138,0.12136684516428975,0.16698719815458674,0.15762450057739774
2,-0.0139388486137906,0.1315814937678981,1.9296033484242816,1.4171427969258346,-0.1992178140344445,0.1752340427412201,-0.1650342977901355
18,-0.339996115421121,1.351184458409812,1.6209826633573838,1.7167036122348185,0.1995293875570703,-0.2027784147126434,0.2005540427746272
6,-0.07490380756416122,0.26735046140207097,1.877782023600017,1.5636381325273,0.2688946381379418,0.19984618198276752,0.19837487117566693
0,0.0555555555555556,0.2833333333333333,1.5707963267948966,1.5707963267948966,-0.24815191941342127,0.14256461163591808,0.14256461163591808
41,-0.9428635363904392,1.1195072943609916,0.94262154381293,1.205103353827034,-0.1999995843072638,0.1737064480976997,-0.1976566968988437
39,-0.7686649161741455,1.4524900826803386,0.8664987861963285,0.8500046885801131,-0.2000000099570141,-0.2212436954496313,-0.2003377100115484
0,-0.0333333333333332,0.2611111111111111,1.5707963267948966,1.5707963267948966,-0.023504231910695932,0.11620258918021101,0.11620258918021101
10,-0.08894691992930233,0.6596677207879634,1.8137011309801938,1.6615631112537326,0.36041542872107246,0.19998627062366334,0.20313845327529775
3,0.0785419288856513,0.2954859625277245,1.5012516782219194,1.6019650332792934,-0.1996062854449666,0.2525834581425294,-0.201134374076791
44,-0.9662224136515382,1.1019714352812924,0.992178129319646,1.2530027359132931,-0.2000000098797067,0.2369241977795092,-0.1993452799697129
10,-0.1088532704259968,0.6184958434879072,1.9060784424679904,2.074676129422003,0.1999586897444593,-0.1171109070027658,0.1990886063692879
48,-1.0620641892595464,0.6849875600813741,1.5482673918481664,1.2120099499187993,-0.2000000099587176,0.3933204098836583,-0.1758213797492274
31,-0.399342329338057,1.9177149566990332,1.543779721378903,1.0854304550899088,-0.1999624770569392,-0.1911852174598109,-0.1877825142511047
0,-0.0333333333333332,0.3055555555555556,1.5707963267948966,1.5707963267948966,-0.1929509034631797,0.19945797042985705,0.19945797042985705
37,-0.7309247843590642,1.4693527070096304,0.8786596840863599,0.9667400279545012,-0.1999999135471766,0.1018305503793745,-0.2001203683193297
38,-0.8208557227886238,1.3738342965856944,0.7830396601517682,0.9367230788207614,-0.1999995907688458,-0.0705798310165786,-0.1965619510826555
11,0.04599081150233749,0.6103031551288545,1.9765663415496375,1.7636198516658166,0.2560890164294089,0.20000000997723127,0.2008947032242161
0,0.0111111111111112,0.2388888888888888,1.5707963267948966,1.5707963267948966,0.39981577211291136,-0.1998291862253709,-0.1998291862253709
2,0.05543844103080399,0.18409713893603707,1.570646258792081,1.5687113408553643,0.48529781776518083,0.019076793200091965,0.019170658575860765
2,-0.054654139997155675,0.34233903855780196,1.6429250705233942,1.5809667484587442,0.42596946453206874,-0.10909547393593952,-0.10624859417162752
22,-0.3541079005436292,1.6316023729695754,1.472175775195701,1.6877893669455089,0.1640217472132218,-0.1641739508944934,0.1637363232140256
31,-0.3992317909166742,1.9164718896407171,1.546482543668672,1.0876039814011504,-0.199970753344209,-0.1842627017567185,-0.1874455244137255
21,-0.3631837046467061,1.5438745655182398,1.4938212216921885,1.6690566298781553,0.1999437503892177,-0.0260676939694988,0.1973361808847823
3,-0.0790477671479548,0.2503875999868969,1.6187986664826814,1.5405291286446663,-0.0280590637682125,0.4447713375639897,-0.0244955096201341
0,-0.0333333333333332,0.2166666666666666,1.5707963267948966,1.5707963267948966,0.02282237895228195,0.09399769253898718,0.09399769253898718
12,-0.1554805391743253,0.8485230341358796,1.8668500180441527,1.973798607862321,0.1999903016673973,-0.1303833654895153,0.2002394217850025
17,-0.3469271246374482,1.2249015905370733,1.590202123608706,1.7035580983424143,0.1999904704067539,0.0729477926130542,0.1978818121565145
19,-0.3450774101302784,1.6770395593292402,1.261170845333162,1.7469764621565156,0.1876287313370984,-0.2094391783537456,0.1756990672197133
4,0.055199051571859115,0.1456822769713764,1.5895201611008982,1.5610278130257427,0.5701808424712557,0.16671018782491054,0.16826688288143782
27,-0.3376611570529751,2.13618470284963,1.220000467864371,1.3395688419171918,-0.0549698133894896,0.2535838729561102,-0.0576021823080594
40,-0.7874180315625763,1.4397412098444056,0.8144715394926318,0.8760511147783028,-0.2000000099234781,-0.2271259023169606,-0.1982231774280727
5,-0.0326914117833332,0.1552730935054148,2.204209654541899,1.3678340187216986,0.199836472538694,0.1237247023510338,0.1431049534545351
8,0.0162695928450199,0.4236629709445671,2.283980638119236,1.8520651921458824,0.1999760613206408,-0.1475829003882944,0.1754333933587055
22,-0.3832974897579472,1.6510967188700565,1.4637123104550296,1.5980696619005408,0.1902448160134385,-0.1283356747169621,0.1902493586484438
0,-0.0555555555555554,0.2611111111111111,1.5707963267948966,1.5707963267948966,-0.13206905872996547,0.1991717570533344,0.1991717570533344
15,-0.272719140065898,1.0353237649120388,1.6716074685514466,1.864564383941377,0.1999777561429332,-0.1048877903294839,0.1982778164044734
11,-0.016992924118148917,0.7698614450008254,2.37337975571997,1.6583506396544283,-0.18686589510197305,0.19997110988360514,0.13874135183076194
25,-0.3688145104395877,1.8617470985272435,1.277772841008948,1.448872059932392,0.1999558167476097,-0.0939133964908304,0.1986351247861189
0,-0.0333333333333332,0.3055555555555556,1.5707963267948966,1.5707963267948966,-0.1929509034631797,0.19945797042985705,0.19945797042985705
36,-0.6853853133707919,1.5226342762746772,0.9814669024474928,0.8578600875721049,-0.1080664661925727,-0.2573588182022788,-0.1104149982064329
17,-0.2965580226058751,1.2430327433007755,1.6292760191296871,1.819282498117765,0.1999897991831782,0.0393908185104746,0.1956466293560026
42,-0.9728791295483344,1.0420243333499564,1.0132687979582855,1.3023533305655344,-0.199999979286471,0.3270949236334869,-0.2010256850196494
45,-0.9993350847046052,0.9658070771766184,1.0378920725098078,1.300320085911645,-0.2000000099086518,0.2531234419507068,-0.1997192818614331
22,-0.3650677792769616,1.65472149934239,1.3652118905332205,1.660211262996292,0.1994286788977828,-0.1099100060074358,0.194009338863428
0,-0.0555555555555554,0.2166666666666666,1.5707963267948966,1.5707963267948966,0.1998113801917272,-0.1459848140978414,0.1998113801917272
33,-0.5228923611857932,1.7330633657998489,1.080941838777544,0.914751049102807,-0.1999793315711427,-0.0369104159063879,-0.1978346268634284
45,-1.041699670417552,0.7375114337510547,1.260603832108733,1.381834174432795,-0.17098150536561,0.4737003794695572,-0.1754552330075632
35,-0.6459774682572159,1.6179357577887303,1.0012145316341168,0.8404469978696553,-0.1999997307721909,-0.3554061120341753,-0.2031098713080116
20,-0.3720671467561493,1.545729844887856,1.4970239611099063,1.6534242258617895,0.0147901571293126,-0.0407211106609818,0.0152439201954513
7,0.0190607553932847,0.325474803857493,2.314908390134973,1.8663274055167092,0.1999193244618153,-0.1766448171876647,0.1724791276589766
1,0.055585041432607375,0.38314724171501613,1.577026487388883,1.5691620700942217,0.2960175011302615,-0.19994488875064967,-0.19970590746506964
39,-0.8258400038904675,1.4086320317926693,0.6929780437396289,0.9380383688999216,-0.1999998910649873,-0.121804586796566,-0.1910692723797378
0,-0.0777777777777776,0.15,1.5707963267948966,1.5707963267948966,-0.14742041656065838,0.1999558785497725,0.1999558785497725
24,-0.3751079936113893,1.775694005389506,1.20415850237428,1.5218489821055448,0.1999761738165051,-0.0176258519722611,0.1905198276498388
2,-0.0275764664053233,0.0766061296755628,1.9235814115023784,1.292634492012008,-0.0932377794093379,0.1636751695010339,-0.0656312861211355
40,-0.915286400694139,1.213912150531311,0.9320992601021418,1.1767379934593,-0.1999997813605182,0.0457740909318882,-0.1951534408768303
8,-0.10504546425655395,0.44874109527655637,1.7936736600566876,1.645885154552853,0.3076195398465893,0.19996741518512787,0.20231733044221345
31,-0.4221471613617121,1.8674210133990208,1.5307272796094291,0.986052598118563,-0.1657873431624875,-0.3887361744770817,-0.1619392055626895
0,-0.0111111111111109,0.2388888888888888,1.5707963267948966,1.5707963267948966,0.368350673346973,-0.19978521419499629,-0.19978521419499629
46,-1.060776205856944,0.6605924828805622,1.53427786476337,1.270922815658694,0.2000000095748708,0.0520916688538338,0.19446047135537
26,-0.3264874526736606,2.048526004835729,1.2629485979339337,1.3708924543047143,0.1406382089498091,0.344617556909133,0.1361069397484866
0,0.0555555555555556,0.35,1.5707963267948966,1.5707963267948966,-0.2895187719702583,0.17553538498320548,0.17553538498320548
0,0.0555555555555556,0.3277777777777778,1.5707963267948966,1.5707963267948966,-0.2790400847185487,0.14535502198317546,0.14535502198317546
9,-0.1253237906587083,0.4446845154491393,1.972588816042565,1.9504025992640348,0.1999838334269155,-0.2687248118964392,0.1993384668198339
29,-0.3347993704918489,1.9194171983928794,1.386195903901589,1.699787859531392,-0.2765674749062145,0.14692189764889194,0.14828824388131806
11,-0.1202668837224302,0.6919779513224764,1.8615351144677703,2.1014539542371,0.1999786225245073,-0.0992498603882668,0.1966091003789062
0,0.0111111111111112,0.3277777777777778,1.5707963267948966,1.5707963267948966,0.40209604071790506,-0.19974461374418676,-0.19974461374418676
25,-0.395755074945199,1.7898362095208256,0.6227661513830975,0.24360991896832995,0.3597696111601813,0.2000000098779727,0.19911186013713242
7,0.0857190061849089,0.390635625976994,2.2508609910398585,1.568847032782629,0.1592310319196841,0.1900855511291316,0.1355940011380593
35,-0.6288868988521691,1.6175923474924914,0.9114257989123123,0.8802076190537236,-0.1999999137298766,0.0030125023630038,-0.1998930612546808
21,-0.3557076061684048,1.5715523855606095,1.4576258151750032,1.6716364928067222,0.1998329767870332,-0.3183993730465391,0.2020363748811226
46,-1.046708591893546,0.7118868027758177,1.3764961814522263,1.359219215501808,0.2000000095806946,0.4586449915779941,0.2007625209363513
12,-0.2825906478040443,1.3315081805226707,1.627097396306523,1.843695032397616,0.1999730695107685,-0.1202664762023661,0.1978851808375457
42,-0.96556963077391,1.0612217696335895,0.9358811705900792,1.1940839301839516,-0.1999999629471296,-0.0933349226699206,-0.1909868099732667
0,0.0111111111111112,0.2166666666666666,1.5707963267948966,1.5707963267948966,0.40713233358740925,-0.1998444228098391,-0.1998444228098391
1,-0.07758373666046522,0.2378196676390063,1.6037555719402175,1.5628380216290325,-0.06500797490843101,0.19120802211791324,0.19078205733255638
2,-0.0783423758418098,0.0640304828578115,1.8980954255768685,1.252885430741015,0.0867727969442632,0.2701927022625933,0.0855776420746057
15,-0.3232427351342755,1.1157859849667362,1.6098761798613546,1.7611938870701056,0.1999927953087882,0.0224045406692366,0.1973698103149735
2,-0.0590394994805386,0.1641398048820316,1.7369907741638402,1.4788986119418617,-0.1998720639536866,0.3136417476932645,-0.1852467606668111
20,-0.3770138034119061,1.5033880553921708,1.4041340956299324,1.6285539603254853,0.0380226947685274,0.0551335684335826,0.0358422669970491
0,0.1000000000000001,0.35,1.5707963267948966,1.5707963267948966,-0.3774983538941273,0.14159334122688672,0.14159334122688672
3,0.0993012191233594,0.2917115979617347,1.4851626083919394,1.5883652057943007,0.23762400135570313,-0.19976984515204418,-0.20115492761605885
0,0.0333333333333334,0.3277777777777778,1.5707963267948966,1.5707963267948966,0.31800732758473066,-0.19973174241888458,-0.19973174241888458
0,0.0111111111111112,0.3277777777777778,1.5707963267948966,1.5707963267948966,0.40209604071790506,-0.19974461374418676,-0.19974461374418676
35,-0.6385402124971986,1.612374072142621,0.9116801206754792,0.8682097198254805,-0.1999717476291413,0.052464676183341,-0.1995548422705338
44,-1.0221202406745935,0.8335851114318616,1.251302890618467,1.3550927171114378,-0.1999999761358939,0.0281988849486576,-0.1992158606882889
37,-0.7451806160873722,1.4529898681301705,0.836234544409902,0.9019622429427184,-0.1999999053951348,0.0474649512760511,-0.199879799690671
0,0.1000000000000001,0.1944444444444444,1.5707963267948966,1.5707963267948966,-0.24204140088377593,0.198515729678985,0.198515729678985
23,-0.3710349522340396,1.7493033170632537,1.2280935887086086,1.5525529066549022,0.1999481280808539,0.0361546752761339,0.1883628831810711
20,-0.3515889288228426,1.5362028915618973,1.4490802665039455,1.702774882189657,0.0735761883239942,0.0170910973421156,0.0707921873551515
3,0.10135423838800414,0.2873741149817971,1.7001397992160658,1.5558305429859594,0.16743546392839473,-0.11756756269719501,-0.11393763297546255
35,-0.5528109373061544,1.654118346831946,0.9536054121198982,0.949480551556482,-0.1999999938176287,0.1643960210140557,-0.1999304814985354
47,-1.0321485066006642,0.7679684793276715,1.5513089819117911,1.3517051391016488,-0.2000000099512063,0.1028954523250827,-0.1939888289149532
2,-0.1087734648386974,0.13396266264100296,1.688241883237379,1.4596728785525541,0.29853750549116087,-0.19988377820329387,-0.1879207459188513
26,-0.3586772946903069,1.9600846835409715,1.2198573322466446,1.4155229588188978,0.1999576535314499,0.1069992392741971,0.1940618828851092
0,-0.0777777777777776,0.15,1.5707963267948966,1.5707963267948966,-0.14742041656065838,0.1999558785497725,0.1999558785497725
49,-1.0821776674784658,0.6152028530372652,1.685720127494878,1.1376140814765452,0.2000000099551647,0.8371138780672709,0.214322227083653
0,-0.0111111111111109,0.1944444444444444,1.5707963267948966,1.5707963267948966,0.3806528054895435,-0.19993736276202304,-0.19993736276202304
0,0.1000000000000001,0.3055555555555556,1.5707963267948966,1.5707963267948966,-0.3505973243934364,0.17297097277553716,0.17297097277553716
20,-0.3295560913690654,1.5685294695030845,1.4413354169610455,1.742860568771729,0.1534523854566522,-0.0097287771205367,0.146818251886585
2,0.1026068320469963,0.1739366014936094,1.4624286871890106,1.6335142444186137,-0.1796636542494219,0.3069300518975635,-0.1822662103215939
2,0.05598250054278129,0.1921462503181764,1.6690348210420947,1.5442452676858678,0.4612519118449491,-0.05647728170723273,-0.05029709310562661
45,-1.0110943913033077,0.8870197154080349,1.32759364656185,1.3783266058216648,-0.2000000011052804,0.0998970503056073,-0.2002492629088107
1,-0.033431499054214504,0.4077286465323089,1.5572890239444117,1.5736720254081078,0.44262961434450143,-0.12460859901851498,-0.12531700447127406
0,-0.0777777777777776,0.1722222222222222,1.5707963267948966,1.5707963267948966,-0.1437248075799517,0.19993274291873195,0.19993274291873195
48,-1.0531617402451432,0.6929460017921099,1.6048622373264534,1.245861405566162,-0.2000000099613353,0.2958510733212779,-0.1768552766348935
1,-0.09989243101304637,0.344817653050534,1.5905727008965354,1.565856555180504,-0.33130927961974765,0.11861782788798042,0.11776281316398574
36,-0.6475506882584853,1.561031863866885,0.9882942222071448,0.880311889601357,-0.1999999151845683,-0.2410873713116165,-0.2014332912483476
14,-0.2416385103029019,0.9678401832941136,1.705805700627434,1.8982121384828596,0.199957758837655,-0.0283163804150152,0.1968093913284906
37,-0.7694359543313556,1.4576470029834825,0.9531140493350424,0.8386881636041501,-0.0525347961732131,-0.4074028244966685,-0.0568428214265761
4,0.07698194688271542,0.296770288418877,1.517644884856126,1.573803130057625,0.6022260578447126,-0.06969349454070582,-0.0729638440249941
42,-0.9679649143838752,1.0507958253755063,0.951889575795998,1.2006956427434825,-0.1999999468748243,-0.0930075523235707,-0.1915510887121788
16,-0.330268396276393,1.2842665710575845,1.5982816651128957,1.7414119913279138,0.1999705864557524,0.0366632067248018,0.1974027814424327
20,-0.3300201957029465,1.568415014260965,1.3834275850394917,1.7267126858720068,0.1998085211083551,0.0490764877634385,0.1864986736074221
30,-0.3662341909562041,2.007062147797302,1.4889658557085568,1.2141298637247098,-0.1999915164136523,0.0497057262294082,-0.1911368197464504
4,0.0662467868886312,0.2645075161806575,1.719482144792262,1.4099107517511875,-0.1139130472638239,0.4374479335174824,-0.0951712329757493
23,-0.3707634078089093,1.7114908155872304,1.305516299690776,1.600090160688495,0.1999813866154316,-0.0579030977753914,0.1930484913326477
9,-0.095768505506701,0.6709833957082033,2.0774526776087465,1.945065038737308,0.1999014142837474,-0.3783271782599775,0.1931582200603343
37,-0.7205934853764091,1.488267670574421,0.8412797336341413,0.9072447692004508,-0.1999999195547678,0.0513191311742539,-0.1999032202776887
0,0.0111111111111112,0.15,1.5707963267948966,1.5707963267948966,0.38022983069613614,-0.19984198028788652,-0.19984198028788652
1,-0.01100198700550204,0.29481009198407815,1.6304858277869219,1.5523936461690941,0.39637761097778124,-0.13017061633095534,-0.12668164844601543
36,-0.685412592242071,1.5410017750190608,0.8734223924899651,0.9504937838679722,-0.1999999187649558,-0.0045392597282817,-0.199371262959198
38,-0.8246822401922496,1.3909834441057356,0.8680667368259438,0.8314773598001902,0.2000000094788274,-0.1031049080405054,0.1994889758928139
15,-0.2651318754271493,1.219191348842562,1.7081158412078792,1.850604515333698,0.1999771197500777,-0.1685876390524621,0.2003445447515643
13,-0.2156694363532341,0.8505186884693227,1.7190613092939593,1.9733657600719123,0.1999812255018206,-0.0412624497979852,0.1945875803571941
0,-0.0999999999999998,0.2833333333333333,1.5707963267948966,1.5707963267948966,-0.04788100321313902,-0.018543770885689967,-0.018543770885689967
30,-0.3760127471721527,1.943889184784258,1.6140816871302588,1.121422419573312,-0.1999790501254718,-0.1745777823626553,-0.1844542010548401
21,-0.3745274926739019,1.5359530528389989,1.4665080719258392,1.6387850922850369,0.1201662235038538,0.0329215678263015,0.1178230389453697
1,-0.01100198700550204,0.29481009198407815,1.6304858277869219,1.5523936461690941,0.39637761097778124,-0.13017061633095534,-0.12668164844601543
15,-0.3021538744928873,1.08735383226216,1.6204037405892922,1.8102162879894783,0.1999558117411206,0.027667937049514,0.1958425050867491
1,0.05543561941291729,0.2565118923848785,1.5947230226036648,1.5613502878433536,0.2442710904781673,-0.1998722278114996,-0.1989458872315493
9,0.03284312319746325,0.5262946650236536,2.4149611435427705,1.6534403403312274,-0.2502884021832541,0.19999790816041693,0.1274855028125341
29,-0.2642056410328712,2.045840129676366,1.6094168765399575,1.7124841953614238,0.19532625410664983,-0.20000000995198908,-0.2009482756630448
27,-0.33589895504066,2.129545121482914,1.2114804340500696,1.3502376747122076,-0.0203642460817716,0.2984510799475391,-0.0242964669100544
32,-0.454299400726636,1.8445681015024216,1.4589400942850723,0.978347945971783,-0.1998755141183171,-0.3293126513286192,-0.192458147187272
0,0.0555555555555556,0.1722222222222222,1.5707963267948966,1.5707963267948966,0.1991419824166928,-0.1458217832254129,0.1991419824166928
44,-0.9589428883598186,1.036581511672901,0.9923194020679484,1.250261321628554,-0.2000000099584312,0.2676891807099285,-0.2002119271097099
47,-1.0222364985967596,0.8166825315162098,1.5994223170789232,1.336265520755967,-0.2000000099747163,0.0747704411797579,-0.1911697290939095
11,-0.1814080563295896,0.6751026275911849,1.834544407126926,1.9521776580048569,0.1999692657518145,-0.1669238891316575,0.2005463694709765
19,-0.3703349525844773,1.440430806413279,1.4944463884655916,1.6662227955121662,0.1998442368609806,-0.1475748888194072,0.1994256044245113
15,-0.2691466212402509,1.0457308852561695,1.6612737661463663,1.8739665792410036,0.1999910343997145,-0.0258044144231327,0.1960291542049566
2,-0.077835954292544,0.25514548348110916,1.5605111951616149,1.57333003813723,0.4942493081869647,0.03193800674346016,0.03130182963336269
14,-0.1379241488907533,1.0106338992766757,1.835410437408232,2.0731026608334275,0.1999919838406861,-0.085372951998831,0.1963791943277479
8,-0.09907643260578786,0.3420962629109166,1.65123434091476,1.566124454756239,0.469870445766417,0.20000000995979142,0.203270313572118
9,-0.0625519238975278,0.4712348541365455,2.1556283548226256,1.8930725618787905,0.1999815880616282,-0.231379965336664,0.1871227168303107
23,-0.352842389808118,1.8197855922318704,1.3682891529039192,1.556133137946938,0.1673939168662295,-0.1765907119461232,0.167746989962767
47,-1.0219604655620316,0.8136824950612483,1.5491055077218174,1.3609901460508915,-0.2000000099680259,0.1031135421344704,-0.1945433900649534
0,-0.0333333333333332,0.35,1.5707963267948966,1.5707963267948966,-0.20346872518089917,0.16655774522580905,0.16655774522580905
2,0.055580951766836986,0.24404126175587806,1.6491719829526286,1.5450318546902064,0.43973219621139387,-0.04192681213953407,-0.03712856204372409
8,0.0125350460047277,0.5641698863482597,2.2630172848040973,1.9822811543777064,0.1999873888734762,-0.2179654475776783,0.1861192145442441
41,-0.913857431589734,1.2419903400000265,0.7911289130922912,1.0802050307812976,-0.1999998178030772,-0.1048306460151847,-0.1887129822409282
2,-0.03262524386256546,0.45486447728527346,1.6338617215540747,1.5681510004329224,0.5376491451301063,0.1998897220963906,0.202988714933691
26,-0.3032308897195703,2.102342064784028,1.3230982906158444,1.3493340060322392,0.0149183640272554,0.3312317113924852,0.0140443196682224
11,0.03384611310518675,0.8115122306096656,2.4619280165929753,1.2577688425800946,-0.17127329663710564,0.19997074011606916,0.05569611943169347
49,-1.0893719020245207,0.6393264766382292,1.759624244937943,0.9797871421241616,0.2000000099680641,0.6776119470026438,0.1898528311316969
0,-0.0777777777777776,0.2611111111111111,1.5707963267948966,1.5707963267948966,-0.309776044833377,0.19991515568211382,0.19991515568211382
0,-0.0777777777777776,0.2166666666666666,1.5707963267948966,1.5707963267948966,-0.15248996489396008,0.19994027393048325,0.19994027393048325
33,-0.5207713817717543,1.7535348976171277,1.1992870465615129,0.9216276865258928,-0.199912246459767,-0.3128085740741193,-0.2008297904949079
19,-0.3733288412474839,1.446634506785284,1.4743875230914871,1.6621777103771682,0.1998400557426449,-0.1332237661488585,0.1988138367111683
8,-0.0936949685871377,0.3539811356801535,2.138402291333282,1.8462753846903048,0.1999887773522709,-0.3316269505814337,0.1819654421155581
9,-0.1259966041264297,0.4798059826677566,1.9804420611785376,1.941784375557463,0.1999558217466069,-0.2804437753350587,0.1987225709703788
37,-0.7108183785270605,1.4669225863320814,0.8818235441335707,0.907548591769497,-0.1999999222278158,0.1104778175754852,-0.2002179214617462
39,-0.8339848244391854,1.310463729024508,0.8020452277645631,0.943684876580812,-0.1999998860217636,-0.0771581871284173,-0.196907844495652
13,-0.2647414634220701,0.8368719720595096,1.6896891977715454,1.865804146182701,0.1999693888283005,-0.0717676650316274,0.1981336355682022
30,-0.3669404964109395,2.0052673996918355,1.4875464712769149,1.2109169293790811,-0.1999925120032057,0.0714616109781234,-0.1904373582785938
2,0.05475937511014863,0.2959299359873863,1.5585811515036871,1.562451609519732,0.3921664415576837,-0.19986668498135016,-0.20001697393301693
1,0.0067272696244543,0.0542746938866347,1.76091124214408,1.461409319882882,-0.1998853088050108,0.3960298174980877,-0.1793024914388757
14,-0.0535293190075764,1.003824158309885,2.4755175984853404,1.0065626467431943,-0.630070904222892,0.20000000999324583,-0.042347543035480106
2,0.05566909603031385,0.2015482212793892,1.698722309133716,1.5309915577636672,0.46049870565575723,0.005323536751189263,0.012936640084012097
8,-0.0293246207268961,0.4822350338677231,2.29262933726722,1.6876373028653424,0.1999606365795946,-0.1433904752589077,0.1563135364563922
17,-0.3172017950148141,1.2551686535464674,1.6248525028856005,1.7636830386114446,0.1999911057290538,0.0125087780178424,0.1978937905300267
49,-1.0994481422718383,0.6020133441029453,1.781110602581336,0.9495798538994376,0.2000000099753792,0.6624625587508703,0.1837026530209983
28,-0.3390007101075746,2.0781857127796046,1.365056488148655,1.308837700466286,-0.092044523222801,0.2687943546768238,-0.0903887723728583
15,-0.3092159010771382,1.0527097373285903,1.6089837896808603,1.7931382851897066,0.199967795935639,0.0564511047266618,0.1955529192282042
11,0.0218191990448469,0.6833671261809682,2.0910794031655326,1.883805283108688,0.2000000099505761,-0.1432761743077202,0.1927705878646523
27,-0.3250942204518501,2.10899656232112,1.4043936782619442,1.3180649108493288,-0.1999887546499377,0.021004353305473,-0.1990628908073731
2,-0.09896948475200985,0.2252036340901136,1.6810666465790982,1.5524173684658844,0.14916293439694192,-0.1998008345565243,-0.19623601680545324
15,-0.2966743471392583,1.0657817414286168,1.648245264853106,1.8149881808118369,0.1999899935000198,-0.0767642158491138,0.1984903139922944
32,-0.4458426867239902,1.843964474728089,1.459744518921566,0.9767950566877828,-0.1997317798561279,-0.3349471835899624,-0.1924429932232343
7,-0.0292291382147685,0.2972450229278687,2.213364735239012,1.5919079085541503,0.1999906626708093,-0.0051823542209276,0.1622969064715877
0,0.0333333333333334,0.3055555555555556,1.5707963267948966,1.5707963267948966,0.31367196508585893,-0.19990491426387783,-0.19990491426387783
6,-0.0100700388067679,0.2320252076221677,2.296722609466004,1.731510306633834,0.1999230815833887,-0.1267162400147576,0.1620431666636445
19,-0.3729704392596952,1.4600145065171093,1.475450278851061,1.6641735681919805,0.1998398683087721,-0.1692594609749695,0.1994670143173311
29,-0.3597700508782517,2.090563657847281,1.3556284781035268,1.2735857238847257,-0.1278498136437115,0.1390620311606108,-0.1262801517996384
28,-0.3351430177767808,2.082033310684777,1.440373317893985,1.2990511941396057,-0.199969657703068,-0.0196836870080583,-0.1982533367288565
31,-0.4051429630697115,1.8884466475998856,1.5028324655234768,1.0422455111646525,-0.1999771306839308,-0.1168861910863495,-0.1843331540042497
9,-0.1043073892174607,0.4523732219231724,2.047972407198708,1.948770287796659,0.1999933464223343,-0.3430561445796665,0.1956124692994945
22,-0.3758487316264175,1.5966635760031544,1.479028686051621,1.6310325667562224,0.1999667207817571,-0.1430211622365355,0.1998266469934058
24,-0.3807817635438177,1.7954909586972,1.3394487712446217,1.5528007602066995,0.1999044586797769,-0.1515119877353968,0.1985800286289488
33,-0.5101986394890372,1.763226445688425,1.271018148939421,0.8752871698590167,-0.1103382220013707,-0.489948637739158,-0.1206974120932747
0,-0.0777777777777776,0.3055555555555556,1.5707963267948966,1.5707963267948966,0.4435299205771083,-0.19993393403441095,-0.19993393403441095
4,0.055418504952876965,0.13208960648562357,1.5908008935537676,1.5625765592427137,0.5853507189355721,0.1626038780795472,0.16419101029108396
38,-0.8189865278588285,1.3674356235921743,0.7993842517582264,0.9090875454592786,-0.1999998349527342,-0.1432518972070849,-0.197229190936182
40,-0.8170393785897638,1.3960050275343798,0.8145877373673928,0.874791149430701,-0.200000009944015,-0.2952007337828912,-0.1978615385339859
48,-1.0524264050225762,0.7153167803169375,1.6379832675721615,1.2014369808352894,-0.2000000099645576,0.2699442584349332,-0.169829904457899
38,-0.76997897196192,1.4132846768729728,0.8905853711949119,0.9054180252145104,-0.1999999111845703,-0.2067894163619542,-0.1996711984951884
43,-1.0045982930834052,0.9156044565568364,1.134004222715122,1.409423825750501,-0.0168524020672183,0.4134594738127859,-0.0274613161494077
13,-0.03160444206775137,0.8582744248551033,2.330139309523398,1.7731852814306068,-0.45256289281903295,0.20000000996732603,0.1458512284314698
49,-1.1043886864834649,0.5965132955020154,1.7846690534671028,0.9210289569271136,0.200000009975515,0.6491633855458274,0.1792851230344679
10,0.0166778721214903,0.584242830509414,1.9674503452105905,1.9071881567230768,0.2000000099586739,0.1569080577355336,0.2005819567837645
22,-0.3468269227900863,1.91798176339472,1.306382953027336,1.4339383809276884,0.0333530855001386,-0.0093158895266947,0.0332006266419682
5,-0.0548870270534898,0.146946333281929,2.085340101735464,1.1679579998742868,0.1995624667651167,0.1239283959617134,0.1311542743775881
0,-0.0333333333333332,0.35,1.5707963267948966,1.5707963267948966,0.166557745225809,-0.2034687251808991,0.166557745225809
23,-0.3843624751490999,1.6763453222455431,1.4111343681405293,1.6214707611250376,0.1997296627851492,-0.1532017812481697,0.1985264508040709
44,-0.9769702750848104,1.107427877214639,1.214055799304387,1.3238823555183976,-0.2000000099329786,0.1187742713633483,-0.2000968706818328
26,-0.3485194726223118,2.0146938341364096,1.1801024623528775,1.4281482691506486,0.1999437584912636,0.1941446383561975,0.1890578431997324
0,0.0777777777777779,0.1944444444444444,1.5707963267948966,1.5707963267948966,-0.22411229162877597,0.17241837809627755,0.17241837809627755
34,-0.5838611637459136,1.6875422701738956,1.1026721510936204,0.8565506689946919,-0.1999569091725835,-0.3061658589487326,-0.2013906986670858
0,-0.0333333333333332,0.3277777777777778,1.5707963267948966,1.5707963267948966,-0.22463226426900082,0.19927976270050665,0.19927976270050665
20,-0.3734785721118134,1.546158129241937,1.4359906278101795,1.6550438705999255,0.0242829292887801,0.0142820439363321,0.0233922984463935
46,-1.0287901773794224,0.7893044618300994,1.4488912689190494,1.3545512340411847,-0.097279829577175,0.1230301181111529,-0.0956883075898841
33,-0.5141074305162424,1.751009489051328,1.1232670926936763,0.9110033915696836,-0.1999776054557616,-0.1049037053476031,-0.1976994530649548
48,-1.012615776913171,0.8484048141305373,1.254315095268414,1.5415165182991606,-0.2000000099764789,0.7020702929420084,-0.2116955881562795
44,-1.0071373443876246,0.9121985591854443,1.1976256661500415,1.3718181515488588,-0.2000000019032566,0.0635285623347211,-0.1980743963492033
47,-1.0405998311967597,0.7400024386694829,1.5166579501185502,1.3063368291715527,-0.2000000099435971,0.2346670468348762,-0.1906935576613515
11,-0.0807278557664817,0.6993904636178746,1.958983374740049,2.1198902202719854,0.1999654693075682,-0.1941365737837022,0.2004927235786177
12,-0.189965722463565,0.8441347027620878,1.7226874071518965,2.006756146802985,0.1999754872678342,0.0592207134840826,0.1903013418770138
3,0.10116531926335634,0.3455067464903693,1.7083327221360545,1.544511293967433,0.4897319914674312,0.1083554610682653,0.1148917392767851
27,-0.3354361110769536,2.05669410245684,1.293053141532018,1.34872302859291,0.034756721782603,0.3862206437681018,0.0325539022153277
47,-1.037299950577993,0.8145166487183471,1.1827613764714655,1.4178331862354885,-0.1572668663309652,0.3489234515791489,-0.1610685275039333
43,-0.9912587076327998,0.991059158022128,0.8549326732337228,1.3145075142420697,-0.1999999806817663,0.3337753752919619,-0.1940533932952915
32,-0.4864145056459057,1.784298416085577,1.263094781673058,0.921246660947951,-0.1999838810465605,-0.42972272885144,-0.2028177054859688
28,-0.3403137408169758,2.133319595262023,1.3061617276010746,1.3075689686509306,-0.1559694005688098,0.1848337015507658,-0.1559952566822357
0,-0.0777777777777776,0.2388888888888888,1.5707963267948966,1.5707963267948966,-0.2955083058288543,0.19990706399673244,0.19990706399673244
0,-0.0555555555555554,0.2166666666666666,1.5707963267948966,1.5707963267948966,-0.1459848140978977,0.19981138019172734,0.19981138019172734
16,-0.1704938921932994,1.1502891429971904,1.8247989313633104,2.002427950060139,0.2000000099938458,-0.212867432567951,0.2006143812421466
1,-0.033261154341307574,0.38901770967435145,1.5803374713894467,1.5688303464203184,0.40048636772384166,-0.19918586082537845,-0.19871183898219624
1,-0.09988552270922271,0.3197266076983159,1.5931775915112834,1.565074572859064,-0.37761119088095874,0.19012858345219172,0.18899244679599891
8,0.0032342306119665,0.3959386616338833,2.254666064222413,1.9114006669862127,0.1999584854092434,-0.1796362419838177,0.182247136815769
37,-0.7338088795353699,1.4741174192544482,0.9353827199721187,0.8578059702147887,-0.1999998566758392,-0.284138265381047,-0.2016003857092571
1,-0.1022498523942247,0.3627645210224811,1.3450748742869385,1.6005073140048107,0.1664316249432243,-0.2633560474069458,0.1676856601753676
4,-0.10022570194221886,0.442188870210032,1.5793202811680995,1.557958956329655,0.5305210831662988,0.19975120676950772,0.20083881178074808
1,0.05556033985877926,0.27687735703714517,1.5727523090925555,1.5702116774777053,0.2193021084110226,-0.1999497598077307,-0.19989339796227976
47,-1.0229386207146078,0.8131903872855746,1.586648249522314,1.32480183495303,-0.2000000099636327,0.0832864865495544,-0.1910267491703398
10,-0.1573495952752638,0.5590735871674453,1.871269622980817,1.9884891504488635,0.1999715946728684,-0.1932359438476274,0.2008592393659956
36,-0.6381438703941665,1.6138300975026556,0.8745136128522129,0.8750751634437702,-0.1999999244283518,0.1349314993621331,-0.2000074699803883
43,-1.0022423392573685,0.930805114474054,1.1541485962385725,1.3505345402130329,-0.199999024999976,0.0354968566261672,-0.1968473153676964
19,-0.3520946904291758,1.4409755540545996,1.5656711248175863,1.6925495441165888,0.1998727701829583,-0.0497389112349847,0.1988955255924204
44,-0.9609170969347806,1.0342196627422344,1.100963052077251,1.219600788048225,-0.2000000099463587,-0.1090226970452293,-0.1973037801231713
28,-0.3369581337238924,2.0763675568841853,1.4392885833143794,1.2929419493500611,-0.199801578224057,0.0567828987282508,-0.1968377498435558
23,-0.3677667935250329,1.7362448166775768,1.335091664989883,1.590269255585115,0.199744945143588,-0.1572898176749349,0.1972471673732106
5,0.09992167326113156,0.22598209117862092,1.648310337276433,1.548827231039581,0.32503998352647545,0.05334004105709071,0.056304576057310346
41,-0.8734501437258114,1.3077684762038666,0.657963655010581,1.057609352787202,-0.2000000099928195,0.0515682983352412,-0.1862462719508314
36,-0.6927217818695491,1.55456496934676,0.8333122557416461,0.8994969125417075,-0.1574269827453354,0.2234213006204272,-0.1585599382102335
3,0.07990758547622058,0.30765303881899425,1.7551889764752726,1.558782183185063,0.544481521881832,-0.17278540977855075,-0.15883809147471345
29,-0.3640848471001923,1.9305318865666656,1.4970467713787516,1.0350035553728154,0.0559490914480405,-0.2248016956095115,0.0400613029058991
0,0.0333333333333334,0.2166666666666666,1.5707963267948966,1.5707963267948966,-0.1997909226200502,0.2462540891323962,-0.1997909226200502
0,0.1000000000000001,0.1722222222222222,1.5707963267948966,1.5707963267948966,-0.34015337082150215,0.19977933404653134,0.19977933404653134
0,-0.0333333333333332,0.2388888888888888,1.5707963267948966,1.5707963267948966,0.12524897720683725,-0.06524887598343333,-0.06524887598343333
2,-0.05588698973952406,0.37246582503426195,1.540675544240747,1.5734386108453429,0.4226713881561226,-0.15004820457483803,-0.15135223286877972
28,-0.359947650394574,2.006293180580064,1.422037642185084,1.2644977749413715,-0.0147019616503906,0.2295188181543544,-0.0109189979066006
0,-0.0333333333333332,0.2388888888888888,1.5707963267948966,1.5707963267948966,0.12524897720683725,-0.06524887598343333,-0.06524887598343333
46,-1.016996962664528,0.8527591900094355,1.4434824047723984,1.369543996837694,-0.2000000099232333,-0.0012103738495479,-0.1994625112507918
19,-0.3532091516779179,1.4777832053470352,1.480905813709267,1.7024610687909976,0.1999523210859072,-0.1485617012911555,0.1983294605226439
0,-0.0999999999999998,0.2166666666666666,1.5707963267948966,1.5707963267948966,-0.4128075021401451,0.12677282556665864,0.12677282556665864
2,-0.0334561977981239,0.24935796651011533,1.706670872024441,1.5236699467310175,0.44676894419255186,-0.1577499364936625,-0.14698547445430107
0,0.0333333333333334,0.2388888888888888,1.5707963267948966,1.5707963267948966,0.30729635204964145,-0.19991953981487004,-0.19991953981487004
3,-0.033725107960085675,0.32605778528183765,1.5633802344664902,1.5605776418388166,0.34715439284268224,-0.06438386948262063,-0.06428632352357663
0,0.1000000000000001,0.1722222222222222,1.5707963267948966,1.5707963267948966,-0.34015337082150215,0.19977933404653134,0.19977933404653134
0,-0.0111111111111109,0.2833333333333333,1.5707963267948966,1.5707963267948966,0.1193790020558087,0.0225091082685294,0.1193790020558087
9,-0.0871367725035476,0.4684126012460614,2.1142465430714523,1.9002228954841485,0.1999718967721202,-0.332830462101319,0.1883402829995499
16,-0.3177021700784043,1.2474772807867942,1.622927061490278,1.7671604209778975,0.1999722125633397,0.0109132789608998,0.1977389181658392
49,-1.0824897323852036,0.6635070604551041,1.768071120659657,0.9814152612872103,0.2000000099681863,0.639594678361566,0.1865264048232685
32,-0.4785034045702475,1.79640391831655,1.2942166449199075,0.907377152292134,-0.1739245150141409,-0.4849560480053027,-0.1793681553666806
12,-0.0588402605552039,0.7715986313245214,2.034420933894818,2.073687155414736,0.2000000099935002,-0.1874341950919622,0.2005816403294913
4,-0.0567908333500691,0.0481186267994204,2.144714550915744,1.3722497324818894,0.1739937361130294,0.1694161866747322,0.1364366342602336
36,-0.6836223175896028,1.5631223938597585,0.8958238771083717,0.8613613741584314,-0.1999998866026801,-0.141071963663438,-0.2003672050809408
8,-0.0449094031950903,0.3942396692965218,2.185471601168505,1.941945669461498,0.1999810912248154,-0.3077354871048812,0.186660109127972
49,-1.0923288731362053,0.6097586686880158,1.800830525109384,0.963960261625288,0.2000000099729468,0.6184034214630817,0.1798776012303493
33,-0.5490687580785683,1.70376194323492,1.0482334172473382,0.9095556867006672,-0.1999879028331245,-0.0985938197278019,-0.1994308462546707
2,-0.09979997749852217,0.2756352288754017,1.5903469196512896,1.5685689405312682,-0.229916094958684,0.05615747416824953,0.055643486287715316
17,-0.3374022138969951,1.2795839388095165,1.597261199115153,1.7263173231557436,0.1999706135562071,0.0594255681632606,0.1975428238418363
37,-0.7180861893705038,1.489982719758943,0.9520576931363188,0.8552815479157361,-0.186908342851655,-0.2865630068452152,-0.1888026887584279
7,-0.0926939655280039,0.351114934904033,2.0831391082821664,1.4991851891451036,0.1998623413258328,0.0847169837132432,0.1714136834355228
36,-0.6674283407941626,1.558991852454768,0.9358462845208438,0.9241006880752988,-0.1999999179989419,-0.1032014808940113,-0.2001073357672056
10,-0.1464190819139639,0.6163223161537031,1.8503032541504496,2.020893914004823,0.1999564698303586,-0.1063969886136746,0.1988602776227152
2,-0.0812241936010628,0.1746943655437333,1.7160167980110392,1.486831996575298,-0.1998752154892477,0.2908230623046458,-0.1880418356352384
31,-0.421908759607056,1.8619319501704872,1.529663511661107,0.96858699017149,-0.1568306581371985,-0.4625430164600186,-0.1573976390840354
29,-0.3630924276229609,2.027616490342749,1.4051055267436054,1.2584723789177628,-0.068518440164534,0.1480018180269048,-0.0656207133853159
32,-0.469272986918624,1.797218161192768,1.2983920034310974,0.9176962256793912,-0.1730295135394345,-0.4761946080290505,-0.1783354936111919
0,0.1000000000000001,0.2388888888888888,1.5707963267948966,1.5707963267948966,-0.199794431482392,0.0370911470652721,-0.199794431482392
37,-0.7034632657479161,1.502049493691134,0.8726472538655279,0.8911407025919461,-0.1999999255168271,0.0700882106229697,-0.2000953356244413
16,-0.3295514489363693,1.133184385457206,1.616683688152071,1.7438883257798918,0.1999557536794963,-0.0834235471031359,0.1993985165673411
37,-0.7272489006776413,1.518368805369735,0.9091720409822348,0.8394565668918988,-0.1999998712922554,-0.2724265202875769,-0.2014117400076157
41,-0.8283496022699179,1.346876936285221,0.7944601664128412,0.9321535735287392,-0.2000000099147683,-0.1959910019445609,-0.1954169085945399
0,0.0555555555555556,0.3277777777777778,1.5707963267948966,1.5707963267948966,-0.2790400847185487,0.14535502198317546,0.14535502198317546
43,-0.8633362911538335,1.3402594255406235,0.7858147092220769,0.9546279662149944,-0.2000000099913696,-0.1693303548944767,-0.1943120163868084
0,0.0777777777777779,0.3055555555555556,1.5707963267948966,1.5707963267948966,-0.40440035075431313,0.19805807792827212,0.19805807792827212
24,-0.3668078077422774,1.8110219618593295,1.3198345155439646,1.5857736681431571,0.1994481796814577,-0.2252090797871452,0.1983556430022994
3,-0.0450317795864543,0.0864103428532881,1.978061359198989,1.1290571536331544,0.1996405485348194,0.2263850884968549,0.1489016686443286
23,-0.376948743150069,1.723027795143892,1.342185161001491,1.5639664817006909,0.1999012204108538,-0.2755673310231777,0.2010666628190381
29,-0.3680894922448003,1.969500228618852,1.465940385433364,1.220247281668993,0.0130426899816504,0.145894623950246,0.0161995802041384
15,-0.2874376100540686,1.1225708417430609,1.646601227702186,1.836081130006751,0.1999931191449974,-0.0271463274258819,0.1969250037749691
27,-0.3285572644450478,2.088322975317727,1.2783283562498435,1.3376946635999785,-0.0346662625732193,0.3489197422369573,-0.0366753834944988
37,-0.7295934122424522,1.4786740372575666,0.9249679061442572,0.949870140238861,-0.1999999904908325,-0.121803876080413,-0.1996346940565398
39,-0.7680844014519955,1.4395925705043753,0.8019347289633842,0.8879681048821159,-0.200000009538485,0.041956899786645,-0.1996208159991548
11,-0.11530084732571763,0.8166046668927027,1.8098506928166431,1.8606495770819027,0.24260925239039627,0.19994061963177015,0.19845080110563573
41,-0.8548900418682633,1.3326929468192337,0.6712885236328194,1.066135300307829,-0.2000000099153417,0.1598489136946865,-0.1907599685431438
0,-0.0555555555555554,0.15,1.5707963267948966,1.5707963267948966,0.27807419151793966,-0.19975426361249268,-0.19975426361249268
36,-0.7039545390120163,1.5373627530651968,0.9379124587671496,0.8357898785507222,-0.1582982414821038,-0.2897903000599106,-0.1604277827779215
0,-0.0999999999999998,0.35,1.5707963267948966,1.5707963267948966,-0.449362583311237,0.18616524831525308,0.18616524831525308
16,-0.3411027292269984,1.1484516659073556,1.6150591782413373,1.7152211229685554,0.1999558386419511,-0.0885172034996745,0.199838780728485
0,0.0555555555555556,0.3055555555555556,1.5707963267948966,1.5707963267948966,-0.278692405886877,0.10935537486193186,0.10935537486193186
0,0.0555555555555556,0.35,1.5707963267948966,1.5707963267948966,-0.2895187719702583,0.17553538498320548,0.17553538498320548
37,-0.7171012432695545,1.4957216917525302,0.8407650073268136,0.9056607458563352,-0.199999921892904,0.0470739407514167,-0.1998841995857239
26,-0.3482786079877498,2.0707594658296973,1.2133940274826127,1.451017433545812,-0.22490198306267065,-0.19999947867403828,-0.18908547800481595
45,-1.025170550461178,0.8167442593429338,1.3216976068551975,1.361444737118782,-0.1999999919069998,0.0338745795050158,-0.1999766355581313
4,0.10168592047069902,0.28252700538615716,1.7272424103594073,1.5838538806719336,0.3849772866230156,0.09028933605088268,0.09486397493342685
38,-0.7721618014919476,1.42204123764685,0.8707219111267182,0.9340491916966446,-0.1999999007367848,-0.0388401953701186,-0.1993532004676648
28,-0.3473039797342205,2.109551792177687,1.307219487717974,1.3050088529240729,-0.1065779527976148,0.1745795558925498,-0.1065390992468697
29,-0.366411366884136,1.9742256762320127,1.5739665122402382,1.1842303323343086,0.0143237190180485,-0.057673108706889,0.011058316293876
6,-0.0989317010418061,0.22076171128416483,1.661412333199058,1.5726085895671418,0.4063367103292288,0.11003238805047065,0.11320249086602209
18,-0.3448378270810127,1.3102723375598988,1.6042311657768304,1.7100971110229255,0.1998353275510035,-0.1545090571501242,0.2003492070315733
32,-0.480753094837558,1.8029122389129035,1.3461632057634545,0.9023613696226244,-0.1314723260845747,-0.4209527381463603,-0.1368107509123086
6,-0.1370830345969709,0.2875537067242361,1.922441071912674,1.0787368792273515,0.1108542888866666,0.303666676373972,0.0963720941462014
0,0.0555555555555556,0.2611111111111111,1.5707963267948966,1.5707963267948966,-0.13314918461655306,0.09196572826729815,0.09196572826729815
29,-0.3540440189517353,2.004648839565933,1.5460216409049798,1.2321777747940783,-0.1402784468701158,0.1021615530288993,-0.130272495430769
49,-1.092118821132044,0.6263334548754528,1.78026749224814,0.9560790480762452,0.2000000099673298,0.6450715902522091,0.1831786322525359
37,-0.7204577934750693,1.473949370835277,0.8539035574080223,0.934705939248968,-0.1999999222207673,0.0977866763814562,-0.20013665525098
0,-0.0777777777777776,0.3277777777777778,1.5707963267948966,1.5707963267948966,0.10184137238576339,-0.17844750026534514,-0.17844750026534514
29,-0.3636735445190565,2.007399780445944,1.4788843737050614,1.2163698894614186,-0.0319491058741789,0.0247705794199788,-0.0302117248560718
7,-0.0428137151203818,0.3151221629519222,2.2074846822649525,1.9407814650024515,0.1998918358011863,-0.3556998036508476,0.1834500999448398
27,-0.3274824016380556,2.1022733123531525,1.382164816463285,1.3202815556976668,-0.1995122212672473,0.1687928403108405,-0.1980864447769215
26,-0.346583410988563,2.028908518185742,1.2556152380302337,1.364395580672395,0.1335087685344162,0.3035483697488996,0.1294241304381187
45,-1.017221433440927,0.8534317673985481,1.3449114377391154,1.359444268694194,-0.1999999937579926,0.0062043645140632,-0.1999878901934929
0,0.0777777777777779,0.2833333333333333,1.5707963267948966,1.5707963267948966,-0.3792818520132476,0.18031257198932615,0.18031257198932615
12,-0.0104092335188926,0.8685228184208134,2.1755302550796385,2.030128545764758,0.1999764376831447,-0.2022118064247609,0.1949363976545605
16,-0.3343461331791487,1.107059311136498,1.5647959870309736,1.7392056281555808,0.1999838269963254,0.1601724383037452,0.1941704825612277
10,0.0157843258690765,0.6191394902988119,2.2145008945745728,1.980918062775585,0.1999823468406519,-0.1320522259820424,0.191494953986197
9,0.0943936216634721,0.530140649435057,1.7203025764709645,1.6143370247379214,0.5518300969404072,0.20000000994503256,0.20471475129020483
34,-0.5737193269059735,1.668163873927052,1.0932748861311348,0.8614845386375617,-0.0614123102709836,-0.3259172793944256,-0.0672569243693717
13,-0.1786177386912467,0.8729263160907678,1.7604907807180077,2.036717368069111,0.199980750342402,-0.039608992424978,0.1934800046888241
0,0.0555555555555556,0.35,1.5707963267948966,1.5707963267948966,-0.2895187719702583,0.17553538498320548,0.17553538498320548
5,0.10032639929509972,0.21273187048975942,1.6479951898243765,1.552846114005725,0.5960671883846278,0.14923774270467835,0.154225672080137
19,-0.2923008745317907,1.482401812558103,1.5770142344895133,1.7295948771402163,0.3111002447644287,0.19999975996226274,0.1929477999018648
3,0.07783204487809137,0.21137739276055623,1.5995961176839213,1.5619544033745323,0.48994891112075306,-0.0763755060653358,-0.07447758807280828
0,-0.0333333333333332,0.2833333333333333,1.5707963267948966,1.5707963267948966,-0.09295375239908964,0.19118105671598923,0.19118105671598923
11,0.015132904995637932,0.8180456775097743,2.4122185011748476,1.81495419369974,-0.29899529625449744,0.19999005889006397,0.14855225029110689
34,-0.585979163458743,1.6496147803914305,1.0565549804615046,0.864227128623983,-0.0152252951384551,-0.2691219340017099,-0.0200886837102751
0,0.1000000000000001,0.2388888888888888,1.5707963267948966,1.5707963267948966,0.037091147065255986,-0.19979443148239204,-0.19979443148239204
3,-0.10177492819819542,0.21896213405775472,1.6264970750224332,1.5346250114328317,0.27330818107544724,-0.028262791350208732,-0.025636191618330865
0,-0.0999999999999998,0.3055555555555556,1.5707963267948966,1.5707963267948966,-0.11497253985146935,0.026580636071759055,0.026580636071759055
26,-0.3394105636583349,2.07285726317256,1.2453438269426138,1.3640228317264886,0.059204426768612,0.2989430426213864,0.0552484736393146
8,0.1021894605563147,0.415383695977272,2.098833886304752,1.6613784431170495,0.2000000099533993,-0.1706060726429507,0.1739390353989867
0,-0.0999999999999998,0.3055555555555556,1.5707963267948966,1.5707963267948966,-0.11497253985146935,0.026580636071759055,0.026580636071759055
11,-0.2144221171460645,0.658791390055118,1.743245732878457,1.9574342783871763,0.1999745878709162,-0.1058874497920667,0.1976556937201834
1,0.0069591452070784,0.2093856219381231,1.749489552336077,1.4678590686217787,-0.1999197964362246,0.2221630162539136,-0.1858692648166658
8,-0.08526056496887399,0.38711434252633115,2.096030279943742,1.7553195667856307,-0.05659459599807318,0.19996967471455557,0.18658375240211597
0,0.0555555555555556,0.1722222222222222,1.5707963267948966,1.5707963267948966,-0.14582178322542047,0.19914198241669304,0.19914198241669304
18,-0.3570964519647155,1.3789773828936038,1.61301901724889,1.6649327624693473,0.1998496510580218,-0.259486685458254,0.2009268980095062
44,-1.0055385310760736,0.9185785887970046,1.1041813384854118,1.3998569213936345,-0.1999999579609008,0.4900897388078623,-0.2056015986349955
42,-0.985705767450868,1.0123286116936576,1.0358698081452096,1.344492464919304,-0.1999998021229621,0.1962688291398244,-0.1965119789257015
1,-0.0784856590243677,0.2723745091767833,1.4989339230048984,1.5804025053422075,-0.1995610899900729,0.4341657500122823,-0.2024323751892067
38,-0.8322913131730312,1.3861853056612476,0.6756500609444607,1.001241739772424,0.1997600714458643,0.2332170022279581,0.1818051042913669
0,-0.0999999999999998,0.35,1.5707963267948966,1.5707963267948966,-0.449362583311237,0.18616524831525308,0.18616524831525308
43,-0.8731208638702955,1.252873933109678,0.8163424938702392,0.9605477292008134,-0.2000000099755371,-0.2086898949677549,-0.1949250978712518
29,-0.3652260642260753,2.034425756221221,1.4178153472698332,1.2581565987274708,-0.045617180976141,0.113531412733959,-0.0432320659124861
7,0.1048670971542953,0.3226887572050658,2.024740147332941,1.5348169310729556,0.2000000099626425,0.1481874779436208,0.18344688964483
31,-0.402061917271448,1.9472718856726523,1.514640826392581,1.1217616202438814,-0.1999993820061986,-0.2021347940297211,-0.1925002738111804
2,-0.0093068031196316,0.0826514015696224,1.8865456018266291,1.2795428829058344,0.1606687293465797,0.2895703311037449,0.1484844174041369
3,0.07708952683128965,0.28060640863366865,1.538588926979613,1.5707730888803066,0.5018672138273611,-0.18482638952665423,-0.18634561306287656
1,-0.1014823028182334,0.2506890739309884,1.4209785686384002,1.5907155723239073,0.1992370866788945,-0.318687836969548,0.2017572707127688
0,0.0333333333333334,0.2611111111111111,1.5707963267948966,1.5707963267948966,0.37262003338215405,-0.19994217494671665,-0.19994217494671665
0,0.0111111111111112,0.15,1.5707963267948966,1.5707963267948966,0.38022983069613614,-0.19984198028788652,-0.19984198028788652
0,-0.0777777777777776,0.1944444444444444,1.5707963267948966,1.5707963267948966,-0.20553646666327713,0.19992106105418703,0.19992106105418703
43,-0.9943496763242358,0.9710578587600636,1.0648249429015388,1.3124589116108172,-0.1999999780241983,-0.0044158723963031,-0.1937907558243213
29,-0.365685578336509,1.982139383964204,1.522800748599327,1.1824087269135597,0.0081197308883767,-0.0374112551534712,0.0064048524436424
5,-0.07895619719979488,0.18806811911424956,1.6192492806029062,1.5420771970372769,0.435249799881318,0.030716324056873783,0.03398048380677645
49,-1.076093425913797,0.65504266915337,1.7570365664312688,1.046678268819497,0.2000000099634264,0.6944810049216781,0.1969131476340068
30,-0.3736045543090526,1.9973986149343652,1.4791064357570582,1.2109647606487353,-0.1999810138445868,0.0657463937296844,-0.1910927886316735
3,-0.0561063022202729,0.0910804508309182,1.9196261479570136,1.2419857451482388,-0.0168105279583134,0.2584111857166175,0.0031049444240956
4,-0.10059644384104462,0.5173376150253346,1.6238543637940142,1.5849588938136903,0.4907684896104044,-0.08112970023080293,-0.0791599532915388
34,-0.5737547068084501,1.6863986703426574,1.0775563027098607,0.8632286686899562,-0.1835812822411107,-0.188739062277804,-0.1833951733580264
13,-0.2498222735062755,0.8695495078458274,1.6990911414335703,1.9050681222489985,0.1999607347827774,-0.0774953423234166,0.1973188545370771
45,-1.0137342580402908,0.8712536387995561,1.2165141445019363,1.4362068237876566,-0.0894855155417326,0.5164677539822581,-0.0985900499553198
9,-0.1495174473037527,0.494731000100123,1.8606605220107124,2.0041828186538027,0.1999868499080186,-0.1222574596148748,0.1996793029697336
16,-0.2519174970013993,1.1036417040407225,1.8209613183611806,1.7913120882803129,-0.2983801539129895,0.20000000994403602,0.19902756412174702
42,-0.955234501789022,1.1007797978238814,0.8602672693728683,1.160910660976057,-0.2000000076379309,-0.0887711821877243,-0.1884004148962261
0,-0.0111111111111109,0.1944444444444444,1.5707963267948966,1.5707963267948966,0.3806528054895435,-0.19993736276202304,-0.19993736276202304
2,0.055245651364181754,0.3265202102455694,1.5149595933642725,1.5846146494837818,0.4444985340193548,-0.1485587271851089,-0.15129213623500154
29,-0.3570651677604338,1.989463684382703,1.4539445127763333,1.2294829920322754,-0.1062691022148739,0.1380406651637211,-0.1005307177825201
0,0.1000000000000001,0.2611111111111111,1.5707963267948966,1.5707963267948966,-0.21350118027676815,0.14798275135700062,0.14798275135700062
38,-0.7667036309580169,1.4246193627237846,0.9076913591770128,0.8780470628375567,-0.1999999897331096,-0.3112209262294919,-0.2008345751581169
39,-0.6888875125186751,1.5595509725301553,0.8556546576301727,0.8486131319119384,-0.2000000099634021,-0.1092005655865691,-0.2000719448988631
0,-0.0111111111111109,0.35,1.5707963267948966,1.5707963267948966,0.3561175064547438,-0.19968190542199007,-0.19968190542199007
32,-0.4593881912764168,1.831824500793865,1.4307639685442246,0.9716645694339456,-0.1999911329311413,-0.448715657920956,-0.1991668698332771
19,-0.3057479810957895,1.4187222278209377,1.6778432325002302,1.7797982405202024,0.1999101536113975,-0.218342829020163,0.2010942977485051
0,-0.0777777777777776,0.3055555555555556,1.5707963267948966,1.5707963267948966,0.4435299205771083,-0.19993393403441095,-0.19993393403441095
27,-0.3281765039208756,2.1279182314334864,1.305400265517145,1.3305715301773862,-0.1462607408873564,0.2493550655447617,-0.1468420004318851
25,-0.3685854971892191,1.8820908680322272,1.2636048401467894,1.4733177284999814,0.1999247100099527,-0.1283792319231586,0.1982170918260892
17,-0.3463455895095079,1.2362365171244378,1.5910392593667328,1.7047401839598837,0.1999735036079477,0.0620237201847341,0.1979785799019368
5,0.10024403079651667,0.28442220451527217,1.4944817438890858,1.5999882665748566,0.5642806337410858,0.022589917332969407,0.016521813178231853
8,0.09947329737205375,0.4013473999461727,1.7236110373076539,1.6000151759110592,0.5286034472910917,0.20000000999372264,0.2049910586279214
40,-0.88711114679484,1.2421217419854904,0.8628797082609796,1.012947289159356,-0.0973571675905323,-0.217775363010159,-0.093007118530916
31,-0.4067668103025357,1.90407581281674,1.5449008220553604,1.0717349634951123,-0.1999940382033863,-0.1945298285403615,-0.1868855554568541
36,-0.6543252567697667,1.5664627928812824,0.8902277323443326,0.8909606112839054,-0.1999999248499475,0.1236599215839722,-0.2000089339132247
0,0.1000000000000001,0.2833333333333333,1.5707963267948966,1.5707963267948966,0.1265162759783968,-0.3828280666888969,0.1265162759783968
22,-0.3704385496313448,1.6425412390577545,1.4807873747074394,1.6212763189416104,0.1557516549525644,-0.1437988967878156,0.1562307115140274
29,-0.3620380139198501,2.0590784276110696,1.3945092656642486,1.2646049864245312,-0.0863982657491168,0.1593062639767203,-0.0836066586351889
29,-0.3585991646836836,1.996256369592599,1.5541402753853384,1.2149987170404108,-0.0814328309940844,0.0791856462833799,-0.0741601359571924
25,-0.3555141386504597,1.9468537861686288,1.2207084292632953,1.5164063195518906,0.199908991236243,-0.1550497225246839,0.1957510076156661
42,-0.9757269057287178,1.0260384120661048,1.02947476786178,1.2584039160482774,-0.1999996237963393,-0.0306662725267791,-0.1940857027194472
31,-0.343828589756264,1.9619784709548649,1.2907681991993787,1.548744086488332,-0.1260132239079166,0.20000000995729905,0.19659658032568417
35,-0.6238761451526054,1.6230528761347645,0.9791033459357426,0.4385953967344571,0.03418586459216693,0.20000000995872552,0.17324859918724198
9,-0.0199508063938639,0.5183004038118962,2.179144187309059,2.04572783030305,0.1999728419851303,-0.3187986726915736,0.1939550407241769
43,-0.9943812190032942,0.9758803784238624,0.9450542181482784,1.3521905344895349,-0.1999998683374015,0.3692647863937235,-0.1982737864349679
0,0.0555555555555556,0.1722222222222222,1.5707963267948966,1.5707963267948966,-0.14582178322542047,0.19914198241669304,0.19914198241669304
2,0.03382712843726182,0.43284868280688527,1.6222865777697901,1.5629419264220574,0.3907819924432553,-0.19959922519415252,-0.19693013416067512
49,-1.0985890234788518,0.6257048302540654,1.777796042187421,0.9177878251760434,0.2000000099680293,0.6332685257213213,0.1784783784441113
1,0.0549845145965459,0.2915766338891544,1.5042705874039628,1.582770157261249,-0.199825032448582,0.293945522554968,-0.2015147599954374
34,-0.5809803934620433,1.6806017478841746,1.1289309546502926,0.839361378939058,-0.0979953571071355,-0.4023940152690596,-0.1054054519620896
6,-0.09648314661794805,0.29512027598806484,2.0439821174931696,1.509159415015273,0.15147797721965378,0.19556223386817234,0.17597438820771322
9,-0.059897122768415,0.5815412879350792,2.138095970450808,1.985685017138535,0.1857589493163322,-0.4153276777306136,0.1773000457215927
4,0.034170246456326,0.0855607953814357,2.2096314025394537,1.3954527179878848,0.1996719469659106,0.1807613014876898,0.1502122493155522
8,0.04939409298863134,0.5715909788596747,1.7167075358437733,1.6299906793675076,0.40643177040735423,-0.057692023968875315,-0.05395521023265268
0,0.1000000000000001,0.2166666666666666,1.5707963267948966,1.5707963267948966,0.03836785227926507,-0.19993278612429316,-0.19993278612429316
15,-0.2770316439148353,1.0613106096834326,1.6644010485735814,1.8602072388655957,0.1999876859271672,-0.0864783190178666,0.1978486483895901
48,-1.0592615307944988,0.673596612650002,1.6943692930829934,1.1955206725300205,-0.2000000099555374,0.2129224640527812,-0.1654402792956887
29,-0.2939769093054951,1.955819875669062,1.5622374392989444,1.3449571009387435,0.31555532072292014,-0.11660997788316806,-0.10706559368373766
24,-0.3854751207321745,1.793782123721101,1.3552405839359152,1.556902116183344,0.1998547421332125,-0.1560028829672029,0.1989294099443416
6,-0.09576264135355737,0.2340080662035985,2.093203277451609,1.6035984428371575,0.013990922024076393,0.19975448625529138,0.1769450436094689
18,-0.3312294546514038,1.4775568885496413,1.5666114136518847,1.7429923397563225,0.1972090281554946,-0.4356583252858451,0.2017937645679526
0,0.0555555555555556,0.3277777777777778,1.5707963267948966,1.5707963267948966,-0.2790400847185487,0.14535502198317546,0.14535502198317546
6,0.08238406440665211,0.14461070906500054,1.957651128406014,1.5622505968855727,0.18000942545461426,0.2000000099945855,0.19150204602418391
26,-0.323527471618619,2.1357004580902497,1.305844425915085,1.3381074297318412,-0.1503002041741839,0.239866259304951,-0.1509957334669682
25,-0.367420565890666,1.9431962428431049,1.242210456926398,1.482703496563729,0.1996539868827578,-0.1862090251166977,0.1983432315044435
22,-0.3637981765235419,1.657307508800494,1.4058166972011816,1.6345809671930995,0.1990671542208049,-0.1416679301711478,0.1970935939455119
42,-0.9555914591861944,1.0976937400615436,0.853497824551039,1.158614599391824,-0.2000000071214871,-0.0870339104276937,-0.1881478443243274
11,-0.0786603052217957,0.6736375868230454,2.02948602985411,2.066597500250905,0.1999863580343736,-0.328822965922511,0.2010686873919028
6,0.09936438239972305,0.4992126973737228,1.6650867638893248,1.5865777843818079,0.15808095005614292,-0.18326674341296664,-0.18146243364952386
7,-0.10157656807978367,0.39328854643926503,1.7838736990560067,1.6201559908202652,0.396145958423958,0.10050314992967173,0.10561591508000212
24,-0.3719130575132675,1.8079116366916912,1.3086221013973691,1.5165706264958436,0.1999265223160226,-0.070793768363619,0.1970809655959292
30,-0.3659365652322842,1.9629971349405029,1.5154775766027495,1.1697376855636603,-0.1999864003832252,-0.0115295321271104,-0.1885429260429192
32,-0.4724386649687061,1.799266581534389,1.323230384368895,0.9239532573686118,-0.19998450094144,-0.4941714507357841,-0.2034652059852273
31,-0.396745944569062,1.9211916159112503,1.5523796869657305,1.0951762729806862,-0.1999762934403539,-0.1607884885595247,-0.1865346893891113
1,0.0066834707902345,0.1654350375874161,1.7629936698821638,1.4602172331028198,-0.1999124179213187,0.2471038638889303,-0.1834509319324751
22,-0.3296411545073918,1.6307501138250815,1.4891098167551151,1.7488995524709046,0.199737053055747,-0.2612588095241249,0.199745825863397
23,-0.3712003277058479,1.804656602699226,1.3532704975210306,1.5106218017951196,0.1642773806910717,-0.1228727095951786,0.1641733155461769
27,-0.3274605194529945,2.114502761737864,1.2520574118851266,1.3548748380338262,-0.0567838996085794,0.3493152725769745,-0.0600692656801762
24,-0.3674228392330075,1.8350341799416576,1.286805629965063,1.5232272036719934,0.1999589968358706,-0.0461189004909245,0.195476829612737
0,0.0777777777777779,0.1722222222222222,1.5707963267948966,1.5707963267948966,0.06614241123843782,-0.19983989605253327,-0.19983989605253327
18,-0.2796467777501546,1.3429189151270235,1.638186386701455,1.857591435349826,0.1999425413900138,-0.2350671021324769,0.200265552697856
34,-0.560782543714822,1.6911147914815547,1.0830650438048768,0.8707574152442217,-0.1999997278134391,-0.3263648744549655,-0.20238622559493
10,0.018684499369979,0.584329371512824,2.0500940196711004,1.8933407180874304,0.2000000099494296,-0.1793333244646206,0.194748266349589
17,-0.3262928958373101,1.2154663887645434,1.6038730842133546,1.7504187167287366,0.1999707863735836,0.0562271720174273,0.197006339314658
28,-0.3404838713968945,1.9411811256759848,1.2643699889638018,1.5007944409133023,-0.16097346187146577,0.1999999837216463,0.1982067703929675
13,-0.2254613631316976,0.8155220841608719,1.689432400100164,1.9287333780760512,0.2000000099592936,0.0998797840479536,0.1919334026385928
0,0.0111111111111112,0.3277777777777778,1.5707963267948966,1.5707963267948966,0.40209604071790506,-0.19974461374418676,-0.19974461374418676
0,-0.0111111111111109,0.3277777777777778,1.5707963267948966,1.5707963267948966,0.38909411936052873,-0.19971430670961426,-0.19971430670961426
20,-0.3634358989953861,1.6000315473458744,1.4210977225100971,1.6609746334856792,-0.0293494110494544,0.0384904645923932,-0.0294235242477916
43,-0.9500026613555376,1.1581438478104886,0.8943966744499338,1.2914784880627848,-0.200000009900995,0.4836050632942303,-0.2031411058114514
8,0.07289975947188544,0.4192482464840718,1.9147783172705868,1.7404914612962918,0.23966681499433937,0.19996546782954797,0.20109204408426815
5,-0.0778798262391104,0.251817330305799,2.033553649939232,1.4114570935388857,0.0198291530636654,0.1910257517882765,0.0272461686488479
29,-0.36750847150708,2.003621246510298,1.4677365426752609,1.218173722343277,0.0064588915296381,0.0424586260665929,0.0073074428481858
32,-0.4467609460009274,1.852609026113408,1.45027164997569,0.99095013587617,-0.1998970358521953,-0.353081334720563,-0.1948319179950063
0,-0.0999999999999998,0.3055555555555556,1.5707963267948966,1.5707963267948966,-0.11497253985146935,0.026580636071759055,0.026580636071759055
43,-0.986432406132864,1.0119238229739098,0.9854440213447312,1.3495661815678546,-0.1999999523957445,0.4243632896106212,-0.2020001182103192
4,0.0861174059244934,0.1514679425282783,1.5753243167427955,1.6321374145011494,0.0446318057978262,0.6328453812265981,0.0409663386978893
16,-0.2818370873923513,1.2363688683655885,1.6625552524929992,1.832151729894432,0.1999723891836987,-0.0210275526627939,0.1974582891994606
5,-0.0959666064965144,0.1220201465117615,2.086975221207592,1.2754464957437537,0.1998229969584253,0.1900740310616328,0.1513430681175815
46,-1.0420734692803568,0.7428059042555172,1.3607572911720809,1.342188303566577,0.066495757130953,0.2055349909043096,0.0668659290862759
25,-0.3570095515472338,1.9451750247906188,1.2690373139303954,1.4356496110727903,0.1999137651941911,-0.1150434624673396,0.1990533190421374
2,-0.0569292772678244,0.3363040584994038,1.7422999268114978,1.4936019907908005,-0.1524198327414874,0.2678962107946637,-0.1411363886360057
22,-0.3667514055424367,1.6109020706552877,1.4227083175308213,1.6679998705921386,0.1970000945841954,-0.1683139991762756,0.1951905282304613
48,-1.061450243607545,0.6692888502227505,1.7306707442481069,1.1667807090431843,-0.2000000099583296,0.1780041107873473,-0.159522554445183
4,0.0522114015182827,0.1385169125665364,2.1412688668404702,1.3362742414737574,0.1881964578164699,0.2705000604903577,0.1499401808987975
4,0.07649309562903621,0.0377358585378476,1.7801151549167296,1.4868608345773535,0.2887062049247996,0.14360082670631552,0.14581585758824842
26,-0.3327049910975079,2.1146001968750987,1.1841865809498024,1.3851366696964138,0.0914809258768266,0.3007136301951288,0.0836378343313909
37,-0.7274329487861012,1.5018187469365405,0.962371545349408,0.823319019272512,0.0793888509604301,-0.2818723112957181,0.0747156842347784
3,0.032721576643120254,0.38709943789016854,1.5078489976611475,1.5811414768235819,0.6312808631507849,-0.19894956586259538,-0.20303812031498308
2,-0.07760414517977728,0.2661430485641207,1.600405746200357,1.5635634501840208,0.44351218330091474,-0.1715697765153681,-0.16981971807155663
0,-0.0777777777777776,0.3277777777777778,1.5707963267948966,1.5707963267948966,0.10184137238576339,-0.17844750026534514,-0.17844750026534514
30,-0.376885811905935,1.991868002925885,1.4843969644049633,1.210850898366665,-0.1999788680777647,0.0195790236396198,-0.1920145299644199
16,-0.3160674143072568,1.1223759295269626,1.6291716982866142,1.7680466008307798,0.1999632290525435,-0.0803947751350896,0.1991509532070216
4,-0.0423759552801922,0.1391994738008003,1.946321326658068,1.1681835282437951,0.0605635741947057,0.2301256049254918,0.0592884736982595
7,0.07883167005650253,0.3141156009522769,1.6565833567318062,1.5662986399042211,0.5439222750521944,0.2000000099935017,0.20408954849702676
1,0.0064274249503728,0.2552796831033299,1.7772679904615565,1.4524014159278589,-0.1057521221808297,0.1748012907503323,-0.0946412314264161
11,0.041324837743804646,0.7550299650649639,2.3985824036090335,1.7222332556989746,-0.10400161573680039,0.19997421065452944,0.14944253871090726
39,-0.7665709249785859,1.4545289000698964,0.8691218188459565,0.8563043092795407,-0.2000000099550556,-0.1666065477698447,-0.2001971235787942
4,0.1025164820476887,0.0563034425963009,2.0035271247192927,1.4990191845094136,0.155422925280404,0.1007838916274037,0.1409308197333631
6,-0.0709740257566868,0.3637727206818053,2.143143480184042,1.579555479882252,0.1679113779279606,-0.0648628327610633,0.1384777165177452
29,-0.3515069071356155,2.036714612747917,1.4994536654870674,1.2410244492280864,-0.1721349833640592,0.0947197509987835,-0.1639981495272099
40,-0.8008874298186066,1.3957018184763657,0.6829252512360402,1.015740367981109,-0.2000000099596492,0.0435897309867825,-0.1904493829758903
2,-0.05554139057958364,0.4716207567123589,1.5718476782229285,1.5710656914479515,0.3573665801716963,-0.15589590070379522,-0.15586790744726434
23,-0.3584762912146601,1.7477527431847992,1.287952634556672,1.6164098189853466,0.1999595768289639,-0.0494311038767336,0.190864532758698
0,-0.0111111111111109,0.3055555555555556,1.5707963267948966,1.5707963267948966,0.36817300984275736,-0.19974942508477256,-0.19974942508477256
21,-0.2755184906062597,1.5257300072236586,1.5428065271945668,1.7779689072540241,-0.57897269473065,0.20000000968220077,0.20798542916524
3,0.05537836770659118,0.13938550928981852,1.5851565907385687,1.564091214720026,0.608510174988433,0.028854709575053376,0.03013006243550077
9,-0.1057757072756263,0.4966636861224942,1.9086121361656956,2.0794266561917363,0.199974237202273,-0.1119346631756546,0.1989666618234336
3,-0.1014982668790331,0.38184462310271094,1.470781865317024,1.5707294873914948,0.4961718141959999,0.018912730286238983,0.013867477404635472
4,0.09842268025955,0.4270960614023323,1.4776109780534623,1.5719386975324785,-0.1998456963077102,0.6352496940525254,-0.2049405533033794
0,-0.0111111111111109,0.2166666666666666,1.5707963267948966,1.5707963267948966,0.3687586470214103,-0.19981951277973756,-0.19981951277973756
30,-0.3687744069132946,1.9873476263747811,1.5288450822821518,1.2047611534276854,-0.1999848881432755,0.0321114795464174,-0.1885516828084278
3,-0.10034725450904926,0.6389227534494345,1.6343036937203745,1.5829663021167928,0.49971003038156386,0.1999772882901211,0.20227807755767555
46,-1.0544329176883915,0.6807505064301945,1.3701031599429456,1.3484665102858076,0.200000009816734,0.5074382937096572,0.2010510379755384
48,-1.0613749853898389,0.6996731837990986,1.431143087656808,1.3315515402883205,-0.2000000099646235,0.4664162960505547,-0.194371544682633
0,0.0555555555555556,0.3277777777777778,1.5707963267948966,1.5707963267948966,-0.2790400847185487,0.14535502198317546,0.14535502198317546
2,-0.05563349623286632,0.48597244496049685,1.5637195306506495,1.5707817155474966,0.5746686011923481,0.19977073117971245,0.19935991125410427
30,-0.3717030077742386,1.952933327574996,1.5271816335054935,1.1741886816631075,-0.1998582233085534,0.1159441333962179,-0.1835271323078964
28,-0.3385595886568695,2.1136942620054584,1.3630060688375458,1.305093401503839,-0.1986440668988642,0.080862403657655,-0.1978430120786002
5,0.0930851085576212,0.3329905639188958,1.7952358250797251,1.4266934538952984,-0.0302172129509789,0.321860792782479,-0.0165930013908511
0,-0.0777777777777776,0.2166666666666666,1.5707963267948966,1.5707963267948966,-0.15248996489396008,0.19994027393048325,0.19994027393048325
24,-0.3547902007756837,1.9489979128197852,1.293294554971204,1.4436432029235875,0.164558616396627,-0.1569577566251802,0.1650531750235638
0,-0.0555555555555554,0.1944444444444444,1.5707963267948966,1.5707963267948966,-0.09382804398824439,0.1331731943034651,0.1331731943034651
1,-0.0152478639442934,0.2538433012686108,1.7488550800222322,1.4682365479034896,-0.1018394377106074,0.2201241942721822,-0.0917595783907685
27,-0.3335442878609532,2.104421013147934,1.3848069989990337,1.312700174793298,-0.1998899614308971,0.0709599111673502,-0.1988593071018488
1,-0.1001614192109973,0.24808565276662056,1.5840866448307764,1.564554914026805,-0.3209776945642215,0.19986822002962146,0.19920321239462715
46,-1.0228585851618113,0.8178883024874932,1.480042107901025,1.357585675671622,-0.2000000090634051,0.0481531299224632,-0.1979141307511329
10,-0.0438161819361301,0.590912520086219,2.1099932470322327,2.079266223899113,0.1999651232839545,-0.4056012542787279,0.1986246363731262
1,-0.011364298802357592,0.4178098552068425,1.5464377431806664,1.572612618925696,0.625999378820391,0.19969607378242163,0.1979893108886449
8,0.08272859359381164,0.5560706001581132,1.9831791868970736,1.7275046198285797,0.13735043299795582,0.199924979131367,0.19689956808174794
0,0.0555555555555556,0.2611111111111111,1.5707963267948966,1.5707963267948966,-0.13314918461655306,0.09196572826729815,0.09196572826729815
16,-0.3415691108119155,1.1617625969864491,1.6051892368372604,1.7126039094531094,0.1999507928995109,-0.0360307398349954,0.1991846734481485
0,0.0777777777777779,0.2833333333333333,1.5707963267948966,1.5707963267948966,-0.3792818520132476,0.18031257198932615,0.18031257198932615
46,-1.0430986784915466,0.7197115730824402,1.3796460589557569,1.3679366490174991,0.200000009499717,0.4731045633516976,0.2005402634959606
4,0.0540377908372695,0.3029708041473886,1.931972055845524,1.4282381646472495,0.0402392246215146,0.2973826536175603,0.0495955932358801
37,-0.7746924805978745,1.4644379682912168,0.818085302161752,0.905660440517912,-0.1999997392745726,-0.2412128777476098,-0.1971235638518484
21,-0.3742670045689035,1.531936856363752,1.43616162144557,1.6234151517504114,0.1464451871737624,0.0350943509064068,0.1432318915153312
44,-1.0048031350112736,0.9365703860524532,1.0154737336183377,1.3945240406110289,-0.1999999765967944,0.3926595496109514,-0.200333183139356
3,0.07755930088417558,0.2182520377221028,1.418318385365195,1.6155679250213026,0.45714338202173116,0.015732858503330227,0.006469013753095335
44,-1.002535307090774,0.9385875433801776,1.1145883497856817,1.385958217409408,-0.1999999806176865,0.2344006012643089,-0.1989640439245886
36,-0.6698634756986794,1.5653827253459376,0.9709075684484958,0.8455859207211007,-0.1937942024825048,-0.2782148625377151,-0.1957518893696856
31,-0.4116274266363083,1.891835718994918,1.5203717961231529,1.028065045946629,-0.1999063687338603,-0.2750412424815968,-0.1891665652207657
13,-0.2661619838229646,0.8577440916482932,1.6778505376734216,1.8754914933706688,0.199967541478362,-0.0648627991141252,0.1973483022858881
13,-0.1269492200500532,0.8811407633770737,1.85056980360918,2.0931275551862214,0.1999939839293919,-0.098581517248448,0.1965073156940167
42,-0.8781509470394536,1.2209856133843524,0.9710309213766104,1.100425029822237,-0.2000000099574361,-0.0834939779207119,-0.1972507103787981
0,-0.0777777777777776,0.3277777777777778,1.5707963267948966,1.5707963267948966,0.10184137238576339,-0.17844750026534514,-0.17844750026534514
3,0.07973932631235639,0.13749831631053216,1.7484835308347755,1.5705168087792416,0.36515098905065424,-0.08786710710270214,-0.08001508221555459
0,-0.0555555555555554,0.3277777777777778,1.5707963267948966,1.5707963267948966,0.0275446503779048,-0.159730855382154,0.0275446503779048
30,-0.3623598546299342,2.0017134461178188,1.5104160061458858,1.2167384296976027,-0.1999872348789354,0.0667274304660342,-0.1894933511554327
23,-0.3731149789542007,1.750502403575198,1.3338067275571577,1.526970275280108,0.1998844689755262,-0.0671257621809855,0.1974555659965087
15,-0.2277309197613233,1.049890539069535,1.7000252893270922,1.959318900556425,0.1999947018903777,-0.0324772807368997,0.194141856630109
41,-0.931596361908006,1.2002163335122686,0.752332478698432,1.2385601050521364,-0.1347148224305527,0.492547740345332,-0.142118100844512
0,0.0555555555555556,0.2611111111111111,1.5707963267948966,1.5707963267948966,-0.13314918461655306,0.09196572826729815,0.09196572826729815
46,-1.0575457181831394,0.659321132470036,1.465423410047218,1.3226412753674477,0.2000000096227599,0.0836142845918112,0.1991546071093442
16,-0.2830239593023455,1.147060854637346,1.6854124773512478,1.8329993868684415,0.1999876348200487,-0.2181837413787936,0.201021959677769
49,-1.0754788950574226,0.6531177280833637,1.752858366159974,1.05821968889733,0.2000000099618263,0.7028374084155539,0.1986461916697359
0,0.0555555555555556,0.3277777777777778,1.5707963267948966,1.5707963267948966,-0.2790400847185487,0.14535502198317546,0.14535502198317546
44,-1.0131713978782833,0.8854316879611721,1.051730755249736,1.4158960680090518,-0.1455116765064321,0.5891704462916196,-0.1569536735970317
33,-0.5247517971040357,1.733115056476911,1.1437998881974751,0.9024459149973704,-0.1999787715480608,-0.172752297459636,-0.1983115186721367
26,-0.3564903692742881,1.9803410382766544,1.19941522418521,1.42254269648221,0.1999514449851259,0.1542990575733738,0.1915803433228823
18,-0.2959143366150846,1.360492262587033,1.6800842490872767,1.8070941146567543,0.1999424510209336,-0.2947491379023658,0.2020654793138497
7,-0.0683881341833657,0.3173832156525595,1.9624745279104001,1.2820065097618811,0.35447160345408985,0.19997401596720354,0.1777372971545636
0,0.0333333333333334,0.2166666666666666,1.5707963267948966,1.5707963267948966,0.2462540891317297,-0.19979092262004983,-0.19979092262004983
0,-0.0999999999999998,0.1722222222222222,1.5707963267948966,1.5707963267948966,0.02194980987667257,0.04006885609833144,0.04006885609833144
24,-0.3851812886527194,1.7999422158858218,1.216935943722105,1.583683875772275,0.199980384317913,-0.0079951851735364,0.1869680636421531
13,-0.2369928247167796,0.9026653945029244,1.7332877441492842,1.8945463411012788,0.1999367467104084,-0.0984548108666142,0.1989235605439941
35,-0.626526242026896,1.6215839646457877,0.8657711733004492,0.9296816616298924,-0.1999999222375265,0.0153024383790314,-0.1996893384224117
10,0.03569205455467446,0.6238067750325831,2.1205769024789056,1.8587276203309275,0.08282479346259351,0.19998190932402118,0.19530917083891358
6,0.0366506109197945,0.2544181156602568,2.211230973639209,1.5082078701611354,0.1999707242083968,0.1472414991172485,0.1620754570031035
22,-0.3716724016438176,1.643931077370702,1.4828763981300064,1.5906067918197748,0.199754853861389,-0.1568966295531596,0.2002837993005336
14,-0.2958854651391571,0.9160513269305288,1.6624848346105578,1.8015518219201263,0.1999835190724322,-0.0546802112721917,0.1988108028717408
8,0.09329648100193536,0.5158618982855099,1.828063222890644,1.6540073152377528,0.513475562458114,0.08449900179157993,0.09211454892830837
46,-1.0484382934659,0.6949001701324381,1.4007629312361756,1.3628326889490627,0.2000000097922517,0.3385814579784993,0.201140096459044
25,-0.3682348717585598,1.925934643389882,1.2341042237669413,1.4486410699770986,0.1999538627676903,-0.0553237452705339,0.1965477552817504
44,-0.9837017543004952,1.0275299574329233,1.018633223778783,1.3140723515714714,-0.2000000079790262,0.1073643130516624,-0.1944609023876566
31,-0.4189946448016904,1.8479432587031013,1.3760799920858613,0.9995761301700464,-0.1999972240789018,-0.2283661780187926,-0.1943849406573834
34,-0.5775804837373095,1.6639307838179684,1.0759060771004316,0.8667529924752697,-0.1657978955183208,-0.1909396134879128,-0.1661491886614955
2,0.0232895318202701,0.0448365006694254,1.9246830615339912,1.3462580004665243,-0.1196930863854901,0.2244333051544322,-0.0879520788512594
46,-1.0241847688481729,0.8159714594797743,1.3078300327500652,1.382229289379781,-0.198379862562358,0.4777783196398115,-0.2013824315561483
40,-0.8646526862419176,1.32712604668392,0.6921703521119973,1.0115550133329152,-0.1999999902281223,0.1979171219605874,-0.1961000006851894
29,-0.3564129972028549,1.9902070568076315,1.5642809541179898,1.214335875436157,-0.1147012276638651,0.0996014660245374,-0.1043345647673896
23,-0.3696969954940021,1.852350644823869,1.3046733536839854,1.4726108772094666,0.1826640990951696,-0.0463427237302691,0.1808689235323718
17,-0.3440127793488959,1.2785633413535893,1.5909256714476092,1.7137715175687689,0.1999896154353598,0.060996220389858,0.1977350504018384
39,-0.8786388709617848,1.318135007431538,0.6803276012717602,0.9961474790906402,-0.1999999266715452,-0.1058192654828168,-0.186821636802717
27,-0.3317691770958586,2.131786405998936,1.271518393857355,1.335059262547634,-0.1010830970360414,0.2673125130300537,-0.1025764913216185
20,-0.373858537110565,1.5470503300795122,1.4181484383706482,1.638267930191366,-0.0149703269647808,0.0368981824281985,-0.0154147713350533
9,0.0028404074471077,0.6591698341120331,2.223954666464051,1.9953120953715409,0.1999898811829515,-0.2006132865108376,0.1902381236507645
19,-0.363841170845474,1.5767844960240451,1.4363960417928574,1.6785818140116608,0.1851725266372367,-0.2438392900364785,0.1856163486699141
24,-0.3768559740346182,1.7699482228952463,1.298038997014269,1.5147504480355312,0.1999795666577556,-0.0451195035232485,0.1962721663616889
17,-0.3438212704058511,1.2482662199096872,1.5673598969761062,1.718277742292953,0.1999714452632996,0.108324319799625,0.1960698613302963
0,-0.0999999999999998,0.15,1.5707963267948966,1.5707963267948966,-0.29963551631299107,0.19976529693488188,0.19976529693488188
27,-0.3614636756795352,2.052015395743904,1.1903184959969138,1.3600800326230449,0.1209538275872854,0.2338019834421209,0.1152651045025437
30,-0.3683739546965523,1.9750409058769025,1.5471349694548104,1.1689121412636367,-0.199983111174942,-0.1027881665184631,-0.1896444298212362
24,-0.3668274609281197,1.8676424700971077,1.1949775362499273,1.5125760391908871,0.1999703146018101,0.0312889631195845,0.1889923106566607
9,-0.0896349206358233,0.4710161306375339,2.059480714620737,1.9860526037677035,0.1999645298456249,-0.3533682411876735,0.1968333136699843
7,0.05530191031842944,0.31763919784227757,1.632388960630868,1.5477073727992274,0.5527165464230371,0.2000000099567958,0.2039582407480391
0,-0.0111111111111109,0.2388888888888888,1.5707963267948966,1.5707963267948966,-0.1997852141949867,0.36835067333888,-0.1997852141949867
0,0.1000000000000001,0.2166666666666666,1.5707963267948966,1.5707963267948966,-0.1999327861242988,0.0383678522795985,-0.1999327861242988
6,-0.0945262682355426,0.2300072877351393,2.1916391286670107,1.5433452553587623,0.1992809227501753,-0.015359723648659,0.1579223833814434
0,-0.0777777777777776,0.15,1.5707963267948966,1.5707963267948966,-0.14742041656065838,0.1999558785497725,0.1999558785497725
16,-0.2960998161065254,1.158377291844052,1.641361580388664,1.808824839784046,0.1999688199145285,-0.0330181550061266,0.1977217615125518
1,-0.07757962368558746,0.3844882120699054,1.6112667667355876,1.5602901147757946,-0.2612438505496109,0.13120237753218147,0.12970078496510876
14,-0.2198072761772994,0.9460301592300038,1.7245312318029038,1.9665259106535056,0.1999826580068995,-0.0944450745431976,0.1964188223534264
1,-0.0562744442197801,0.3167642374410103,1.4978039197459756,1.5805608567547804,-0.1996585544217573,0.4126354188773687,-0.2023861904988967
31,-0.4162153603437379,1.9446558406117052,1.4808087417125444,1.109821815734415,-0.1999975756629623,-0.1633392456884591,-0.1923133671553821
17,-0.3249541936376734,1.2197721515484363,1.6257795720624952,1.7479945459388613,0.1999733053486105,-0.0344270500634928,0.1989014161741908
25,-0.3683857498608909,1.8680452302029984,1.275479245252645,1.456584582337567,0.1999459407219578,-0.1110493940851559,0.1986760533434574
43,-0.9941177732543136,0.9759717115999044,0.877509721524438,1.3179740620903986,-0.199999785471189,0.278540776258257,-0.1927864143922788
40,-0.7670563083628111,1.424778545218541,0.8697071285132569,0.8831401550951545,-0.2000000099196651,-0.150493924200831,-0.1997798127611192
3,-0.07764649839121891,0.15149107887730784,1.6303626290198903,1.552748672165321,0.33178455632842985,-0.060185087842646194,-0.057431376934179545
12,-0.2335714123593971,0.7544393121353534,1.7182891400075198,1.9195956911235217,0.1999683398973658,-0.0787068961672691,0.1975039549625009
34,-0.5778144043585177,1.6657298241073624,1.0836601439524252,0.8572222919283765,-0.0373166461641588,-0.3140533480774687,-0.0434147789881995
7,-0.0319490497332073,0.2652059178211875,2.2134965880889474,1.6694173105802994,0.1999990135374022,-0.2317726091857863,0.1591227474774416
42,-0.9749236555371524,1.028012711477365,0.8666330362968591,1.2575964983641366,-0.1999998751615842,0.1821782767044783,-0.1918507892732076
20,-0.275784356611094,1.5169753181919068,1.6558558317973358,1.8442241554128738,-0.15459705870879734,0.1335455248721748,0.13407817714969847
19,-0.3418742916171857,1.4386135055646283,1.5965295516388025,1.7121064128441874,0.199957457168651,-0.0743427593129885,0.1994807448403486
35,-0.6462759503047917,1.6069669918946978,0.99817072553095,0.8132103222790285,0.2000000071693767,-0.2129263361924922,0.1926728363473371
5,-0.0918590414944217,0.1031272952129956,2.118346359412347,1.263444049636188,0.199922023875279,0.1619231367989671,0.1434244799206214
49,-1.0119246776401003,0.7947005388068089,1.601490187645493,1.3866084049345897,-0.2000000097065761,0.9138132305346156,-0.1759149152299673
35,-0.5902357172233349,1.6315862694012115,0.9420859426011448,0.9161921526696852,-0.1999999189441812,0.075895751664366,-0.1997363729771405
19,-0.3660485036132899,1.4298625318346443,1.6075402639682137,1.6573599135720265,0.1999263308393455,-0.1262819372952007,0.2003071457950691
21,-0.3650078028644996,1.5501393360314608,1.4588353629049806,1.6405880661911507,0.1995770751456909,-0.1869247172139627,0.1996684537279626
10,0.05363988944960045,0.7003781874689876,2.151153586186039,1.8251886140519697,0.09077137921074292,0.19997596944254722,0.19235237625975088
48,-1.0782203750105412,0.63878498561614,1.626958209236861,1.1250872707587494,-0.1324189396475597,0.3083047866889508,-0.1012580588128156
28,-0.3390912022710926,2.148741652724522,1.2701780452348237,1.3099198562533545,-0.1401383700320504,0.2229730686475873,-0.1409136186295219
3,-0.0259014457183911,0.0770928250892116,1.9748914834667384,1.1063988041303607,0.1999259911495207,0.2098912918234421,0.1451699525115407
43,-0.9778733439149316,1.0701531736654435,0.8444906207760305,1.345973813892226,-0.1999999214451709,0.5576944751835985,-0.2021838932129273
2,-0.05520090747297397,0.3894063682221716,1.6021778407183032,1.5696878455712582,0.43926585956789654,-0.13063106066896896,-0.12913519618375438
25,-0.3643242735002537,1.8715081570131653,1.279829226182995,1.4506630132357372,0.1999514799288947,-0.1097024754944817,0.198905845275272
25,-0.3544677218674413,1.984887902463276,1.2146825225795526,1.4393630872698564,0.199906978870283,0.0149961207341197,0.1945482759803865
34,-0.5774960322803491,1.6874435482551229,1.148438883922989,0.8420935851051701,-0.1254869541262484,-0.4262759884453835,-0.1325000112877082
35,-0.6124357359486823,1.6407725833654805,0.8804037388572485,0.936997118397242,-0.1999998585551568,0.0473227466120237,-0.1999473356735421
49,-1.0972093576974955,0.5982405801582338,1.7188768857803485,1.0562350740674895,0.2000000099659395,0.7821150022463123,0.2057898048492968
0,-0.0555555555555554,0.2611111111111111,1.5707963267948966,1.5707963267948966,-0.13206905872996547,0.1991717570533344,0.1991717570533344
7,0.07609954737699748,0.337140170709234,1.429496164014683,1.5681004249665629,0.6949811724702262,0.20000000999278195,0.18848004722698672
43,-0.9964105029337136,0.9676205418363208,0.8926801405087039,1.341029756798373,-0.1999997766085224,0.3307973202038113,-0.1945719103370788
41,-0.8736220933040317,1.3134745636481036,0.6306115299525616,1.038857002354597,-0.2000000099896142,0.0653101213926428,-0.186156574766748
27,-0.3289781771318903,2.108731736547508,1.2888456337216845,1.3422657496278052,-0.0891492012643912,0.3122558844273417,-0.0906893098827228
31,-0.4037316694842608,1.9104475445743592,1.551643137379115,1.0782992452583944,-0.1999852340075988,-0.1974567681827746,-0.1869980023240655
4,-0.0529323599052853,0.1059447562331173,2.1948418099615203,1.4122086471120192,0.1265628062639642,0.1462934092533056,0.1000563895934843
30,-0.3720659960918984,2.0143886377763978,1.474581053636813,1.2242019524253025,-0.1999957874805113,0.0904185702134482,-0.1915193187395116
1,0.07777386771947985,0.3263950505121318,1.5877378294852118,1.5650967787884467,0.04790347089582093,-0.11626955043695816,-0.11613130160036873
9,0.0252427300867667,0.523877238205451,2.2103511586521885,1.933902679218988,0.1999931068272414,-0.0847970512013545,0.1900850834606899
0,0.1000000000000001,0.1944444444444444,1.5707963267948966,1.5707963267948966,-0.24204140088377593,0.198515729678985,0.198515729678985
31,-0.4280422355028251,1.866010730343836,1.4949518566244655,0.9892544336045744,-0.1999034245475298,-0.463714149902815,-0.1973460145746914
46,-1.0155563086172537,0.8434732116040344,1.375533975511535,1.3386765041709452,-0.200000009958763,0.0357392113031947,-0.1997324821373304
1,0.0983586676984714,0.393244427829065,1.3954976645981754,1.5982594081996198,0.0678588480684347,-0.2064062752836266,0.0706252148350993
16,-0.3056700652288312,1.1317887454389195,1.6162285687053035,1.8030948459214804,0.1999658647975538,0.0025774386111221,0.1964368239938773
46,-1.0140270183016666,0.8391912878196625,1.241934773313129,1.3525542999600786,-0.2000000099409893,0.3849047408789296,-0.2030267089901674
38,-0.7936640269691442,1.4016030122592429,0.8600167920620087,0.9057905926007298,-0.1999998772630835,-0.2813465010386581,-0.1985030097008855
42,-0.9263147940841722,1.2388840889128103,0.6904803181998619,1.0670147962574792,-0.2000000099366933,-0.0057680124932328,-0.1857768173506864
25,-0.3488862783335439,1.967310840706366,1.1885397521920578,1.5278767519158645,0.1999464949452841,-0.1102572632293609,0.1922147031194674
7,-0.0983882547122469,0.3859912908011566,2.1040528524440183,1.3605734381554124,0.199954027133749,0.1663449537709639,0.1584488643011147
0,-0.0777777777777776,0.1722222222222222,1.5707963267948966,1.5707963267948966,-0.1437248075799517,0.19993274291873195,0.19993274291873195
23,-0.3732415070567045,1.660576330815466,1.3084113242024291,1.637729640434233,0.199951876462056,-0.1054626038473587,0.1926177062490611
6,0.07733070532835915,0.2634321031700687,1.6393176364388804,1.5445271128919287,0.5508195689237642,0.19989338335819565,0.20420944225321525
15,-0.2828754779905294,1.0220101844301868,1.6585684020436728,1.837592772916904,0.199985621201395,-0.0469206694869325,0.1976249437899742
8,-0.0154425085483532,0.4052260951540771,2.238807081272397,1.912902717536148,0.1999721951847792,-0.2105120477121698,0.182706099105715
1,-0.0785039444751983,0.2501735158229446,1.497086118514579,1.5806469926672682,-0.1996701495272105,0.4447601472414516,-0.2026855958604143
27,-0.3196553533266716,2.092858073085801,1.4585914846784966,1.307165862841807,-0.1999814724819827,-0.0231054933696843,-0.1980416314906827
10,-0.1217800818504991,0.5954245304380814,1.8769636576246636,2.0763073773779084,0.1999666704108558,-0.1154527474519763,0.198292945963643
19,-0.3190650858713468,1.4586533971325537,1.5327096801360935,1.790392251359796,0.1998782080428666,-0.2288113343862055,0.1991098943771608
46,-1.0201827161710832,0.8327797272827369,1.258475271275748,1.4207129244934986,-0.1747053813752874,0.627616784419009,-0.1825489030165482
1,-0.1001614192109973,0.24808565276662056,1.5840866448307764,1.564554914026805,-0.3209776945642215,0.19986822002962146,0.19920321239462715
1,0.07778257606666729,0.2212139840843478,1.5772562670197825,1.5687079508011759,0.08508734760980041,-0.19995349383516756,-0.19987345373830687
9,-0.1290573486436985,0.4429837674160938,1.9662910750256684,1.945350114527924,0.1999940724013276,-0.2643083071668467,0.1993967763908466
32,-0.4560010929680107,1.813688357131669,1.444389369980302,0.8993904238628051,-0.1262279963854394,-0.5542828324386359,-0.1366760483416008
29,-0.3640129414123275,1.9796454792705405,1.5702265546340937,1.1941957553881546,-0.0145596705895432,-0.0421341707217707,-0.0150896796808791
14,-0.2937441240182188,0.9030649798656722,1.6478402239524197,1.814324504551936,0.1999923556905706,-0.0370456544119463,0.1978410626167881
4,-0.08877287794411659,0.5297879433812513,1.4583635199562268,1.5045984664859,0.5580031744808301,-0.17810126588806127,-0.18048994452526643
2,0.05555321571321333,0.3504029247207208,1.6335032443192343,1.5498384336338746,0.38189280810015264,-0.055107332646104096,-0.0517232022113244
3,0.10184028817911847,0.307030593705407,1.738123626508985,1.5535211915813683,0.47078764774055243,0.1999385887826547,0.2051830703415139
5,0.10012495502476602,0.19930475404193204,1.5323549891498427,1.585190686778887,0.46741201384473197,0.07752376453309127,0.07494712649429217
12,-0.2229748576353942,0.7694939090932831,1.7273503463000066,1.950467956616191,0.199920100739779,-0.1017397258805498,0.1972157571826262
40,-0.8498020173296823,1.3451166223193385,0.7045130099317884,0.9640785422970322,-0.1999999936830357,0.1129831813570908,-0.1962001437324766
4,0.0990020481477583,0.3258276928269864,1.4793752565476757,1.5834894965547464,0.4707770601845985,-0.11011795406071219,-0.11441427532890511
5,0.09903927692006191,0.23746955207080822,1.6819510432567935,1.5237389635235465,0.3120129943495919,0.033692024498688584,0.03818708401338355
3,-0.07709004079750995,0.527698551076193,1.6563314768162112,1.5782438034049724,0.4518469527898051,-0.14524755608886186,-0.14128016115450526
46,-1.0286487748983677,0.7855684832320531,1.471501310881572,1.3600404304381233,-0.0711212160395491,0.2201921045124095,-0.0682306830906178
2,0.05527429966870204,0.34299056343892015,1.5161975594845156,1.5847239227049248,0.4252200924110893,-0.17892919021851586,-0.18142083981564355
7,-0.0743452706940641,0.3139989621672568,2.188710894861877,1.6007162937130142,0.1999597257640074,-0.0608296023117181,0.1630032575489996
32,-0.4644414963087447,1.807694618439428,1.4008732057519593,0.9185588995678394,-0.1429163167432468,-0.4646239304843633,-0.1481636585339704
8,0.0544134935273478,0.4337827278450373,2.2085185095781936,1.8278461394891048,0.1999766381462135,0.0036652981479879,0.1857974987175999
42,-0.962562368591382,1.107002183380286,0.9450674996856446,1.2687897600213702,-0.1999998511113041,0.0845980416737048,-0.1923024921239158
10,-0.0800697514261523,0.6537805441967331,2.094490086133792,1.9784798761990727,0.1998732826765722,-0.3903950842991127,0.1940109766459491
7,-0.0028617545497437,0.3082735377904367,2.27827069163018,1.8441309437388047,0.199945594143026,-0.1713709625331932,0.1741887077707572
41,-0.8163465902976346,1.4064090517760617,0.7981542885352397,0.9095243908311392,-0.200000009932861,-0.2339054260802349,-0.19616133604054
26,-0.3606822545366965,2.008247999639835,1.151638852744112,1.4476968934403076,0.1999399464954559,0.0875748616228546,0.1886863433289327
31,-0.35799284032024753,1.9389949151779382,1.3580236170572828,1.5842970883130008,0.16424938183453358,0.20000000988985867,0.19121695438159944
30,-0.3768349378430533,1.9614456177614803,1.5876252281601624,1.1451637387093303,-0.1999033155350973,-0.1208139581426185,-0.185825555141483
18,-0.3289751657035465,1.4172463536561677,1.6240748246439418,1.7412857280959666,0.1807921018788234,-0.0420885293289157,0.1800438209507171
17,-0.2700351804480087,1.266115118064352,1.6480293291515955,1.875455055251032,0.1999920957918828,0.0641098398713617,0.1933968218777489
11,0.004478856044890834,0.705095706270788,2.075496244190047,1.8784542668198423,0.08148750574669,0.19998935028298065,0.1977148239456188
5,-0.10116470208115508,0.5133342675140032,1.5338544319424656,1.577798807725581,0.5482922045741566,0.19977562295204496,0.19717409936121247
0,-0.0777777777777776,0.2833333333333333,1.5707963267948966,1.5707963267948966,-0.3612153276471322,0.1997182121031899,0.1997182121031899
43,-1.0090780164590174,0.8929758463050068,1.1530562268375166,1.407091545353747,-0.0229501393054124,0.409968624828724,-0.0325165771996432
48,-1.0001948634188187,0.8937760714973692,1.26307732931705,1.4920537738394957,-0.2000000099975598,0.6768257166568856,-0.2101425006969506
18,-0.3044859421282602,1.3378939396518164,1.6763418853330228,1.7853722521647706,0.1998771188940429,-0.2868886698871553,0.2018120276716201
0,-0.0333333333333332,0.35,1.5707963267948966,1.5707963267948966,-0.20346872518089917,0.16655774522580905,0.16655774522580905
11,-0.1974649808142571,0.6621603454903864,1.7724811223071455,1.9675723012226105,0.1999878910774946,-0.1083839645992525,0.1982952084153623
0,-0.0999999999999998,0.2833333333333333,1.5707963267948966,1.5707963267948966,-0.04788100321313902,-0.018543770885689967,-0.018543770885689967
6,-0.0492915803772174,0.4125163133262364,2.182632343489583,1.484275829758165,0.1997573992841738,0.1185746556231075,0.1606180492973523
2,-0.0723235933161885,-0.0309910103885248,1.8949270202395263,1.306249923728613,0.1999544855724169,0.2301511069692302,0.1790767393612742
1,0.07775380341738056,0.3326079847493863,1.578466241308723,1.5679374154483556,0.374962283905879,-0.19997810670980753,-0.1995722384432977
9,0.0754681904631469,0.4968222688488339,2.079959001928425,1.7842620010276011,0.2000000099609982,-0.1528808694810391,0.1868648117965923
11,-0.1507761008464571,0.6592166178693979,1.8600589626670248,2.036463391379728,0.1999766008652652,-0.2014592743955365,0.2004086008867444
10,-0.1332495110369676,0.622080873529596,2.017965974163665,1.8861230473463884,0.1999744011236284,-0.3138074331254309,0.1941135308082874
4,-0.0139601733119462,0.1449733362053661,2.0009171399977044,1.184987628059181,0.0553534837387349,0.2345816945957573,0.0550138039865544
19,-0.3475635910252185,1.4219883492843777,1.5037531155754258,1.7180276212492354,0.1998740780281334,-0.1148774589844261,0.1977458796250474
17,-0.3493027491064521,1.241471310688428,1.5954558784298256,1.6988778858691531,0.1999726305449501,0.0264179204378587,0.198631386043242
0,-0.0555555555555554,0.1722222222222222,1.5707963267948966,1.5707963267948966,0.36918106159707426,-0.19979142870246674,-0.19979142870246674
5,0.0832463581026137,0.1468620734112581,1.870003053021436,1.5454647951230434,0.1998274378524478,0.302809050323596,0.1990517666375506
29,-0.3690719616545377,1.945426808778016,1.5922104484195994,1.112231872909689,0.0716292984219375,-0.1350583591019784,0.0572990755508409
22,-0.3817726060359763,1.629169197889802,1.4765185320146843,1.6282673021320109,0.0936877604760612,-0.1307683277483102,0.0945879086368128
47,-1.0235236372329624,0.8112481271686195,1.586865475644739,1.3279906609021366,-0.200000009964151,0.083141669094056,-0.191207366837756
6,-0.0764569409179335,0.2202907178311907,2.201649321041238,1.4918635799679585,0.199959258502165,0.0099845243393521,0.1523200642352103
36,-0.6059982571244956,1.6314702088631061,1.079103350915105,0.4425337972536698,-0.5190579924209456,0.20000000994593084,0.12997304089297615
18,-0.3483648150779836,1.367777229858971,1.6264767428517253,1.690169474607803,0.1998908118380307,-0.3062825371279971,0.2014349723846347
3,-0.1258547664497417,0.0480525130566109,1.868160504540179,1.1071027085128136,0.0565965947548565,0.1677366363175627,0.0525505738801783
0,-0.0333333333333332,0.3277777777777778,1.5707963267948966,1.5707963267948966,-0.22463226426900082,0.19927976270050665,0.19927976270050665
24,-0.3715652964827091,1.7642173476239429,1.2894010636211624,1.6381477008508312,0.1999760107407469,-0.1235591027215043,0.1921600685807555
43,-0.990101079314606,0.9963827055926122,0.8617916450175249,1.3141633420125631,-0.1999999799321692,0.3483058615665959,-0.1951070204311821
13,-0.2665345705299161,0.8338117073835306,1.6763287650880947,1.8615177086453505,0.1999773801353255,-0.0305446976177301,0.1971204888050715
9,-0.0692058923234001,0.5435931545435924,2.02487717754818,2.093624093636874,0.1999400891548711,-0.3200243415585408,0.2016661390261404
21,-0.3477147898762856,1.5804193972477167,1.5322074894276123,1.7009804743449477,0.1027758605339786,-0.1200634284638223,0.1033323216205839
2,-0.1020706266116384,0.3943123049831667,1.2805702654657969,1.538547447643345,0.0185785492911935,0.5137210410642492,0.0048574303046295
3,-0.0471190380048243,0.306273063838393,1.8541485745745063,1.3400662882936072,0.0836917293690447,0.2051214024782838,0.0829606584935869
2,-0.07781327148160946,0.34307157910418407,1.5668499181654791,1.5715021534723854,0.4442860605950714,-0.011424164887581516,-0.011630732843692206
0,-0.0111111111111109,0.3055555555555556,1.5707963267948966,1.5707963267948966,0.36817300984275736,-0.19974942508477256,-0.19974942508477256
37,-0.6346042242196762,1.6057242447852558,0.9925933907778244,0.8377342503581312,-0.200000009957718,-0.2992620518900054,-0.2022225088423014
48,-1.0526903766287723,0.6782461570003763,1.5620306316429091,1.1929369193079524,-0.2000000099638557,0.4244367115148795,-0.1712185302368767
0,-0.0333333333333332,0.2833333333333333,1.5707963267948966,1.5707963267948966,-0.09295375239908964,0.19118105671598923,0.19118105671598923
15,-0.07827457003447313,1.0525890327674836,2.145043117225145,1.858600845711818,-0.23276522251793438,0.20000000996857106,0.18527446170450623
18,-0.3348095413823483,1.3346124667824115,1.6492046516725756,1.721225237559064,0.1998134001811788,-0.2240221660356426,0.2009074379363573
49,-1.100281204064042,0.6049259132542256,1.7728621586173725,0.9328616851360404,0.2000000099756957,0.674234387125428,0.1836989223817016
46,-1.0493089786281309,0.7045900117641711,1.3824003863640135,1.3455873601183392,0.2000000083264995,0.4375710515602531,0.2014749713870892
23,-0.3819879704044116,1.6648154315587256,1.3609249952730735,1.57282460719315,0.1998974313856513,-0.1282637648584818,0.1981239671841671
22,-0.3745129901994384,1.6563056503425808,1.3291720865526364,1.5561940318323797,0.1998906393687878,-0.0646781945984836,0.1962174032926198
48,-1.0450131224648942,0.7271855999566668,1.606145607072039,1.2555126774138572,-0.2000000099659067,0.3017819187184596,-0.1774651318596158
26,-0.3508639401582428,2.0251279328828526,1.1851574728810743,1.4157594565328853,0.199912238675823,0.189516488757478,0.1902887004299988
15,-0.3234537682097335,1.0381314705018336,1.625960928598356,1.7534398313728463,0.1999900152330379,-0.064818872097477,0.1991912764143734
20,-0.35820292370621,1.5875275301712717,1.4475774647045454,1.6902020075949646,-0.001447529442975,0.0527658834034217,-0.0026728386937576
15,-0.20611094312773495,1.0574323247875366,1.7796893774734652,1.8378917452360173,0.06232769742223234,0.1999905925971814,0.19928939540051083
0,-0.0999999999999998,0.2611111111111111,1.5707963267948966,1.5707963267948966,-0.45144290508625196,0.19965986289196697,0.19965986289196697
0,-0.0777777777777776,0.15,1.5707963267948966,1.5707963267948966,0.1999558785497725,-0.1474204165606354,0.1999558785497725
10,-0.1007554390497606,0.6644553469545766,1.9304321315855009,2.0565325529620115,0.1999706257894833,-0.0977005823979522,0.199611579342831
49,-1.0932864451579758,0.6099943770652172,1.8072512334068944,0.9497801849537176,0.2000000099730749,0.6033895320722616,0.1764981144905545
0,-0.0111111111111109,0.2833333333333333,1.5707963267948966,1.5707963267948966,0.02250910836967557,0.11937900198405126,0.11937900198405126
0,-0.0555555555555554,0.35,1.5707963267948966,1.5707963267948966,-0.17143084310339443,0.033501622235987134,0.033501622235987134
1,-0.0827660331934941,0.2112742717179843,1.792561282814047,1.4437122338447306,-0.1999538420060993,-0.0379534779846786,-0.1892072842373735
36,-0.6839810499339087,1.5608453363663106,0.8423693622779287,0.9017672027611644,-0.1999999203247166,-0.0056728601452782,-0.1996135380827829
15,-0.07696398833177312,0.9947152314908172,1.999768456992693,1.9882637171230062,-0.03754323057668925,0.20000000999527145,0.19994358267930168
27,-0.2684149649246997,2.062776883725166,1.570568901166351,1.303628752243517,0.3435635611676655,-0.10396403257846952,-0.09121933005464532
39,-0.8801766240063935,1.2986769291980829,0.8025678210342446,1.0533444309614337,-0.1999998849322869,-0.1004818764198588,-0.1912503655809163
42,-0.9045752731234572,1.2244063921930066,0.7057619820693466,1.1955231148225112,-0.2000000099927763,0.50901851981161,-0.2004340594466773
38,-0.6982761195445651,1.5254197212261658,0.8557878933483707,0.8679953347743575,-0.2000000097225065,0.0773965327170169,-0.2000795867615878
48,-1.0656086854261717,0.731935888293659,2.280773939511578,1.1473505580067878,-0.09357148241736563,-0.20000000992660344,-0.09318857392516844
4,0.09877110930812937,0.23097481816630105,1.6382597247746329,1.5355810339746554,0.5217459633500167,0.02108506404184581,0.02632182341257981
30,-0.375623340416422,1.9573256141831743,1.59220879663629,1.142527520358856,-0.1999157799640917,-0.1075366081311678,-0.184715676077703
1,-0.0333389869036202,0.35781363032017327,1.5699614706125598,1.570983053680364,0.4391535693141598,-0.1603677170318174,-0.1604124965266412
17,-0.3130255037797114,1.4117294943657075,1.6300671736920085,1.7647894042661068,0.1998270134304564,-0.3036261449737877,0.202094473028636
10,-0.1403469026283798,0.5876514577137303,1.878844646215408,2.048694493085609,0.1999505240150082,-0.1994595593510055,0.2004448196448202
41,-0.9319745667709656,1.1620641287868207,0.8844034112280403,1.1419558840955508,-0.1999996175089455,-0.0749289182649426,-0.1914943407122958
2,-0.056383468094266545,0.39868026260592015,1.4875836399669886,1.5784966150033273,0.47414220329368206,-0.034557684464288065,-0.038719602603625274
0,0.0555555555555556,0.2388888888888888,1.5707963267948966,1.5707963267948966,-0.15858194124158514,0.19985161556140005,0.19985161556140005
0,0.0111111111111112,0.3277777777777778,1.5707963267948966,1.5707963267948966,0.40209604071790506,-0.19974461374418676,-0.19974461374418676
23,-0.3131132345627798,1.6976805020930408,0.4782151607554104,0.5610374426159663,0.6294800993805623,-0.01814209771382902,-0.02328744964681297
27,-0.3564883569880426,2.07379128651017,1.1500753997774265,1.3845550133032374,0.1587499236686084,0.2402052909147948,0.148824937451336
36,-0.66857414599785,1.5573355790138623,0.9581546666490072,0.9172080163783648,-0.1999999186686424,-0.2219840157914956,-0.2007409755564228
9,-0.1298277994164003,0.4925701044208471,1.867755285470145,2.0581594555674854,0.1999890928419942,-0.1067262097741202,0.1983947098850761
26,-0.3475022774840937,2.004284652219265,1.2093115484656414,1.4061242955183018,0.1999207550301348,0.2077401154801014,0.1919990005757541
23,-0.3754706244252709,1.7717360796851975,1.2598390012037313,1.579982591691272,0.1999729486164688,-0.0191527269924201,0.1904151127903425
2,-0.07670455567191518,0.19201735845687498,1.7417499132719083,1.5380500061514237,0.28121513413220867,-0.1998824863649022,-0.1900610618753044
43,-0.9240642889160352,1.1845114345354362,0.7324321131678753,1.1546591434165447,-0.2000000099168013,0.427774477698185,-0.199965620523395
39,-0.9052554193830636,1.235938449330638,0.7087338858245843,1.091381414512123,-0.1999773446659478,0.13168131618801,-0.1904315434500507
4,0.0563311209882634,0.2473258663203489,2.0430776711431635,1.4195446602956618,0.1714151029684277,0.3592284889550547,0.1601339097989381
4,0.10183756580841048,0.3081888218022248,1.7919452132345075,1.5605585336804546,0.23708172028403007,-0.08771770802349357,-0.07994303704627113
30,-0.3622433666980698,1.9996631485341367,1.5205882586089077,1.2159817155165955,-0.1999854913876219,0.054202705355325,-0.1891535296137972
2,-0.07769939764197732,0.2003188757277382,1.6715644628688562,1.5430287034490187,0.3103837661459053,-0.19994570548124205,-0.19431771774385365
25,-0.3638532312250475,1.9062729499824336,1.2732252172155605,1.4625521841532798,0.199952299425293,-0.1594637418527413,0.1993804506041046
1,-0.07779870755218607,0.23827195910297794,1.5643788623299937,1.5726346433801457,0.3543370986076895,-0.19980241953161745,-0.20008814013889728
3,0.10033623612971797,0.27635896687881384,1.5224688659098486,1.5909754312637896,0.16444177053445702,-0.11935682715840171,-0.12020251009388862
45,-1.008027180583594,0.911447812078987,1.0361598126223226,1.3976241442329729,-0.2000000071319452,0.5191268212853349,-0.205434626591065
39,-0.7258674182571051,1.476038044659846,1.0487732107443628,0.938687642273029,-0.20000000996342,-0.3585794133532713,-0.2027288236759627
20,-0.35432456332989165,1.7215139667382546,1.4815469193311541,1.6278339445306411,0.0021086429523411174,-0.11179034003130489,-0.11062705774481922
35,-0.6235120369016041,1.6033357790060456,1.0119774859106414,0.8625509518739837,-0.0946174843847057,-0.2434995071326175,-0.0971881286360361
45,-1.0292303490725792,0.7931788123521715,1.3065617335040782,1.3861756646253816,-0.1999999909315322,0.188402395464195,-0.2008648493773207
43,-1.001376631095242,0.9332788117463808,1.080163549432022,1.3736692164781072,-0.1999998637702837,0.4571709295084833,-0.2046733773057961
3,0.07679522780746552,0.2640260209351332,1.4481530732709027,1.5865719383370787,0.6060176804546209,-0.06246769693553067,-0.07023188494119034
0,-0.0333333333333332,0.3055555555555556,1.5707963267948966,1.5707963267948966,-0.1929509034631797,0.19945797042985705,0.19945797042985705
41,-0.8464352759645665,1.3630419417335884,0.7009085883341515,0.9656274516798364,-0.2000000099231246,-0.0911202035073733,-0.1906491783971613
0,0.0333333333333334,0.15,1.5707963267948966,1.5707963267948966,0.37583633236717956,-0.19988553706488105,-0.19988553706488105
12,-0.2338503957641314,0.7650798160480984,1.7015908646520392,1.939395105332173,0.1999721604203827,-0.0474806539572348,0.1954629561276671
8,0.0697987789644544,0.3944139641725992,1.98042767782564,1.7907945250270425,0.2000000099461741,0.1414795279809078,0.1990815698624704
45,-1.0265491062008956,0.8096749125211097,1.3246930156919103,1.3610636671486054,-0.1999999903733403,0.0323597089295995,-0.1999853909555524
0,-0.0333333333333332,0.35,1.5707963267948966,1.5707963267948966,-0.20346872518089917,0.16655774522580905,0.16655774522580905
43,-0.9582696778773198,1.1210069542823342,0.8954171332784879,1.230390657195172,-0.200000009943808,0.0415286031814168,-0.1902490407550468
27,-0.3164080558509023,2.100093972261229,1.4496520241498765,1.3115530772169983,-0.1999879100540772,0.0259452100199847,-0.1977267594500427
3,0.09914858330761123,0.13553279327359985,1.63038041169313,1.5415617123942893,0.30929954961825196,-0.15501230113713751,-0.15165772760994806
19,-0.3674586082806564,1.4346322283977044,1.545663673765893,1.6654858986464374,0.19983182934683,-0.1939771512969653,0.2007177351760211
0,0.0333333333333334,0.35,1.5707963267948966,1.5707963267948966,-0.18045460146009826,0.1701249690426339,0.1701249690426339
4,0.1016156503917193,0.0942570070142154,1.849445139285553,1.5160640270060506,0.1577972868905007,0.412668400323994,0.1626133296940324
22,-0.3802710671510004,1.5617392479316836,1.4504405714993327,1.622523300114546,0.1942046364970687,-0.2443847882780017,0.1955210014397741
1,-0.10006401860005375,0.1630293987770078,1.6110911900785307,1.5565295018827972,0.12363114775721097,0.13995091300113416,0.14041686706874162
40,-0.8321744739337914,1.3765803982684168,0.7558769384715127,0.9077438054358106,-0.2000000099671636,-0.2259334742129934,-0.1942800777549377
39,-0.8559497040870314,1.3180866925354666,0.777502999290791,0.9647507392345144,-0.16239396143736,-0.1881657178368282,-0.1560525569239636
6,0.0992541877765008,0.26061800942844415,1.583313936856281,1.58435929640699,0.3910135311802042,0.19942867125389344,0.19938768732292864
8,0.0579897045724515,0.4219191226368595,2.0304408293898697,1.7633636852949346,0.1999927964564355,0.2051678202079428,0.1983169834787723
47,-1.0353462278497916,0.7549546029124204,1.560323699190287,1.341653357100552,-0.2000000099556441,0.2021171386620539,-0.1908527972886156
37,-0.7753757047483717,1.441837927115079,0.9610343643647858,0.8127129169974325,-0.1999658725964557,-0.2749522348661898,-0.2018335473674674
49,-1.0945497943008164,0.6029619328573204,1.7866358362754045,0.9721200162993954,0.2000000099728312,0.6516719668265998,0.1846463301811854
34,-0.57690283023571,1.6641510540044069,1.036399131167891,0.8871972617985336,-0.1999845955414239,-0.1053386851830339,-0.1993286216548914
15,-0.2805677480682055,1.0360024163132606,1.6600547357851043,1.8513503560289375,0.1999743181499739,-0.0876523341596015,0.1979930738841867
31,-0.4111256452706105,1.875661696765087,1.5851537002036022,1.0096610093454252,-0.1986933683782995,-0.536580201599757,-0.1958919668575511
18,-0.274935403543359,1.323220657581232,1.7102573571901494,1.833789642979188,0.2000000099935727,-0.2643418614767748,0.2017331034452492
20,-0.3594824928720098,1.5200906750810077,1.446314386083213,1.6651146337649851,0.1998800914525643,0.110079627592005,0.1927252905981558
20,-0.3730592445570886,1.5793652894578432,1.3495303637732827,1.6301066425464803,0.1999731261504914,0.1536320155180611,0.1878991656784719
3,-0.1014657165875914,0.4013213657163734,1.5374307859979215,1.4510391685670732,-0.1599049796394956,0.3481686236466761,-0.1563044794690414
0,0.1000000000000001,0.2388888888888888,1.5707963267948966,1.5707963267948966,0.037091147065255986,-0.19979443148239204,-0.19979443148239204
6,0.0824103920211833,0.2455186281863178,2.0214075781832337,1.617621043012579,0.1999524363305167,0.2540227206971469,0.1938528643368839
0,-0.0333333333333332,0.35,1.5707963267948966,1.5707963267948966,-0.20346872518089917,0.16655774522580905,0.16655774522580905
7,0.0621455962109351,0.3755778404408462,2.322087923908545,1.473327385722683,0.1999745896064178,0.1387526850528838,0.1425788293712685
22,-0.3730734584745165,1.6850857602683302,1.4413456043533823,1.5598643273495882,0.1996745239823157,-0.1423202036996023,0.1999565966951667
36,-0.7029334625053067,1.5634477954841417,0.935360404019027,0.8211258778212682,-0.1999962068875141,-0.3537333042860762,-0.2027247702113284
25,-0.3142462129907727,2.0547628734792247,1.2611428962154552,1.3865956214642463,0.1855574647982756,0.2892752646616906,0.1804796660283107
2,0.10033214622299397,0.18635620556590973,1.635952484854732,1.5541010833998181,-0.1783322921608425,0.15278417673921382,0.15081461655007714
8,-0.0961679721065855,0.5287139402784047,2.09924048012662,1.8283009192066164,0.1998685846093198,-0.1613625202758666,0.1882586952687377
0,-0.0999999999999998,0.1722222222222222,1.5707963267948966,1.5707963267948966,0.02194980987667257,0.04006885609833144,0.04006885609833144
32,-0.4516465970267069,1.8297551419515248,1.4375835711038676,0.9528281245958554,-0.1840868399081268,-0.4461005963233838,-0.1836659298206793
20,-0.2546732826920913,1.4383269483713115,1.5953528532655907,1.8319403602929047,-0.16284294095924978,0.20000000994180722,0.19824552464989686
12,-0.2146078877153447,0.8001523962637043,1.7563233876655877,1.9375797114186168,0.199966604965051,-0.1305694390001981,0.1990444674784769
13,-0.0721475780774234,0.8545671072828751,2.1183321341264336,1.8920780921233278,-0.14693821993967787,0.20000000995005182,0.19160647607915524
22,-0.3494908413864406,1.7938843137054148,1.2321711905277666,1.467341463425904,0.1999807251318668,0.0891795234764693,0.1923982323875617
46,-1.0157407283479964,0.8393098278970748,1.2834513561956102,1.356318965658491,-0.2000000099396116,0.2477088696633001,-0.2012726743750818
1,-0.03320820008836736,0.3055990621947471,1.5916432301190238,1.5658098505763591,0.3848416182298477,-0.19980513984723813,-0.1987444068434204
29,-0.3686425796171358,1.9982124115833109,1.4577020376737435,1.2194264584321088,0.0179461144589322,0.0631327764437665,0.0189291783947769
0,0.0777777777777779,0.3277777777777778,1.5707963267948966,1.5707963267948966,-0.3736574047322966,0.1640131168652352,0.1640131168652352
2,-0.07753958310476647,0.25111781894430335,1.5708188532390235,1.577330882350277,0.46079992542482656,0.04385604124482617,0.04355503922496169
45,-0.9928309902106062,0.9893300160617472,1.3451175433931497,1.3618372545408093,-0.2000000099940047,-0.0184237303394525,-0.1999412532599716
6,0.054563241314574164,0.2973000358077612,1.629932241575096,1.5404713440080589,0.5386755608758954,0.14269228708002532,0.1469342811113269
0,-0.0333333333333332,0.1944444444444444,1.5707963267948966,1.5707963267948966,0.03769938502389991,0.15875211299120545,0.15875211299120545
13,-0.0571106182766555,0.955857131478662,2.0744243518672585,2.084773340803028,0.1532646924395363,-0.3013116059398658,0.1535683065494873
39,-0.8412313675648424,1.303820058928231,0.8656511489212235,1.0257480958710783,-0.1999999262943078,0.1494529247369094,-0.1998247814784612
32,-0.4497710925827252,1.8422437394616893,1.45610023404733,0.9684112643097812,-0.1999777182831849,-0.3486027143894284,-0.1929989613002824
30,-0.3674277359530666,1.95547239133418,1.5447295466008693,1.1179263932482502,-0.1999848762287998,-0.1390016969711067,-0.1877991417713757
41,-0.9214573480408595,1.1678480831493196,0.7860114772202582,1.1162240995400738,-0.1999999895242088,0.2246739633412133,-0.1964795970570716
40,-0.9100885580681712,1.2386765003535845,0.6857228051058408,1.146381603772738,-0.199999889683213,0.2025629289288081,-0.1881565659074461
3,0.07681709680599919,0.2772782369752379,1.4580863880097237,1.592006451653394,0.25985906564448785,-0.1998805635652004,-0.20156049487507083
34,-0.552318181436525,1.6836091945524316,1.0590172794149932,0.9118690429224487,-0.199998202398977,-0.1005774634866475,-0.1993115101320064
23,-0.3672827421751547,1.7406065541633489,1.3764335089447912,1.5769783644866415,0.1997466787127808,-0.1488392511361603,0.1987083199278128
31,-0.4160203872520214,1.9383546796163893,1.4370292240843563,1.1294499660997053,-0.1999962388182896,-0.0872959955448739,-0.1932531718890258
49,-1.099476859054484,0.5973808302729651,1.724362030884508,1.094129530187294,0.2000000099518058,0.7591074479422663,0.2063147873002274
24,-0.3162589676195974,1.987989459534134,1.3019495501048968,1.358295489593428,0.1999362815457453,0.1279251064780893,0.1988985554860992
5,-0.0416955879828983,0.6892257044698018,2.1629381802688856,1.767239162495789,0.1999908815534008,-0.0322935427604793,0.1832922911677522
10,-0.1642365819802603,0.572679908320645,1.8402201735110089,1.971435130989858,0.1999647558575404,-0.0892126363143438,0.1994130382194511
17,-0.3470209298202381,1.2414015015627855,1.5769857456943832,1.70599330756927,0.1999713368468526,0.1058131628179615,0.1969483003859641
1,-0.05544676918744619,0.3522605251091443,1.5882577775653939,1.566697493799253,0.41319162143591404,-0.17028525284314955,-0.16935489233671572
32,-0.4592879661018812,1.8148944261621296,1.4102050714812293,0.9311360848489872,-0.1744806294287015,-0.5531326821604187,-0.1803352049102957
0,0.1000000000000001,0.2611111111111111,1.5707963267948966,1.5707963267948966,-0.21350118027676815,0.14798275135700062,0.14798275135700062
0,-0.0777777777777776,0.2166666666666666,1.5707963267948966,1.5707963267948966,-0.15248996489396008,0.19994027393048325,0.19994027393048325
3,0.0510477799141355,0.1396205380350648,1.887450969694492,1.414346980730338,-0.1126363544758703,0.3234323050984898,-0.0855269371611467
1,0.0065359824573526,0.1436072934469691,1.770704212851407,1.4559215059493709,-0.1992330805112334,0.3046905162886284,-0.1800099807211566
8,-0.0969708316983442,0.3428594199116988,2.128127844407774,1.8433464201990752,0.1999841047895727,-0.3129686289309961,0.1831365805868167
2,-0.055272894174419024,0.2874279290791543,1.596240704008613,1.5674016168151714,0.47368959975014446,-0.07471528817138164,-0.07331833202015674
30,-0.3793361986238396,1.962308555032036,1.5636660389512238,1.1528294943699926,-0.1997959748457088,-0.0650753264824582,-0.1857693168445084
24,-0.3646665902371775,1.8747728883189136,1.2724641744057923,1.5006676532996277,0.1998211645501759,-0.1127504760685556,0.1971914098048339
40,-0.6889150807796481,1.4880233368297224,0.9026670124285238,0.8741500516764531,-0.2000000099650999,-0.0871883217809234,-0.2001672946642765
25,-0.3699620609364643,1.909591116116571,1.2571744471452222,1.5035139712650942,0.1999295481444837,-0.21107118880222,0.1990410736612568
38,-0.8035068160596583,1.3942176787171037,0.7904877281221725,0.907072912446938,-0.1999998768615887,-0.0704981406529082,-0.1978221627875502
42,-0.9145482532821372,1.232172212432777,0.663266590648883,1.1764323039142637,-0.2000000099391461,0.4541915857857057,-0.1965369254279403
22,-0.3790524170718564,1.574377035984062,1.4232760692927338,1.5802886952914454,0.1999201157858218,-0.0905742827541702,0.1988771570698604
12,-0.1823063455217737,0.7429373749968156,1.8058043252672853,1.987640985128203,0.1999773647089736,-0.1495573897862389,0.199384921171199
7,-0.0344461584345426,0.2963847575630334,2.262350849389633,1.7232380407272547,0.1999724076237338,-0.1351235567238614,0.1646723139519454
30,-0.3667977520581614,1.9726266331365403,1.5491594692732087,1.192053286754882,-0.1999862452250427,-0.0069085702992736,-0.1876110762194966
6,-0.0278036516147497,0.3448444175780546,2.227574018559461,1.485581732796,0.1999393088978605,0.1079326859917742,0.1546736427004692
25,-0.3520924058915741,1.9461607901740463,1.2735123790257137,1.411163179865253,0.1999168699073259,-0.0524490370173434,0.1987455592689918
2,0.0974254163664323,0.3827183549830849,1.3429963528349749,1.5933702474143543,-0.1813339569635148,0.1433235806072038,-0.1792310112452987
18,-0.2628633402415787,1.3804436472939807,1.6539291898374795,1.8902611543632124,0.199933958354282,-0.2846218836176875,0.2010405457697618
3,-0.0101482891167108,0.0429299970559369,2.0239939288065183,1.2059487669741429,0.0720863960425739,0.2355027758154153,0.0664690521147791
0,-0.0111111111111109,0.3055555555555556,1.5707963267948966,1.5707963267948966,0.36817300984275736,-0.19974942508477256,-0.19974942508477256
0,-0.0777777777777776,0.2611111111111111,1.5707963267948966,1.5707963267948966,-0.309776044833377,0.19991515568211382,0.19991515568211382
1,-0.10007802680918525,0.21851139599902222,1.591843624660049,1.5628049463772014,-0.27878222333379815,0.13418303160958622,0.13331702805083928
32,-0.4605072520616899,1.845838976964008,1.440641658382931,0.9613028935626368,-0.1999708982376307,-0.503001067261491,-0.2006322278097504
5,-0.0589924430498137,0.3466033574465995,2.035240520365245,1.3664637734527847,0.1480014458344042,0.2947836462486762,0.1343964517578157
5,0.0627887433692545,0.2142058553951565,2.2765188970856483,1.5241697846443223,0.1998185229430242,0.0462331606440399,0.1490439966663118
0,0.0111111111111112,0.2833333333333333,1.5707963267948966,1.5707963267948966,0.3619618378537095,-0.199780030950674,-0.199780030950674
0,0.0555555555555556,0.3277777777777778,1.5707963267948966,1.5707963267948966,-0.2790400847185487,0.14535502198317546,0.14535502198317546
45,-1.0209013183754974,0.8361174087425925,1.236900412059673,1.4084747657384002,-0.1999999626696829,0.3264154156321394,-0.2026364161209511
23,-0.3389309971339473,1.7256592209982455,1.454359231711252,1.723981283227805,0.1997455349725546,-0.2766523705504961,0.1998981667088123
3,-0.10447655248803576,0.17957037797193054,1.7604503306400838,1.4716344927398108,0.33905706802319663,-0.15322727578759412,-0.13722394833168752
0,-0.0111111111111109,0.3277777777777778,1.5707963267948966,1.5707963267948966,0.38909411936052873,-0.19971430670961426,-0.19971430670961426
34,-0.6035369828995395,1.643664566816728,0.986277696917088,0.8777496950765803,-0.1999639183888447,-0.1853768702642363,-0.2007953646433662
2,-0.07737785726632426,0.40136436182113455,1.6063532224532704,1.5686855656954417,0.4055401403057848,-0.028690641278965694,-0.0271430763208671
6,-0.0138706805525981,0.2381219234247476,2.273092241933226,1.7774510482134973,0.199936079365205,-0.1371620893732036,0.1693531885105116
14,-0.2923831439060856,0.9292121757044732,1.6610564162792298,1.8112299980475948,0.1999921883912845,-0.0540478722795472,0.1985499099063717
6,0.0173993805424126,0.2358208043123192,2.2573635053010905,1.5825481060990676,0.1999845112512149,0.0641802377829469,0.1601620457236507
13,-0.2497081982898273,0.8356534807167071,1.687305231079196,1.9026335909464145,0.1999809693132933,-0.0310669825231777,0.1960264688389016
24,-0.35109379421526,1.8958833440653675,1.3310585567014457,1.546995694320328,0.1406161728826443,-0.2850376090187765,0.143457805360582
28,-0.330981261308368,2.019697355025248,1.5203509377683595,1.2035086370224224,-0.1067199439049793,0.0282133901517574,-0.1005288131542099
38,-0.797197632504296,1.4146975949255407,0.8516727678583247,0.8840475885633676,-0.1943003471747269,-0.3084012591843895,-0.1932002610124966
39,-0.8416668122323426,1.3073364294084917,0.8682470959991302,1.0212476569208946,-0.1999998930246032,0.1207665585363251,-0.1995040746871936
31,-0.4219502443641456,1.8763492841901108,1.4973871679438613,0.9998270880644498,-0.1998448954716946,-0.3617055971687703,-0.1928772326441653
13,-0.2582147605939979,0.8916531320809413,1.6919986550317836,1.8811137838954892,0.1999492735613559,-0.0988336125200641,0.1982423430861532
11,-0.2279438823737623,0.7357713433533335,1.7388579050495343,1.9080701645333784,0.1999664903175727,-0.1983237072832649,0.2004504039619085
1,-0.0332392176111028,0.2658770917042751,1.5806111147978903,1.5693704349146311,-0.1994529248889432,0.433077286271712,-0.198953526233028
27,-0.3534818329841985,2.03079322139042,1.2293054760054325,1.364331421162296,0.1638181332636536,0.2835718878338483,0.1585097023303943
36,-0.6647397317601267,1.5593679250123809,0.9346057611544594,0.9163817427223256,-0.1999999137866817,-0.1341500400918145,-0.2002111649836184
31,-0.4137423171471352,1.9218494098034289,1.4675411603768411,1.083535247138555,-0.1998861509933138,-0.1020347424852413,-0.1891513105192498
15,-0.2708160943848859,1.0437435761368774,1.6674342761872507,1.8686065429741616,0.1999900064287089,-0.0690571077856271,0.1973366961367936
25,-0.3620608495918493,1.9144940930877263,1.2633338976430086,1.4375312265418343,0.199935293327248,-0.0795403361236656,0.1982880418210506
0,-0.0777777777777776,0.1722222222222222,1.5707963267948966,1.5707963267948966,-0.1437248075799517,0.19993274291873195,0.19993274291873195
46,-1.0339633048198769,0.7621848348371679,1.4807449567725803,1.3444902879023366,0.0215198058592642,0.2557590988119897,0.0247944177962098
48,-1.0644326913571844,0.6859831348365609,1.620577612416759,1.1601877899927389,-0.2000000099939818,0.3144368595413234,-0.1652055355407991
38,-0.7997579373575043,1.4241382874558268,0.9145404956001516,0.8611464311471022,-0.1999560608186679,-0.1033124342253963,-0.200222463557185
40,-0.8845989051185916,1.2551132651262589,0.7427931711644813,1.0164197510670692,-0.1999998870566002,-0.0879976653452758,-0.1901814230813528
9,-0.0573228212331346,0.4825468980271521,2.1168455571021294,2.023095853991216,0.1999830402698701,-0.4139391512430729,0.1952298723791203
10,-0.1232957709335911,0.5594843067890817,1.9478313120207928,1.98283295686968,0.1999714896570135,-0.2107805601000815,0.2005866241105757
16,-0.3163365157443246,1.1717816675982913,1.6356469315856392,1.7691492898937589,0.199955615737426,-0.0956836680332231,0.1994499766875164
0,-0.0555555555555554,0.2833333333333333,1.5707963267948966,1.5707963267948966,0.4261357513229632,-0.19993785202596379,-0.19993785202596379
5,0.0576662638419098,0.3276610841394275,2.080663382654304,1.423657171665749,0.163137815273818,0.256111368934553,0.1448184523403764
0,0.0111111111111112,0.2833333333333333,1.5707963267948966,1.5707963267948966,0.3619618378537095,-0.199780030950674,-0.199780030950674
0,0.0111111111111112,0.2388888888888888,1.5707963267948966,1.5707963267948966,-0.1998291862253709,0.3998157721130204,-0.1998291862253709
32,-0.4556183282475745,1.832136255924792,1.433168366552039,0.9557939768335558,-0.1975403239926463,-0.3809893646049849,-0.192960674582736
42,-0.9703137221231256,1.0512064781358368,0.9840667140881854,1.2888970277608982,-0.1999999811723521,0.319117072778751,-0.2003572636409171
10,-0.10966860340915922,0.5466676314543502,1.7479002762796991,1.6585216374567222,0.39250938138809044,0.20000000995116346,0.20270521386346035
0,0.0333333333333334,0.35,1.5707963267948966,1.5707963267948966,-0.18045460146009826,0.1701249690426339,0.1701249690426339
0,-0.0999999999999998,0.2833333333333333,1.5707963267948966,1.5707963267948966,-0.04788100321313902,-0.018543770885689967,-0.018543770885689967
6,0.0635374971431551,0.3998564492795625,2.208719067121581,1.5554490549842137,0.1997452138148166,0.1424187022637918,0.1672738045245334
13,-0.2501104642359197,0.8444414248775561,1.6993707333265196,1.9015741674664977,0.1999747570188802,-0.0790918360227501,0.1974889485192255
11,0.008362943408896,0.6958892689911205,2.179826620302084,1.9953152800135685,0.199994581581976,-0.1307563381736218,0.1942009409386054
2,-0.0789834070664343,0.3499014507700452,1.4377406129644,1.586944716618602,-0.198136398018273,0.3621161070365625,-0.2013179402983489
30,-0.3705644076651102,2.000813323498232,1.466246614719058,1.2024896678668795,-0.199981328790817,0.0611099003957113,-0.1914722463783223
3,0.0161535972398275,0.0004019323289956,2.0672778430202703,1.2050237033213993,0.1999449152446706,0.3329661393788411,0.1553921565717327
2,0.05550830216505031,0.260715839913877,1.6434444776412587,1.545996815273594,0.42365655815991154,-0.05060331562532073,-0.04624133670886877
0,-0.0555555555555554,0.35,1.5707963267948966,1.5707963267948966,-0.17143084310339443,0.033501622235987134,0.033501622235987134
45,-1.0272357539657957,0.8066102552156439,1.3318019852992138,1.3548538981840628,-0.1999999911808929,0.0180860226994486,-0.1999885425171975
16,-0.2504852300297138,1.1488017967516346,1.6858870704499846,1.912981978814433,0.1999898386616086,-0.1089713233209498,0.1973084830438012
45,-1.0417267492735809,0.7362297114987476,1.3334777265776372,1.3674961302942583,-0.1510488097678785,0.3641884210431493,-0.1522000893755462
11,-0.0165434138804314,0.6788449672434684,2.0459043740783573,1.9138303959307064,0.2000000099565377,-0.1304120105035694,0.1965407902658304
6,-0.10029508837925973,0.26367563890196793,1.6445014114168028,1.5439878791874557,0.45438020350929953,0.1272120068909955,0.1311293877098274
0,0.0111111111111112,0.3055555555555556,1.5707963267948966,1.5707963267948966,-0.1997620564012155,0.3573864510823613,-0.1997620564012155
1,0.05548728318229451,0.30334045992735736,1.5483713085439543,1.5772965559336718,0.25940723518802933,-0.19985299918098112,-0.20051963673014575
2,-0.0568699711980918,0.4093345829609126,1.4611012603239235,1.5797844236280347,-0.0617913915812309,0.5212959038196623,-0.0675291053145744
0,0.0111111111111112,0.1722222222222222,1.5707963267948966,1.5707963267948966,0.37949024197419634,-0.19994025095563578,-0.19994025095563578
35,-0.6145687390127496,1.605676320964948,1.0087285476716694,0.8829307780067587,-0.1999996548604533,-0.2442734081250863,-0.2014840421209485
9,0.03015670228987048,0.57880675446704,2.34794445393962,1.800692818696976,-0.13721611806008144,0.1999883284959621,0.16364166635033955
35,-0.6205656748799653,1.638140414835064,0.9353008897002976,0.8725046902296997,-0.1999999244527331,-0.1858630548447375,-0.2007721003177158
26,-0.3776126658336852,1.960512831878572,1.1520050579067398,1.4719757758765244,0.1999330824507578,0.0147371196285268,0.1893218650997367
22,-0.3714230514419758,1.6501438643175064,1.3966954013518196,1.6015929734412926,0.1994774455274156,-0.1440334724784532,0.1982353465426648
1,-0.05551354875487797,0.24292554312252668,1.5816310542312007,1.567798893749483,0.33336830712205784,-0.19983931082428252,-0.19935908794670873
12,-0.1767093755997481,0.7496218814288427,1.8078792420317265,2.005478910927848,0.1999793727796027,-0.1752519481178816,0.1995283803993302
30,-0.36769880230604,1.9672798398681923,1.5314178967687655,1.1912714628392604,-0.1999862160356145,0.0064734512166099,-0.1883121994888903
49,-1.095220746322517,0.6298480784762347,1.7779231250442318,0.9299177163475776,0.2000000099678485,0.6357663187229755,0.1799761632065102
42,-0.9520185420777088,1.1148901760604153,0.8588305817838151,1.1569901616942084,-0.2000000075705379,-0.0876521469870444,-0.1886008751777858
0,-0.0555555555555554,0.3277777777777778,1.5707963267948966,1.5707963267948966,-0.15973085538250706,0.027544650378791093,0.027544650378791093
5,0.10046443736494169,0.2109175727389453,1.6479926240306835,1.5545414896677696,0.5944002714472454,0.14098951810473978,0.145920983673683
30,-0.3653675678248873,2.007107723808885,1.4892684258956264,1.216803952576999,-0.1999919606930298,0.0566612611979414,-0.1910895933342355
2,0.05566909603031385,0.2015482212793892,1.698722309133716,1.5309915577636672,0.46049870565575723,0.005323536751189263,0.012936640084012097
33,-0.5224942017416203,1.74115555832938,1.164629642075461,0.912068048369934,-0.199992778650077,-0.1358219570878566,-0.1970420951607514
17,-0.3484898565960912,1.2094746683971107,1.621843691785941,1.6912108091729536,0.1999707326706619,-0.0343434806762945,0.1997278560916242
2,0.05543844103080399,0.18409713893603707,1.570646258792081,1.5687113408553643,0.48529781776518083,0.019076793200091965,0.019170658575860765
25,-0.384238749782438,1.8738345946892925,1.2749042076428987,1.5129952606604835,0.1739285777331783,-0.2457982994723184,0.1748191495172388
29,-0.3720626188155938,1.9726423501984336,1.4864237811671113,1.2027378197887992,0.0619002938018676,0.0679835851589442,0.0613289906840717
38,-0.836000243077715,1.3624286121687288,0.7505276830582528,0.9485628837007736,-0.1999914125825022,-0.1482136491170095,-0.1931665822113556
26,-0.3546188118415447,2.017559970064384,1.1754317975456885,1.4275461197921575,0.1999406748632654,0.1395547404464736,0.1901387623606787
0,0.1000000000000001,0.1944444444444444,1.5707963267948966,1.5707963267948966,-0.24204140088377593,0.198515729678985,0.198515729678985
23,-0.3825669145889641,1.665415818659377,1.3943304391430131,1.5808669680909238,0.1996955376182975,-0.1645014791831044,0.1992820984711725
8,-0.1404391149212031,0.9610669080305524,1.8794302122483373,2.014208910989727,0.1999861992238635,-0.1573096495910929,0.20028632857804
30,-0.3650816008730072,1.9949013799812965,1.5140604774565478,1.2038460260942023,-0.1999714755750204,0.0355896006489685,-0.1893400443254505
14,-0.3063166996285659,1.022283390481677,1.6609229517704165,1.7759958749705949,0.1999894263791061,-0.0698507662835679,0.1994687995228533
3,0.0751826616241806,0.3503509117212267,1.5766978717123337,1.51107489508619,-0.1812635598479635,0.2855685461598566,-0.1790007643756181
14,-0.3033633147533838,0.941137153047821,1.634570446322846,1.798687712945689,0.1999783377969042,-0.0172190354489803,0.1975725485008251
24,-0.3418036062440499,1.9067149997712505,1.350701094240896,1.3853446307569812,0.1994357547330873,-0.1425776854882868,0.199809928565435
2,0.0550154886425033,0.3724346303457964,1.4906743576238357,1.5891522055586649,-0.1371248871107649,0.397983721336658,-0.1403734398481762
19,-0.3506663508449986,1.4962083276386682,1.5619480936062924,1.7061217707835643,0.1479964198896115,-0.2471115091073944,0.1500113198312385
18,-0.3319287571035433,1.5107760693293697,1.4782541012051147,1.7464803400764433,0.1999611039346583,-0.4402432141234044,0.2044783868484302
36,-0.6391655025306867,1.5792344876692057,0.9960422104663724,0.8694508268565011,-0.1999998977845258,-0.246789913201689,-0.2015153097914694
8,0.10014651393635352,0.41330991536348666,1.718186168060873,1.5916291998948746,0.5310145849248413,0.20000000995300232,0.20510291422034874
44,-0.9767138968727268,1.0591710618438963,1.1361992060970492,1.3101643069508169,-0.200000009929977,0.0193517933419361,-0.1973162071241017
14,-0.2543752905455873,0.9274863083056782,1.687976103622927,1.891039848056678,0.1999826747284773,-0.0588154031585085,0.197059828623573
22,-0.3769334446764526,1.696477314635279,1.3264222058244712,1.5742846800843049,0.1998868387151245,-0.0707283462918735,0.1955132999942679
14,-0.1297252955742275,0.9557214574389672,1.9454008973986687,1.99152052931216,0.2000000099932105,-0.3450063484164832,0.2013779382061627
35,-0.6619922162079143,1.574889798959748,1.0226110969534858,0.8143191092971892,0.1999999792270814,-0.2560016752370322,0.1903832518816851
2,0.05566909603031385,0.2015482212793892,1.698722309133716,1.5309915577636672,0.46049870565575723,0.005323536751189263,0.012936640084012097
0,-0.0777777777777776,0.1944444444444444,1.5707963267948966,1.5707963267948966,-0.20553646666327713,0.19992106105418703,0.19992106105418703
4,0.0684834233867103,0.3263644274204775,1.7842254700795914,1.393531215671369,-0.1597193258972206,0.4119499046907359,-0.1319953518663343
11,0.0293853417399316,0.7800275309585548,2.2164159890236403,1.949700823489253,0.199978082358682,-0.0817714678880038,0.1907520271345591
42,-0.95399637603036,1.1185988418167014,0.8662997397730909,1.172158562266557,-0.2000000021851286,-0.079949828497188,-0.1883103552721843
46,-1.035302657631898,0.7622034353017527,1.322449588385457,1.3810444189724311,0.0271238949724233,0.5136418166072425,0.0240693917195821
41,-0.9872644990991074,1.1471776648729988,0.5306422904497927,1.2753435073829067,-0.2000000086842172,0.2342278864156051,-0.1629329389210719
45,-1.0034088858912469,0.933419358392085,1.05488402510346,1.42514819329953,-0.1964729572654041,0.6543897833295488,-0.2068381964469446
47,-1.0347648495306945,0.7562134678561052,1.507230552343123,1.3574969378262796,-0.2000000099304631,0.443489560728828,-0.1911464363426945
3,0.09946464124531507,0.25050245073774124,1.5174733994678142,1.58198828769798,0.23415513364524213,-0.17208951554531857,-0.17324110828266318
24,-0.3754860164923077,1.7572839110389935,1.25568002227875,1.5521599173321154,0.1999620215800258,-0.1853081901962519,0.196651725260049
0,-0.0999999999999998,0.1722222222222222,1.5707963267948966,1.5707963267948966,0.02194980987667257,0.04006885609833144,0.04006885609833144
8,-0.0737385435797598,0.4939714086074143,2.1723350160171497,1.4809729593402874,0.1999417943698515,0.0184984125320427,0.1552102545421074
46,-1.011108226417459,1.0141729936732988,1.2128268173069767,1.3809351733560866,-0.2000000099782782,0.1071268033507143,-0.1989730377962306
47,-1.0286865691577016,0.7956661993094958,1.486189228579931,1.320421951135171,-0.2000000099957128,0.163953550649972,-0.1945530340118946
11,-0.0267811699390631,0.7069364516276849,2.148474781583551,2.055511636363373,0.1999694056752245,-0.2927734342902711,0.1963881499725094
44,-1.014245477122088,0.8783307144890004,1.0237653227159842,1.4115655567604672,-0.1302732170610892,0.6018553859518522,-0.1433588746873865
8,0.042772238849067196,0.6363631127169308,1.7006758810188867,1.6498761331268939,0.4771061223356501,0.18235916052042933,0.18454655655507632
18,-0.3658142852427886,1.356387208912646,1.6235502190920563,1.6411435756299395,0.1990849930410646,-0.2803373661072516,0.199547364905909
28,-0.3546374107416306,2.0279076301959567,1.3853756784350617,1.2895834255623482,-0.0353176015512046,0.2652592818754355,-0.0326185913820982
47,-1.0327281803727697,0.767471763635386,1.6118541682570222,1.3157426701223482,-0.2000000099609432,0.064882751255577,-0.1894023892923547
1,-0.0793112787366476,0.3619299974272995,1.415908304378081,1.5913570885996289,-0.1997531810919571,0.5922468074168754,-0.2070243017040962
3,0.1013992024553704,0.3448757739752227,1.4231192079512427,1.6326436279909744,-0.1998063147632398,0.4466070379727807,-0.2047257310342373
9,-0.0905601007662589,0.5082425367386246,2.185776331339534,1.668019971699033,0.1999744586357137,-0.1366733785406187,0.1669997689310209
45,-1.0293866634909032,0.7938721714344278,1.3577421882930685,1.3652175308993757,-0.1999999822845434,0.0492890726983972,-0.2000312391637132
39,-0.8299339334565886,1.386495797322491,0.799896278913073,0.9116466474524526,-0.1182007006070028,-0.2610048621094775,-0.1145527426615885
34,-0.573673209525055,1.662087596993926,1.0769491116835503,0.8728758204284075,-0.0994643211841778,-0.2984714170207036,-0.1034491729177963
21,-0.357115224644788,1.6708484731249802,1.3697347617978273,1.6012241498846824,0.1921060233899969,-0.034039099068324,0.1877626931171279
21,-0.28667360601788006,1.5379112796040586,1.5198071106206834,1.7372546386998182,-0.5618024400516991,0.20000000958802078,0.2074104797582829
23,-0.3656936633250995,1.711408271579195,1.3107926017476448,1.6491157578745508,0.1999516677854156,-0.0882024856947785,0.1915444081496897
12,-0.23833574662827,0.7130727749764614,1.699240402804456,1.908485559217206,0.1999916268671875,0.0035976752210981,0.1955546761623074
0,-0.0555555555555554,0.2611111111111111,1.5707963267948966,1.5707963267948966,-0.13206905872996547,0.1991717570533344,0.1991717570533344
2,0.07783364599503972,0.29973863966937847,1.5925373854723315,1.564336976674483,0.07170358541328216,-0.19977357498822906,-0.19949196373871086
20,-0.3779884648692433,1.5396395726405532,1.4206589440558877,1.6273998912347831,-0.0104132892828747,0.0098511430502959,-0.0103937550799564
33,-0.5144394215620753,1.7694370623179667,1.2423813979336256,0.9798032890955962,-0.1999532389112569,-0.0700316790391594,-0.1949174591850717
1,-0.09988733066459367,0.3548746189613599,1.5990577238288264,1.5630267030572504,0.3469936602442738,-0.19991558456508018,-0.19853584687821274
4,-0.10426086390989195,0.4262390717073268,1.6296247662580141,1.6131354692634055,0.32522118120186355,-0.18942794051516879,-0.18886594609895124
21,-0.3661478992954348,1.5877231691891995,1.4496671961554333,1.6668027993333343,0.138558902478827,-0.0929015991999849,0.1373067478177833
5,-0.070064090062053,0.3238877628387624,1.9165935879399667,1.3160004719868383,0.1167493177376891,0.3088856299727192,0.1137743659348911
36,-0.7085929432686195,1.537922941677639,0.9351062863424412,0.8463987687490744,-0.1999996512753546,-0.3530586135963509,-0.2023410555966429
2,0.05509217902439099,0.2774947201098752,1.5113815563407282,1.5823476208975182,0.49754529112547796,-0.06881756162373884,-0.07217226562020013
0,0.0111111111111112,0.2611111111111111,1.5707963267948966,1.5707963267948966,0.3843946861742985,-0.19992810404767983,-0.19992810404767983
6,0.106933406119969,0.2056714384295268,2.0248429376445385,1.62675814269176,0.2000000099587753,-0.0981332878663669,0.1805568609225412
36,-0.7130857345235918,1.5444487864218197,0.8227857854176197,0.8765295067717817,-0.1999994479331851,-0.0416108527734924,-0.199487154921141
0,-0.0555555555555554,0.35,1.5707963267948966,1.5707963267948966,-0.17143084310339443,0.033501622235987134,0.033501622235987134
27,-0.3304753348169295,2.102398201651488,1.258585191274914,1.3551105299622648,-0.0546415317775639,0.3614067840789312,-0.0578702545482233
1,-0.07774946358725861,0.15694974721835817,1.595965833463941,1.5627914917963985,0.3650413004628542,-0.19985010559557137,-0.19852936609894822
17,-0.3294644167005847,1.2119503007845214,1.6201893008717705,1.7426225319716102,0.1999732942230822,-0.0319162701898797,0.1988661617581925
0,-0.0333333333333332,0.15,1.5707963267948966,1.5707963267948966,0.27462461624983053,-0.19975498186773072,-0.19975498186773072
1,-0.09995900413293503,0.2593994140815686,1.5615244413520513,1.5743935249720762,0.3128474713483109,-0.19983957963449575,-0.20022562672960992
44,-0.987078894987002,1.0057140670859983,0.9523856506136203,1.3070208884945802,-0.2000000088500158,0.167548324017404,-0.1933727386204815
43,-0.9982112637305356,0.9556316339468224,0.9339700067494774,1.3380872339532572,-0.1999997522627971,0.2745952796899895,-0.1946870312600723
39,-0.8756049845614814,1.2888103603559753,0.7277583031546839,0.9932749017144108,-0.1999993186103194,-0.1283634722300457,-0.189622398903191
43,-0.9961295594391084,0.958774263766369,1.1073595350267629,1.362696923408503,-0.199999987368396,0.3375920716475638,-0.2020422411388651
0,-0.0555555555555554,0.1944444444444444,1.5707963267948966,1.5707963267948966,-0.09382804398824439,0.1331731943034651,0.1331731943034651
42,-0.9659464072815284,1.0753304371304346,0.8469389520955688,1.2624152909363588,-0.1999999333647601,0.3886192138337938,-0.1986704450876985
0,-0.0555555555555554,0.3055555555555556,1.5707963267948966,1.5707963267948966,-0.0062601169491076,-0.1035855046122827,-0.0062601169491076
38,-0.7875979465765122,1.39018384537146,0.9273287878120507,0.9700960091532776,-0.1999999098205941,-0.118163383625841,-0.199311836336115
3,0.0788791133818068,0.1780560847355482,1.466024463078206,1.6167913390241535,-0.1988456386827764,0.2984161618457409,-0.2010720728050674
4,-0.09871739333665229,0.329480312534291,1.7388713653286496,1.571132085959783,0.35639387087729946,0.0477897129274549,0.053069101656010004
26,-0.3640932141201029,1.959870679654246,1.2049097914619842,1.4018836334894658,0.1999271626846619,0.1829366719017945,0.1924811119126779
17,-0.3078919977513856,1.2441445753329174,1.5763206066618514,1.8055424223229344,0.199991134526216,0.1274015790371975,0.191865252503765
5,-0.1148448107307222,0.1139311997716265,2.1098376934145566,1.2209730550629223,0.1999572487385046,0.1391070961306847,0.1368315015037755
37,-0.7527533130898416,1.5037326945874587,0.7738013881051468,0.8724920574593051,-0.1999999072792398,0.0300116325569958,-0.1993224194329497
1,0.029591940942042,0.2308565353697255,1.7297999905872803,1.479008618848228,-0.0844579839828653,0.2752296004672493,-0.0749854373396037
4,-0.07895548350287401,0.16211890164854773,1.8907517043315814,1.4562493668234637,0.26822673888052784,-0.05126889135531776,-0.03521372114455205
45,-0.9853517751068024,1.06185411774218,0.9759782945223104,1.2752005194665963,-0.2000000099908506,0.0341719673975833,-0.1921205305031949
0,-0.0333333333333332,0.2833333333333333,1.5707963267948966,1.5707963267948966,-0.09295375239908964,0.19118105671598923,0.19118105671598923
4,-0.09946253089217397,0.35107359751998024,1.6518421536919217,1.582982418938602,0.40125873494489844,-0.18609180124747918,-0.18288990929889093
0,-0.0111111111111109,0.1944444444444444,1.5707963267948966,1.5707963267948966,0.3806528054895435,-0.19993736276202304,-0.19993736276202304
0,0.0333333333333334,0.2611111111111111,1.5707963267948966,1.5707963267948966,0.37262003338215405,-0.19994217494671665,-0.19994217494671665
0,-0.0777777777777776,0.2611111111111111,1.5707963267948966,1.5707963267948966,-0.309776044833377,0.19991515568211382,0.19991515568211382
8,0.0788451868462041,0.34295207163260955,1.6774529880520443,1.5733729259533917,0.5496563234921312,0.20000000999459105,0.20462822493617797
20,-0.3753507959317581,1.5714874757761148,1.4031270679238637,1.6375427510439196,0.1998854160380736,0.1196976183114782,0.1916383230515784
26,-0.2710111798160016,2.0272505825190663,1.2909341530203902,1.5734664486478875,0.41943632855148966,0.2000000099349137,0.18037711841439194
3,0.07719007284359887,0.28806599043308806,1.4922556814783832,1.585518593988056,0.26188817937466324,-0.19990404952605165,-0.20147420595465831
8,0.0989861308482208,0.4439639514078246,2.144012993829591,1.7049326736161818,0.1999654388546936,-0.0443871564342847,0.1791103889191674
16,-0.2956629149525835,1.1405316258509592,1.6483715589347998,1.8156554383898296,0.1999882952638128,-0.0817175641906507,0.1985572251096947
39,-0.8310490381971557,1.3236060211612868,0.7710669483544543,0.9585206058001458,-0.1999999117762576,0.1079847679611275,-0.1985086834265075
21,-0.3791425093798075,1.5672011559890162,1.4319962994901534,1.6062563252313828,0.0844713373769232,0.02613556836171,0.0827388908654216
9,-0.0491144684926969,0.4809649315896552,2.1744932629447784,1.9290759030609528,0.1999798561855225,-0.2652157170534727,0.1875439483262759
7,-0.0196354045904367,0.3202272500554834,2.2276114246793863,1.9307487134487955,0.19992629682287,-0.2339856377129547,0.1843367192518939
16,-0.3039965758161197,1.2064636977832623,1.643458750841226,1.7895707118582909,0.199966583191136,-0.0984878863838707,0.1992697751642367
29,-0.3619281350537994,2.059270140549104,1.3985785783764573,1.2598078511436646,-0.0833239493233696,0.1585208476133179,-0.0803301865119698
0,-0.0777777777777776,0.2388888888888888,1.5707963267948966,1.5707963267948966,-0.2955083058288543,0.19990706399673244,0.19990706399673244
18,-0.3548167527574406,1.3063809716393198,1.588984478802549,1.6860524321194954,0.1999026835821377,-0.1454355632461053,0.2003711599001499
1,-0.0335840218161741,0.3015620800021495,1.5381718888031797,1.5774287849255895,0.4379476194536142,-0.19958624948665465,-0.20115128252818126
23,-0.3840437559868737,1.6590552737099038,1.328248177360332,1.5915900297256929,0.1998823062819055,-0.1127599499380409,0.1959266943095345
17,-0.3544881939176692,1.3172300956887106,1.556881421661279,1.6871214250937752,0.1999635792310394,0.0813140203755181,0.1972139957932147
0,0.0333333333333334,0.35,1.5707963267948966,1.5707963267948966,-0.18045460146009826,0.1701249690426339,0.1701249690426339
17,-0.3393914611542253,1.24854556492034,1.5848171626215002,1.7237480864552273,0.1999902971656642,0.096640101759278,0.1967249983302362
35,-0.630797503176407,1.614436222962441,0.9719572711493304,0.8857403831779981,-0.1999980883841996,-0.0896831127498207,-0.2000274829579752
48,-1.072396419626941,0.6521703575846309,1.6943163036216655,1.125576396483913,-0.1841461173891893,0.2114218631093039,-0.1437713264800018
25,-0.3604492159705217,1.8862119495797969,1.277709634043175,1.4418198987746358,0.1999500315063386,-0.101585981625882,0.198923181136445
35,-0.6058631714893493,1.6412154785965265,0.9150211835373944,0.8885129356877345,-0.1999090926523913,0.1117727698222023,-0.1995426046545984
44,-1.0117191686773814,0.8794075897882709,1.358040539251879,1.3440721136200957,-0.039615364652464,-0.1355309967994526,-0.0398008092100209
0,0.0111111111111112,0.1722222222222222,1.5707963267948966,1.5707963267948966,0.37949024197419634,-0.19994025095563578,-0.19994025095563578
0,-0.0999999999999998,0.2388888888888888,1.5707963267948966,1.5707963267948966,0.4128710506616552,-0.1999399600884397,-0.1999399600884397
28,-0.3379675984465912,2.128886239395757,1.3331461597087353,1.3069314347658747,-0.1809735993611017,0.1157656958408281,-0.1806079774954566
16,-0.3103994871443773,1.114790531113753,1.6236024560663584,1.788891479497971,0.1999932308032647,-0.0068263103891754,0.1973798096880702
34,-0.5764249376196687,1.6648206970075856,1.0488583732869785,0.8834572002129276,-0.1999843980899171,-0.155431500212694,-0.1998142367118784
15,-0.3389288328358049,1.6213629550398914,1.4247732734420335,1.6635219901995335,0.199931962799788,-0.1663344506702132,0.1981944161180997
3,-0.0064350823565078,0.0613527433988466,1.9480748653841733,1.1030740815338986,0.0911300511279196,0.2420269659135258,0.0785887427578043
18,-0.327636677598468,1.324617572940366,1.6321031162538704,1.744256111603886,0.19989886531002,-0.2370394489671878,0.2012958879104031
4,-0.12400182544932281,0.4697699001346917,1.8260991602084333,1.7312443660574282,0.22737339666970635,0.19998723628162632,0.2012417378070432
3,-0.05518315857833362,0.42067013875879194,1.6098038746368468,1.5733611775801597,0.4823115781266917,-0.11149952680271517,-0.10966821095240208
38,-0.7876525785871097,1.4077090593506396,0.8646943967844861,0.906569639455726,-0.1999999878079281,-0.2751144258082957,-0.1986729481755114
5,-0.07929924008495166,0.19795073103339722,1.6223972580072026,1.538075376504622,0.42968406029386014,0.01923459291276283,0.022785137508357957
4,0.0359750130768009,0.133694746727765,2.016385374193545,1.2082250445730718,0.0974149170612914,0.2657563694267623,0.0865117699724006
39,-0.7886949141261834,1.4217602778615006,0.7779398254111953,0.9078256701772728,-0.1999999689892199,0.0796004218704751,-0.1993462986088915
46,-1.0441580451871189,0.716387604640572,1.4813545652986149,1.3327553240592247,0.2000000071886321,0.1212992727881999,0.1995917656249425
14,-0.07082732798080912,1.0258429953161086,2.1558827694952236,1.8253522988228017,-0.16321491658260062,0.19996976660624108,0.18384841040774222
36,-0.6536343375058239,1.573117596129544,0.9622994351539472,0.871031483498015,-0.1999999118833787,-0.2430688556542675,-0.2013828674731171
1,0.05559412910497173,0.3432549037215568,1.5868339697506766,1.5659925019535441,0.26103102127636735,-0.19995107690513392,-0.19936366484558996
1,-0.1021843604508499,0.4449711484146081,1.3461150351392854,1.6030758115121757,0.0774909050375239,-0.3538242159658064,0.0839388034635155
3,-0.033201156688260236,0.3980060415670218,1.6117371850793623,1.5676371681421557,0.5285287748836754,-0.15199697444767896,-0.14951913830140065
29,-0.3606994948192911,2.016480418503618,1.4819041521310667,1.2218522449681275,-0.0645716100477753,0.0984996174259284,-0.0598677673769439
20,-0.3477745755144784,1.5279029679964515,1.4528990176651415,1.6983346170661142,0.167733703959313,0.009981616735721,0.1624644569053307
9,-0.0779853140335662,0.4432284404841293,2.014119981416263,1.918865646977416,0.1999981394432801,-0.0937067453735854,0.1982002467355969
6,0.1121005216291392,0.2667321386003031,1.9262381432026745,1.6239806397460532,0.1998396909726097,0.1498314604836535,0.195240466655107
49,-1.0917187110365132,0.6348918260919029,1.7701457660469446,0.9529782239100156,0.200000009968157,0.6553728394309766,0.1846483663315887
16,-0.3324308288852796,1.142561608490791,1.62857282694159,1.7270089393499803,0.1999648212256095,-0.103174162494413,0.2000107738540485
1,0.0764147778643131,0.2504870140409572,1.432870838118352,1.5891776559076758,0.0541606120265081,-0.0404257065049445,0.0541296482772783
34,-0.5787272361413064,1.6728909016483344,1.0342220277149,0.872041508418021,-0.1997817300076792,-0.0912937617515333,-0.1986342271826546
39,-0.8383271160029362,1.3167215826364846,0.903157957974028,0.9869868506331732,-0.199999915311819,-0.1879316545539708,-0.1977240329554077
30,-0.3644454740080512,1.9927953767611664,1.5061112940951669,1.205603980865637,-0.199963753728062,0.0527269270037842,-0.1894419245576173
0,-0.0333333333333332,0.1944444444444444,1.5707963267948966,1.5707963267948966,0.03769938502389991,0.15875211299120545,0.15875211299120545
23,-0.3810892479727167,1.6653080528403157,1.3417525635923355,1.5667413534240393,0.1999252328506855,-0.1081547931584839,0.1972993229073873
19,-0.2891022241861106,1.592357843314891,1.4559416963309362,1.6289969398631146,-0.11831052345370859,0.19996562549271507,0.19901601534050772
12,-0.2608115873127614,0.7462173630342215,1.6812828002012594,1.8794451836802588,0.1999327355446101,-0.0602225128550171,0.1972056407191386
37,-0.7257574704365253,1.5057830438478457,0.8781853869020102,0.8835700776454598,-0.1085433796575036,0.0969763285891193,-0.108594024560933
0,-0.0333333333333332,0.3277777777777778,1.5707963267948966,1.5707963267948966,-0.22463226426900082,0.19927976270050665,0.19927976270050665
39,-0.8996750976996647,1.301854344986047,0.7236563879709277,0.9243282910961852,-0.0825927369395439,-0.289295157624953,-0.0751688811493772
23,-0.3684776813982433,1.7766434852894937,1.3174262931905032,1.5643474789380958,0.1999219595740272,-0.0899242375694216,0.1960561598310857
17,-0.3470186643909327,1.195771833636232,1.6405149078197496,1.6876884392217564,0.1999975996013926,-0.1519497507140996,0.2004916441389203
0,0.0111111111111112,0.2833333333333333,1.5707963267948966,1.5707963267948966,0.3619618378537095,-0.199780030950674,-0.199780030950674
40,-0.9063622132914572,1.206460108678977,0.8617582322249868,1.1021160508387442,-0.1999994325455943,-0.0097854680149192,-0.194017077271384
9,0.0709660237927945,0.6237041372311619,2.0831416764627573,1.761061158451185,0.20187304692899527,0.1999787023795855,0.19608568324571166
22,-0.3739959662787324,1.6299881512725132,1.4448306205010186,1.5921407476726297,0.1996742764437002,-0.1048633521612875,0.1990508607312558
3,0.0071479314614194,0.0811494002964001,2.078768991264138,1.370551508380947,0.1994767966671246,0.3147289851282926,0.1719796510521139
30,-0.371336759244802,1.9892236459359247,1.5311539608440303,1.173601175195704,-0.1999789330544313,-0.1182695603915306,-0.1914707192601182
21,-0.3397040590091045,1.6418930454734142,1.4364710284007778,1.6763551040571052,0.1896703928509419,-0.2450703717274833,0.1900619080380902
39,-0.8357297221153239,1.372316224244548,0.7357803706544098,0.8955647075014794,-0.2000000098457807,-0.0365242422641707,-0.196871213585452
0,-0.0555555555555554,0.2166666666666666,1.5707963267948966,1.5707963267948966,-0.1459848140978977,0.19981138019172734,0.19981138019172734
1,0.10000781394394091,0.20108787254046914,1.5780657129969935,1.5684797118066705,0.011300741554233459,-0.19979700803555459,-0.19977699556428613
3,-0.0798139354188662,0.23327527982979,1.657065458533765,1.5230757864805264,0.0117098122609368,0.4278556779492407,0.0173205407413794
9,-0.1037396846707104,0.5230025273335495,2.090709500561691,1.889054683977532,0.1998219186754969,-0.3867903267310194,0.1880257643664324
1,-0.05554545291558127,0.26265101520303613,1.6095919768002371,1.557994138996199,0.25159850855352134,-0.1999603516587866,-0.19839661185879578
34,-0.591780076523634,1.6523431649360778,1.0572450225991814,0.8592256956675997,-0.1212742289887227,-0.3023927861947302,-0.1248532119710191
4,0.1078686004101124,0.0559087386530729,1.757947369315663,1.551141735248048,0.0992263451102327,0.229293647275144,0.1018202055259749
9,0.0707642268341438,0.5152683379735674,2.179338465860335,1.801644994493785,0.1999909149227622,0.0741103189362391,0.1886281176667218
40,-0.8884668053189777,1.244732162354544,0.8370261108405697,1.0567826886804843,-0.1999999894180754,-0.063101224879573,-0.1938145415314145
22,-0.3432776676102452,1.7627026919173892,1.293371284221867,1.580386367060595,0.1999371685090942,-0.0787463491018355,0.1939876042954949
32,-0.4474730924518453,1.8189296896339455,1.2196529545038337,0.987039090017441,-0.1999856402869481,-0.157740046436084,-0.1982357119955786
1,-0.07777120137317124,0.21875248621994883,1.589817696311746,1.5645435010204611,0.3145310326753104,-0.19984004757089718,-0.19898135631800853
0,-0.0111111111111109,0.2611111111111111,1.5707963267948966,1.5707963267948966,0.39046927336936577,-0.19978799360956215,-0.19978799360956215
40,-0.7539011604972784,1.4839147006111568,0.8010543748368881,0.8776078632522554,-0.2000000099624561,-0.0058001726032969,-0.1993698934366883
13,-0.2608017169416831,0.8934997939472957,1.6915811000341332,1.8800950972046104,0.1999756160239554,-0.1097295540931593,0.1984891326865243
11,-0.2017785542650612,0.6296312890818355,1.79349649980933,1.9419356164113464,0.1999830553681373,-0.1710480763330372,0.2003135760667695
1,0.0984008208696754,0.4223369473501341,1.3820471498481943,1.6058110525255598,0.0776655788901284,-0.1978046224758023,0.0801186188151206
35,-0.6252774017817944,1.6036197376204544,0.9168672073968444,0.8935861153051383,-0.1999937706243365,0.0877094966534009,-0.1997353949943702
21,-0.3746190446658664,1.552202042310333,1.4204921797347856,1.6103351652166524,0.1998883250317235,-0.0171660707500873,0.1966210385476077
15,-0.2004933669649946,1.0825490795402202,1.730667204714315,2.002504970680838,0.1999795489408739,-0.0391767723528796,0.1936880205987801
0,-0.0333333333333332,0.1722222222222222,1.5707963267948966,1.5707963267948966,0.019629576006228052,0.1873025034132022,0.1873025034132022
17,-0.2564564060604252,1.2806427893533012,1.702804949917021,1.8905232477446112,0.199977360288714,-0.1636795624538723,0.1995188290586618
6,0.05404476850294031,0.2829785401062783,1.6167370611510608,1.5464433546564171,0.5630752162707477,0.17832683087142892,0.18184124312869512
0,0.0333333333333334,0.1944444444444444,1.5707963267948966,1.5707963267948966,0.36809782327613144,-0.1998775181082128,-0.1998775181082128
0,0.1000000000000001,0.2611111111111111,1.5707963267948966,1.5707963267948966,-0.21350118027676815,0.14798275135700062,0.14798275135700062
19,-0.24589586399873592,1.419512624684615,1.7044278840675098,1.8924719968320871,-0.01703603052771891,0.20000000994392958,0.19679282630440997
7,0.09780265404709895,0.40941565547000575,1.5108704806146704,1.557911889246284,0.4920457364580219,0.10767474181272191,0.1052418285092183
4,0.10506128966290844,0.07617543221015816,1.5476474741590582,1.6223419253031368,0.38256983258608723,0.05148376657095464,0.048485284740439304
12,0.0762242692777497,0.7756202915855952,2.649895981975467,0.44312475783708954,-0.6633696894520484,0.20000000999454476,-0.17216005379286253
15,-0.3090926699009453,0.9828473061735066,1.6633670003056693,1.7926781539596097,-0.22929438244159261,0.2000000099420026,0.20128697693360456
16,-0.3242174035072711,1.2871534699789473,1.6015740704729362,1.7558395473244952,0.1999712234251017,0.0315432161360859,0.1971118219483684
2,0.054709798720918,0.3600754459947253,1.6005158164286888,1.5518052904674766,-0.1277030625065119,0.3988142064124345,-0.1256097141095952
27,-0.3199864115737145,2.049477960044184,1.4447004729362378,1.280463969781035,-0.0707671772288285,0.2638371741116963,-0.0655011813401429
0,-0.0111111111111109,0.1722222222222222,1.5707963267948966,1.5707963267948966,0.3791306568525211,-0.19983826396154572,-0.19983826396154572
1,-0.03371795450702603,0.2843334057584202,1.529973899075065,1.577007396940706,0.45348580679050315,-0.19978795521694134,-0.2016991315722902
40,-0.7131409279536225,1.4410915239621642,0.9431094877923646,0.9374518488962296,-0.2000000099745936,0.1263938430499671,-0.1999253004044039
16,-0.3240469218421186,1.1228602997359325,1.6040340626805225,1.7595449102944654,0.1999639935703127,0.0031661130112973,0.1975018972285245
28,-0.3384884481468477,2.119100259945786,1.3607059740238387,1.301993397853477,-0.1974931326759779,0.0627253659709962,-0.196784769348814
22,-0.3785433866168018,1.5718496650654143,1.414181582999113,1.610370799496313,0.1998736230987471,-0.0985039017863263,0.1979595234046029
29,-0.3926774687030578,2.002937639728442,1.6632102134828353,1.0828892001014316,-0.5211461869570606,0.004658302082659917,-0.024678374622888716
0,-0.0111111111111109,0.2166666666666666,1.5707963267948966,1.5707963267948966,0.3687586470214103,-0.19981951277973756,-0.19981951277973756
27,-0.3271567793842048,2.1378812577884845,1.2696573147379304,1.338746037104693,-0.1216817959732854,0.2903233928874364,-0.1233957144658407
15,-0.2548452968967923,1.0379176086050823,1.6773086945313054,1.90449391815648,0.1999824570926691,-0.0481316686781708,0.1959278547323218
10,-0.1899802781080461,0.5858465223602989,1.7995317922032747,1.9716576477702128,0.1999815188070827,-0.1423646488716212,0.1994647499857978
21,-0.3688783039779174,1.7729276997900862,1.5780309965400516,1.2997779305451578,-0.0195770173216979,-0.2388785458386987,-0.025385449709503
15,-0.2809049775560524,1.022453541836525,1.6595077972674948,1.85015892286643,0.1999944982521068,-0.0805204619523896,0.1978966579249744
37,-0.7478396494639297,1.4866405300996022,0.8252878952766527,0.8887972359500346,-0.1624710476872287,0.1785052006469981,-0.163276412302663
19,-0.3688462663645019,1.4079742686041432,1.6055202610821528,1.6541608274789783,0.1992201193997758,-0.2213543805457736,0.2000607536925721
1,-0.10008930596349541,0.15431101506335956,1.5985038625684123,1.5604340962040304,0.21368038645766604,0.059072999609993355,0.059843477077635744
0,0.0777777777777779,0.2166666666666666,1.5707963267948966,1.5707963267948966,0.1666163935429845,-0.2358987546885184,0.1666163935429845
33,-0.5127149356494222,1.7394146316449957,1.07772815949569,0.9303698240470928,-0.1999821717492791,-0.0015580956242796,-0.1978377203753465
47,-1.0261987119914424,0.7957158451726415,1.631362338618681,1.3295192812325154,-0.2000000099763977,0.0530936474322984,-0.1893796804511189
2,-0.07767927836378838,0.5086435068626465,1.5805371152844767,1.5708884568029542,0.5533211803090525,0.1998506133036659,0.20037518309471544
0,-0.0111111111111109,0.35,1.5707963267948966,1.5707963267948966,0.3561175064547438,-0.19968190542199007,-0.19968190542199007
21,-0.3760969090274201,1.687302357911309,1.2845606260818636,1.610087044419164,0.1413319125595376,0.0376958808756183,0.132703971637008
8,-0.0804678019641843,0.3773455231065139,2.147638098223956,1.89166171458306,0.1999129499456787,-0.3998501151440753,0.1832752865565362
0,0.0555555555555556,0.2388888888888888,1.5707963267948966,1.5707963267948966,-0.15858194124158514,0.19985161556140005,0.19985161556140005
39,-0.8389788107241469,1.3394718003179673,0.8248227522420986,0.9276783532331538,-0.1384679725803171,-0.2602102145372701,-0.1350644815045106
20,-0.3747450465118381,1.5783723438337145,1.3989577528540122,1.6264683032958047,0.1342458841682442,0.0553324500122753,0.1295384510855398
7,0.0084924277685483,0.3196030825928673,2.289453624192564,1.7612224497186824,0.1999837357131212,-0.1012930858403313,0.1676207003386111
5,-0.08282351715575356,0.38423110567568025,1.9511618549611907,1.3792474712354559,0.3143189954763124,-0.019275406033680345,0.0008042479988130645
25,-0.3122318431007511,2.115963955111735,1.3220555082071876,1.3559433997187005,-0.0910665341447358,0.2667472101475248,-0.091918026284271
0,-0.0555555555555554,0.15,1.5707963267948966,1.5707963267948966,0.27807419151793966,-0.19975426361249268,-0.19975426361249268
49,-1.102776654413558,0.5964273885942314,1.7736469146325835,0.9296066165064222,0.2000000099756784,0.6793899701272051,0.183662875523775
4,0.10158223034525915,0.3166585805958918,1.764539491439523,1.5641954315866586,0.260448896604631,-0.06823032498796189,-0.0616824904623155
5,-0.0381637768674603,0.4098152380845633,1.963372038767796,1.3798474417728048,0.0725210293480935,0.283195192340424,0.076123846184566
48,-1.051103332880711,0.7223992129961275,1.6284334173025026,1.2029228093143425,-0.2000000099579813,0.2829734820398432,-0.1704848783780048
0,0.0777777777777779,0.2833333333333333,1.5707963267948966,1.5707963267948966,-0.3792818520132476,0.18031257198932615,0.18031257198932615
47,-1.0437571591473098,0.7642338763404307,1.3574011890110214,1.3442328376110058,-0.2000000099275456,0.2307095049085127,-0.1996788720264127
22,-0.3719083522608399,1.7613352134512372,1.4585917236207024,1.3321704900864912,0.1715083865065388,-0.1373727604270113,0.1684075982121749
13,-0.1996788508444282,1.0342079521850365,1.7290871711623717,1.97710854478184,0.1999833824636474,-0.0570777088895282,0.1952650798147265
31,-0.4021278140846921,1.924734438480987,1.536096339653966,1.0968012877262807,-0.1999164986260981,-0.1548262697265524,-0.1875195530052238
1,0.055556307608782975,0.26184191766488657,1.5710147815432887,1.570734372385895,0.24543258602283982,-0.19984773172189232,-0.19984084171057503
27,-0.3324872361245259,2.0854415744072274,1.4333369823769,1.3049556948964196,-0.1999848239941335,0.0160391771197289,-0.1981336880284603
30,-0.3729130731417108,1.975348868604428,1.5565098661228705,1.1485521720812426,-0.1999828400698314,-0.0993710894811474,-0.1875132501494501
9,-0.092449212990869,0.6679618051917909,2.151044232769629,1.720673413750472,0.1999817933687843,-0.1560037925012121,0.1752370738631015
40,-0.8304450376874857,1.373101453979932,0.7594998087031635,0.9188851576011586,-0.2000000091140375,-0.2120614305264507,-0.1940993572494125
41,-0.969910527856948,1.0730834795471158,0.8568896321029542,1.295797161459263,-0.1894117878796294,0.3593715056811636,-0.1867301868895597
45,-0.975910683809563,0.9613035816097772,1.1345973489455523,1.2720008926516648,-0.2000000099660404,-0.0154491516304911,-0.1979033954972762
17,-0.3475627509534845,1.204757026431398,1.644882206182846,1.6792363289022392,0.1999768992844807,-0.0657193029511727,0.2000846324398169
7,-0.0226461974392938,0.3232225221105757,2.254731799436837,1.8329416312175504,0.199907302358643,-0.1810428933728731,0.1749751358341007
1,0.05542308674636831,0.2747887470052996,1.5934601789948086,1.5616370128030317,0.19175699007834296,-0.19987889847003393,-0.19916756847783276
2,0.0976940738124265,0.0392545769938656,1.598451945925336,1.543107776789197,-0.1762352813271832,0.3884713132463568,-0.1738165830734218
42,-0.9605394658698776,1.083270291592323,0.9105594222615464,1.1824587912591418,-0.1999999580349359,-0.0975355544880424,-0.1900330373471473
34,-0.5826135944043365,1.655044778842046,1.0641153486785688,0.869350834166394,-0.131332890091314,-0.2944962825634484,-0.1345493635410398
1,-0.07772832159899355,0.25073045357759777,1.5971998582270484,1.5626800971019976,-0.08474286342557216,0.19155509021681796,0.19114849944824885
1,0.0541961741724653,0.4385827730457069,1.426036940809781,1.5932133371545556,-0.1554223695238995,0.3489577512378153,-0.1590621692975275
30,-0.3670047798962425,2.00907186896432,1.4934608633520088,1.226625117593861,-0.1999925462557062,0.0695786049662923,-0.1910801732081185
13,-0.1793362708806616,0.881290317640331,1.7611754373397872,2.0401219212255715,0.1999791024795187,-0.0584553960058316,0.1938586487182403
2,0.0035993725612654,0.056161919260713,1.940572635723763,1.363696606727253,0.0059234749082835,0.3133928692274961,0.0220575858791226
4,0.0267496155226856,0.3819505126079109,2.0234005860810638,1.3320312369147411,0.1999408788455871,0.4141204809311993,0.1804332038746725
39,-0.8618663901504336,1.326259048470787,0.73604778518835,0.9944397185865602,-0.1999998848185052,-0.1126113739031948,-0.1904827992136413
12,-0.2467904388235162,0.8300545832918805,1.6807943147603974,1.9198591962088196,0.1999523552726458,-0.0310957673902546,0.1950020061059047
21,-0.3783940132132758,1.5523169842669424,1.474441041204918,1.644733450036069,0.1997913819478491,-0.0214574614997761,0.197265091176462
17,-0.2493836811175908,1.2482285971415787,1.7128818394640677,1.9009239199558023,0.1999768505921385,-0.1493909055252256,0.199244334875242
21,-0.3517138675621318,1.5142429860866848,1.53996692578752,1.702136114337765,0.1997238018249186,-0.3398717473896113,0.2025908455327134
3,-0.07784879610939686,0.2834500999071867,1.606716907643948,1.5579051903631707,0.05860229806622032,-0.09881666618675491,-0.09841303576148899
3,0.07737752429580767,0.24951898636942596,1.6094679301981998,1.5519092266223402,0.5005085500925782,0.013472543549361301,0.01632950428481902
25,-0.3736526883078897,1.8606473886834751,1.2276215122604102,1.5483482392632444,0.1999518285262262,-0.1213334054624161,0.1935807098397106
12,-0.2212014160970679,0.9059065171701438,1.6976246791309624,1.947190617593064,0.199986375055554,0.0425030077471093,0.1927409873531828
8,0.10013490058757231,0.3888288688153146,1.7138015423577766,1.5923432800534743,0.5315537727651414,0.20000000996360573,0.20496690938783887
6,-0.10927615128327162,0.29994840276092305,1.9935981360787283,1.7332786208173672,0.07720550148022888,0.14196732200466333,0.13917131595934498
14,-0.2426904494609978,1.0167292984766123,1.711092232776857,1.9103077430670536,0.1999685591990881,-0.0913382443088115,0.1978211947587966
30,-0.3716730803257931,1.976096639368197,1.488487344459699,1.1871547485529337,-0.1999765936083708,0.0536904991038674,-0.1893725181077435
0,0.0555555555555556,0.2166666666666666,1.5707963267948966,1.5707963267948966,-0.13305147877539275,0.1494447317724843,0.1494447317724843
0,-0.0555555555555554,0.3055555555555556,1.5707963267948966,1.5707963267948966,-0.10358550461213002,-0.006260116949293437,-0.006260116949293437
1,-0.0558084217025387,0.24793227959132996,1.5845686519842923,1.563529553638433,0.3170887680416126,-0.19984052079162692,-0.1991292163913088
21,-0.3778579686505952,1.5214534506910655,1.4317008798467237,1.6069842895410782,0.1070702162422092,-0.0168496211079795,0.1057234318042831
0,-0.0555555555555554,0.1944444444444444,1.5707963267948966,1.5707963267948966,-0.09382804398824439,0.1331731943034651,0.1331731943034651
0,0.0111111111111112,0.2388888888888888,1.5707963267948966,1.5707963267948966,0.39981577211291136,-0.1998291862253709,-0.1998291862253709
5,0.07739385198379464,0.2549508705709495,1.628905227468584,1.5483084095789823,0.5465898494398501,0.12488484615940046,0.1288800216520184
0,-0.0333333333333332,0.1944444444444444,1.5707963267948966,1.5707963267948966,0.03769938502389991,0.15875211299120545,0.15875211299120545
33,-0.5125899585737412,1.743331372654305,1.2123136949238589,0.9051321038992688,-0.1995555104441468,-0.1860239992752619,-0.1958391006876697
1,-0.055451790333549626,0.2799512229183922,1.606760007390056,1.5602812251169005,0.23878275282214442,-0.1999284351184547,-0.19860308996170273
26,-0.3345266315623759,2.0440168614663943,1.247287860517042,1.37571465634288,0.142264558379383,0.342969930107119,0.1367003989921825
16,-0.24778012910872138,1.0965950150823336,1.7190241134191382,1.9094516436007456,-0.249463967983779,0.20000000994400993,0.20110651217213307
0,0.0555555555555556,0.1722222222222222,1.5707963267948966,1.5707963267948966,-0.14582178322542047,0.19914198241669304,0.19914198241669304
8,-0.07115507592799468,0.518833247105983,2.246702570505885,1.573792889831041,-0.09457478840760587,0.19996532367834668,0.15048067228059556
2,-0.1023993294074273,0.1760797053710798,1.708154330049303,1.4985959936916178,-0.1998895184726488,0.2844057865412105,-0.1896000787993672
34,-0.5684080645787956,1.682259130991775,1.0467759245074766,0.8818250730064385,-0.1999210370098382,-0.0830183641881916,-0.1985705877023205
49,-1.0950754596044727,0.6175942440025067,1.7449275967899958,0.986469488091809,0.2000000099725747,0.56774253824351,0.1842289879486547
25,-0.2860994994909721,1.8696333490939738,1.6182302270778592,-0.02497625637555162,-0.658550938386286,0.2000000095985789,-0.08015190243796938
18,-0.3579832373461287,1.3400157140205524,1.6298923271033638,1.6624210048691903,0.1803887884339536,-0.0447041262703002,0.1804387517870883
0,-0.0111111111111109,0.1944444444444444,1.5707963267948966,1.5707963267948966,0.3806528054895435,-0.19993736276202304,-0.19993736276202304
21,-0.3274512443410312,1.6658080077774349,1.4699606781586878,1.6719005229950945,0.199939577705539,-0.0381631993677536,0.1966421146056995
1,-0.03309879826550601,0.2136696577542104,1.6501723832904993,1.5476375114637473,0.11759795255334926,-0.16099698745886656,-0.15894773842293528
12,-0.2596853073921261,0.7715821680246362,1.6806725362931287,1.8810330251510567,0.1999611615098599,-0.0429773130456944,0.196816263442652
6,-0.0978864241683169,0.1858300283547421,2.179391241479898,1.4456714499357088,0.1999882453248115,0.0197562821099798,0.1498519508254537
39,-0.6253039819750988,1.562450440062458,1.0499747090292817,0.8617303383142704,-0.1939403117109727,-0.2946153932015152,-0.1960274904495922
2,-0.0331350923113952,0.34449468357366575,1.5705439009850286,1.5779606715282486,0.5123295832988659,-0.1458176815606346,-0.14619365058660064
12,-0.1875457771360991,0.7645674466687458,2.2503543323206987,1.15054155793004,-0.48221366939650195,0.19999841900830037,0.04778073548241598
33,-0.5153403831558243,1.7547067468238196,1.2426736842495465,0.8782763974930331,-0.1511106330281207,-0.4655071345847836,-0.1577785497357352
19,-0.3579080918400694,1.4094403942884153,1.5269766372017686,1.6903801054005252,0.1998662863682823,-0.124020835743431,0.1992214711030913
12,-0.1752345610577449,0.7464632797469415,1.8052196869404376,2.0210126782209814,0.1999936541297769,-0.1735294264999291,0.1990708306222068
14,-0.16883903400550068,0.9069359473504175,1.8065815559054244,2.0221644997860757,-0.14071919299042357,0.2000000099435073,0.19838060299714189
10,-0.013205467663268,0.6127346488535604,2.1679526330515104,2.017222806422393,0.199975526983009,-0.1798980263847917,0.195006810800712
17,-0.2743931202611841,1.234279714167431,1.63505737422748,1.868987557307429,0.199990479190496,0.0704239332330622,0.1929108713780125
0,0.0777777777777779,0.2388888888888888,1.5707963267948966,1.5707963267948966,0.1544764426949556,-0.2874611966694018,0.1544764426949556
34,-0.536314729825941,1.7112336732382851,1.0599328036627114,0.9038636027431246,-0.1999999130642431,-0.2798132838681738,-0.2019184114395821
0,0.0333333333333334,0.3277777777777778,1.5707963267948966,1.5707963267948966,0.31800732758473066,-0.19973174241888458,-0.19973174241888458
3,0.0062976877696348,0.0679225753377611,2.0972690703375108,1.3290674241993352,0.0310129365107052,0.218265448986371,0.0374693301751437
41,-0.9179728218067604,1.244862869820606,0.7523927837521631,1.167608699213012,-0.199999897813502,0.3464768364640717,-0.1969821981312864
12,-0.2567941289904962,0.7753786837837884,1.6904401119329215,1.8745659143687856,0.1979485370173958,-0.0468982098993987,0.1954611957907671
1,-0.09992492529047281,0.3315234601534129,1.5903457785632948,1.5653758383202891,-0.3875497810751259,0.17677666995233754,0.1757539539432655
30,-0.3757492488722707,1.9432558532924191,1.5156465672848127,1.1652658810172316,-0.1986260306783776,0.1293175536675538,-0.1821190370993829
1,-0.011750103539287987,0.405756647122845,1.5090734931316714,1.576649869709443,0.44461289066226606,-0.19788383915174218,-0.20043443279584153
13,-0.2585187784473334,0.8595393172775893,1.6804244804548127,1.892320116038076,0.1999724492226802,-0.0662675099443889,0.1968935594567273
0,-0.0777777777777776,0.1722222222222222,1.5707963267948966,1.5707963267948966,-0.1437248075799517,0.19993274291873195,0.19993274291873195
29,-0.370812140629386,1.976986176624937,1.4865906177271473,1.2033501671064315,0.0486004653163163,0.0679952817635207,0.0485642273757711
1,-0.09996594618756786,0.2696317292489848,1.5956740910795073,1.562969670889174,0.32888539354659435,-0.1999149255658096,-0.19873261380089713
0,0.0555555555555556,0.35,1.5707963267948966,1.5707963267948966,0.175535384983336,-0.2895187719702304,0.175535384983336
25,-0.3604774268955496,1.9144643100902192,1.2704631694015982,1.464451404857961,0.1999087705319004,-0.1603010713446772,0.1992493098175446
0,-0.0999999999999998,0.1722222222222222,1.5707963267948966,1.5707963267948966,0.02194980987667257,0.04006885609833144,0.04006885609833144
9,-0.1166729699718237,0.4786213088443993,1.95737213061172,1.9856828904977863,0.1999715048239767,-0.1798686342265227,0.2004005254340289
1,-0.033385629496728235,0.4248105193785018,1.5646933550622801,1.5718953920359526,0.380308440224901,-0.18843740998928876,-0.18870642012565703
47,-1.039857895585291,0.7434132189433463,1.5104063279746258,1.3107580719291054,-0.2000000099420182,0.2434076803575133,-0.1911999165898872
0,-0.0999999999999998,0.2166666666666666,1.5707963267948966,1.5707963267948966,-0.4128075021401451,0.12677282556665864,0.12677282556665864
38,-0.8156554606945582,1.4265173370160105,0.7888072043836448,0.9027504765599714,-0.1138106676155462,-0.2572443417921444,-0.1101478728906521
26,-0.3365871194016741,2.05167172425065,1.274697489595925,1.3616716312998989,0.0603719496138752,0.3583848915353808,0.0570306581379679
14,-0.3103109856431744,0.962853468751906,1.6210359167423134,1.7848342934228,0.1999759732239359,0.0262015632358247,0.1968720365454314
16,-0.241834142142973,1.1500896045974422,1.682707605165562,1.9254115200354984,0.1999902208149628,-6.280275166074271e-05,0.1941303561872348
23,-0.3659735006563295,1.743953008420727,1.3690806009469378,1.579025273071099,0.1997749834020658,-0.1388573556696118,0.1982822812411428
16,-0.2108240825962867,1.1362761638722312,1.7947207832121932,1.93785552566084,0.2000000099462123,-0.2865936545976754,0.2020429079015981
1,0.1000612759227169,0.20448255632918128,1.5421417216446738,1.581135643195691,0.02906280560314575,-0.19975474704029972,-0.19971619870615284
15,-0.2733394081383823,1.132345699656608,1.6613052776327648,1.8562311352559933,0.1999918029994243,-0.005942127099005,0.1963194601829988
25,-0.3606319319891947,1.938359437292155,1.2113911387184189,1.5282230530834222,0.1998931740740031,-0.1571827339632696,0.1948410859619402
0,0.0777777777777779,0.35,1.5707963267948966,1.5707963267948966,-0.41075047818801097,0.14407837052087885,0.14407837052087885
0,-0.0999999999999998,0.2388888888888888,1.5707963267948966,1.5707963267948966,0.4128710506616552,-0.1999399600884397,-0.1999399600884397
13,-0.2483163535310738,0.8936270217102318,1.6910386681654888,1.8949459199148893,0.1999472644631089,-0.1040355899414462,0.1979116177791545
13,-0.16706758158628524,0.9053811794447243,1.8840886785851634,1.7960561383744422,0.005372812940880968,0.19987180297738216,0.19914506411493174
21,-0.3123068662968813,1.5446525710229997,1.5808197212268391,1.7874099637628844,0.1762434700563515,-0.1834198089434477,0.1762582110796569
12,-0.1894588303337744,0.7210192500555254,1.8470178524446823,1.9321931514767472,0.2000000099465635,-0.3151709046890361,0.2019561981298269
0,-0.0111111111111109,0.15,1.5707963267948966,1.5707963267948966,0.3758563771522168,-0.19982546476363616,-0.19982546476363616
1,0.05553385675341356,0.2844883544847662,1.5686662970718483,1.571035457181555,0.22541548450701346,-0.19987092602697054,-0.19992376958495248
26,-0.3404129128993719,2.0634822923249403,1.1334111205773774,1.4398502883536428,0.199915822641421,0.2396517241563975,0.1833730343306205
13,-0.10852176270788,0.9070247391568568,1.888315125293858,2.105351190372495,0.1999666736087954,-0.1137696302035559,0.1977253231552579
47,-1.029067136890151,0.786333694432356,1.5927570190180076,1.3134830827114794,-0.200000009963318,0.0792139738692151,-0.190067582048603
0,0.0555555555555556,0.35,1.5707963267948966,1.5707963267948966,-0.2895187719702583,0.17553538498320548,0.17553538498320548
25,-0.3747214381146358,1.8545015438299228,1.2609175853289107,1.4550263677679232,0.1999592417966224,-0.0633749955273096,0.1974264546438245
41,-0.9333956252099136,1.1594629693845473,0.7860671469725591,1.1790807340677203,-0.1999999112653672,0.3373696743666099,-0.1976721248367204
6,0.10147375378913943,0.17507709795602086,1.5732423328032246,1.5915926129410694,0.5884006563402082,0.2000000099942476,0.1988866665674573
0,0.1000000000000001,0.2166666666666666,1.5707963267948966,1.5707963267948966,0.03836785227926507,-0.19993278612429316,-0.19993278612429316
19,-0.3626684245591027,1.4463745119621727,1.5678389440244442,1.6740104357597116,0.1995020737229358,-0.1416299658290749,0.1998795804282558
23,-0.3499998049813459,1.7041476776635704,1.3917236068766845,1.684873758568061,0.1999590842074962,-0.3574769189671553,0.2017584852687124
37,-0.800712207450819,1.3936397314826567,0.8223426736308447,0.9257996214989348,-0.1999387831400385,-0.0247590083099522,-0.1986140383468955
6,0.0970854009490053,0.223756173892633,1.8219966881674363,1.4570488361356912,0.2000000099565852,0.4054869183310085,0.2013003358034913
44,-1.015004175573936,0.8681999230958212,1.21094380548924,1.3593519452961806,-0.2000000000861207,0.0379115462668105,-0.1983621171490768
34,-0.5261508875433379,1.737123178938546,1.04429080641746,0.9243120194460168,-0.1999999135194176,-0.0448310692672567,-0.1990987373681186
12,-0.1720154503215298,0.7807058678878372,1.8319582004427848,1.9547262377980703,0.199976298410302,-0.0844069242954467,0.1995048159446004
38,-0.8288564149662386,1.382842737977103,0.7279377292777143,0.9923589915773634,-0.1999985170059957,0.1492601835130604,-0.1969482769313096
42,-0.9798552693283786,1.031084349525055,0.972626728805692,1.3582349233449056,-0.0762692731340215,0.4476318302761713,-0.0875052599308259
12,-0.1414244011946757,0.919312610795541,1.868092897424397,2.0642585507413043,0.1994525460502463,-0.2319839867099467,0.2001488723556286
36,-0.6673467588845741,1.556859644213623,0.9647774043628278,0.8619058950690626,-0.1999998964759809,-0.257013461377687,-0.2015818506756951
11,-0.2536463015784685,1.2364414331172406,1.699221099560501,1.887397091452576,0.1999758359300373,-0.1442474065079565,0.1991440775015548
39,-0.8496808673058543,1.365574216435713,0.6948687153911619,0.9821686788059456,-0.1999999870959487,-0.0845678511761273,-0.1894061327072146
17,-0.3429916895282516,1.240676313967064,1.594617214670595,1.71296947955981,0.199972350534191,0.063315609251042,0.1978258459586338
32,-0.4596303059593246,1.8011788135708031,1.3802557757701357,0.9312606065955924,-0.1442961292947747,-0.523497982867904,-0.1527170134872398
8,-0.1019088603189642,0.4971919632868618,1.6143258369054108,1.597810044020987,0.4908374098999953,0.19992533491505166,0.20070868862332147
32,-0.4511007096636124,1.8432339044591324,1.4546149921953957,0.9593039325648326,-0.1999725681166864,-0.3932711062587805,-0.1946324317958407
5,0.10070900428764586,0.2108225305540501,1.5615660902281752,1.5925316321865095,0.5003535454517629,0.10182605614586576,0.10022811706062627
9,-0.0441381423313691,0.4864726609946803,2.183859576837978,1.9178498507718005,0.1999920677331957,-0.2367162808113685,0.1867349740690364
37,-0.7082527144788818,1.4920005446730271,0.8642869868902525,0.904732145964842,-0.1999999258590656,0.0525967686093185,-0.2000490376030096
39,-0.8484886067093634,1.2904588934282677,0.9292456527402062,1.0337982763469546,-0.1999999038871846,-0.100031498972222,-0.1978638235187669
0,-0.0555555555555554,0.2388888888888888,1.5707963267948966,1.5707963267948966,0.45801403441777466,-0.1999401343965607,-0.1999401343965607
27,-0.3291620881832863,2.0970844500603656,1.4114860219818284,1.3135187512704591,-0.1999830504753489,0.045719155447914,-0.1985769585279767
33,-0.5095317279687634,1.7354887710612417,1.143513109265728,0.9330963879443512,-0.1999969113927261,-0.0813082205839546,-0.1972840355934041
1,0.05559715239883466,0.2981832678116859,1.5788087780263762,1.5687592092460934,0.2295754449575197,-0.1998770199236138,-0.1996362172963896
24,-0.3681189904954551,1.878217827139012,1.268271333160463,1.4814968304469236,0.1997797320744997,-0.1073895413880826,0.1975279157608662
39,-0.8591034216710851,1.292302479703206,0.8493355486116037,1.0360145655059174,-0.1999989741111026,0.0248453672267666,-0.1969853167909791
3,-0.0557272807697128,0.1007152880778585,1.9189357390788304,1.2455645074565351,-0.0484870646840956,0.1766490635876982,-0.026887213550675
17,-0.2215077341469395,1.2324954391611855,1.6807029426212052,1.960340649310849,0.2000000099497973,0.1023366135637716,0.189406542231995
33,-0.473021468585915,1.7889016696949136,1.1244626546789849,0.9712002457544736,-0.199999886148132,-0.0803758653055896,-0.1988825881376623
27,-0.3133563688868492,2.1707823409160167,1.3620004891925095,1.321037730909052,-0.1999954751619866,-0.0849039270224218,-0.2001754003122616
9,-0.0012605655529652825,0.5479029205597762,2.2087210946389693,1.9113101934168326,-0.11547621397744176,0.19997558767236626,0.18781236139442367
21,-0.3543082049322215,1.7000802913338289,1.192687163135663,1.580648275393671,0.1999111371206905,0.0789680547842067,0.1820668248329525
39,-0.7791625929015504,1.439661281981116,0.8667732972085294,0.8724685715193613,-0.2000000059582916,-0.3133177965184957,-0.1998183202369172
20,-0.3694459808134736,1.516845720723475,1.5014504361513432,1.6797593496782768,0.1071547533394126,-0.0531666255386113,0.1063988118452645
2,-0.07705580697339193,0.4444891871515828,1.6353759440269808,1.5645057355449634,0.33080232278653665,-0.19987714924205813,-0.1970329682102154
0,0.0333333333333334,0.35,1.5707963267948966,1.5707963267948966,-0.18045460146009826,0.1701249690426339,0.1701249690426339
48,-1.0691211632863422,0.6735500076720328,1.3884959167955553,1.3183950180111406,-0.2000000099101761,0.5215889210161686,-0.1958554062020069
46,-1.0154273193681034,0.8456270192335851,1.131841288644043,1.3301147942612794,-0.2000000099374805,0.2815684788377809,-0.2016278836266888
47,-1.0386283345578236,0.7421705455764279,1.4073057910272606,1.3130659506578155,-0.2000000099554101,0.5136515811165258,-0.194279069852562
7,0.10017464402523565,0.4568506633833961,1.4995684622872876,1.5406459315047267,0.4288662361522354,0.016975509807568085,0.015200011362168725
17,-0.2807465814566178,1.2427844088808728,1.6361266798493146,1.8514442029806304,0.1999900461994752,0.0804304109674157,0.1936535393896917
2,-0.09954750737599165,0.36796724427607497,1.6360693770137171,1.556172137666628,0.03083104638754956,0.02647839714330296,0.026639998309949155
36,-0.6572613102356972,1.5657482086257246,0.961258206019792,0.8725189103143819,-0.1999999067141214,-0.2399569447713015,-0.2013395248993189
26,-0.3310760895569726,2.0396568566415345,1.278722665596222,1.361958247477398,0.123642623234015,0.3418587171073092,0.1203723659885536
0,0.0111111111111112,0.2166666666666666,1.5707963267948966,1.5707963267948966,0.40713233358740925,-0.1998444228098391,-0.1998444228098391
15,-0.3141265155918656,1.0261465638441631,1.6340324801394563,1.7723409758456667,0.1999735138310642,-0.0646366989896339,0.198955023204805
44,-1.015994451150136,0.8605919527850165,1.3233971640245237,1.3551845160042713,-0.199999987225286,-0.0423355991439374,-0.1997644011677692
16,-0.3247320881994335,1.1314474580746032,1.6170555667640825,1.7547548455344877,0.1999650033557039,-0.0449942081671629,0.1986898305259316
0,0.1000000000000001,0.35,1.5707963267948966,1.5707963267948966,-0.3774983538941273,0.14159334122688672,0.14159334122688672
5,-0.0557105868596129,0.3751834283192627,2.058110450309353,1.404734088317526,0.128666199251114,0.252180152949741,0.1174948816028138
28,-0.3360614100135747,2.072598190883916,1.459472497705356,1.2936570387165274,-0.1999878048575324,-0.0297981247062216,-0.1977366272889938
12,0.01776548541375167,0.7340195877330054,2.076566346538253,1.8290723807685734,0.18131654256111734,0.20000000996045708,0.19834768896963909
2,-0.07777370333451895,0.2896524929090514,1.6049723150816302,1.5594630713999218,0.30636704394999037,-0.05123696173783222,-0.04979014065793247
2,-0.09889673066935079,0.28574092476247215,1.6718811514463763,1.5691308332616938,-0.16351061239468676,0.19970889874110512,0.1969784777716935
43,-0.9491302590552242,1.138329802110178,0.890362383541736,1.2500869768137313,-0.2000000099402357,0.2990688025696795,-0.1977264850255472
0,0.0555555555555556,0.2388888888888888,1.5707963267948966,1.5707963267948966,-0.15858194124158514,0.19985161556140005,0.19985161556140005
2,-0.03266235418934094,0.22904749334662328,1.6999660066783129,1.5377368852857052,0.402831246756149,-0.05433379783775488,-0.047113910100693705
2,0.03360814541867592,0.3240215474960923,1.5290089781072478,1.5880603214659799,0.4577575688243763,-0.19938385001057915,-0.2017378683980282
36,-0.6912235155867632,1.5206329985653717,0.911437254099819,0.8721975269625767,-0.1999868413351912,-0.0283582905972844,-0.1999441442060351
42,-0.9512672053169976,1.1168665337471697,0.8315294412979095,1.149680254523686,-0.2000000075332362,-0.0741464147262421,-0.187643725314915
48,-1.073018764201478,0.6548286629965551,1.6286666413737778,1.135736037283212,-0.1994756971103834,0.4040460129044574,-0.1566082396476365
42,-0.9580119349048494,1.093523504159884,0.7661467568176139,1.2865480895037875,0.0225617648163946,0.4571388009819803,-0.0031552071159824
20,-0.3528396311247654,1.6111855896816485,1.5000072526297457,1.6918064341811891,-0.0840664465648599,0.0319649402702207,-0.0831342408269782
18,-0.3246111913543679,1.3181483890678567,1.6003565493561362,1.7577769510010846,0.1999535386034199,-0.0979531137695547,0.199016729196119
33,-0.4990152474187349,1.760108919428712,1.167247953760984,0.899914499892135,-0.1954808978907958,-0.3777294576058282,-0.1985152885320688
42,-0.9780469485976584,1.026911661983544,1.1154753353739282,1.2865834771546862,-0.1999981805746969,-0.0706235718838126,-0.1958750051783565
1,-0.07776893439160515,0.28818418016810315,1.5819684351470809,1.5671920103907133,0.31137290937234324,-0.1997999999568473,-0.19931810682148177
10,-0.1408545145045598,0.5889740824873279,1.853321362133256,2.0439677127293243,0.1999577180026444,-0.1098569583502492,0.1984165950299163
0,0.0555555555555556,0.15,1.5707963267948966,1.5707963267948966,0.30644761162759365,-0.199893028658937,-0.199893028658937
34,-0.5816274430515027,1.6698180466315,1.072078547030643,0.8515971224477393,-0.0717333408503046,-0.3141147269864976,-0.0768665106942594
43,-0.9943855683325542,0.975872577355641,0.8799233362667868,1.321469925705889,-0.1999997897709831,0.2793116511333071,-0.1927542303095621
44,-1.0155028941753217,0.8667329438277711,1.2038221715249855,1.3654206906283566,-0.1999999899929908,0.0764853406155384,-0.1986248792506205
4,0.07785677726257366,0.3162272741250123,1.538688515803707,1.5825958244774603,0.6551940099055266,-0.11683650749893208,-0.11959976017602011
38,-0.689678989757381,1.539997037328084,0.8553667625144463,0.8735910870870425,-0.2000000098119186,0.0139340380852429,-0.1999921905665283
46,-1.056908852804886,0.6685844483576503,1.5039048952026404,1.3008420071233702,0.2000000096521896,0.069866506934125,0.1972997048413572
20,-0.3704383856142817,1.5664910124149372,1.398547280225113,1.6403330801844869,0.1529826939616593,0.0858229875509031,0.1464778050255089
0,0.0333333333333334,0.2611111111111111,1.5707963267948966,1.5707963267948966,0.37262003338215405,-0.19994217494671665,-0.19994217494671665
0,0.0777777777777779,0.35,1.5707963267948966,1.5707963267948966,-0.41075047818801097,0.14407837052087885,0.14407837052087885
23,-0.380286309096107,1.6962858114943122,1.407518104933353,1.597469208450705,0.1997723084114023,-0.136138667377463,0.1987495436235636
38,-0.7755901719763829,1.3917064988631394,0.8735556215892757,0.9329912889366202,-0.1999999303078645,-0.0185524984566948,-0.1995365714551134
48,-1.046710087938937,0.7303906839046448,1.6479915533599696,1.2162367053742575,-0.2000000099948366,0.259935972156205,-0.1707691528700584
12,-0.1063258211388819,0.7107392984005192,1.6196432570603232,1.5970510545438734,0.5063255754313333,0.2000000099574071,0.2010927750514681
9,-0.0650806056177149,0.585981346017165,2.1830666208934555,1.8096454035372893,0.1999845085210292,-0.1819641502209038,0.1795644146023379
19,-0.3698864608601827,1.4441188018743425,1.4865486380684647,1.6727220580599202,0.1999404094533947,-0.1568580916035426,0.199388824876376
8,-0.0954585952221525,0.4490351122855295,2.212915650867397,1.500624127411106,0.1999518938288192,-0.0723589170664341,0.1466076680830207
38,-0.8302232608472088,1.3866585368188136,0.6974788632879472,1.009031856852327,-0.1999991284227685,0.1111744858152035,-0.1937788158526184
25,-0.3595291072179478,1.932861684064587,1.2637461797196008,1.459624644149796,0.1999559178969123,-0.1557867673078954,0.1991642266685929
3,0.07768295479019537,0.2139788689015905,1.613036086843584,1.5558774997474503,0.4406936268546135,-0.1257122503499514,-0.12298937762980483
9,-0.1126515929086222,0.4936121680541459,1.9079564532259137,2.061548575583452,0.1999890087413454,-0.1281774117131005,0.199595690824345
2,-0.055910871695399586,0.3874314132062345,1.5704268277593183,1.5905916229832373,0.4650889163015238,-0.07241420672551206,-0.0733372634491254
0,0.0555555555555556,0.2166666666666666,1.5707963267948966,1.5707963267948966,-0.13305147877539275,0.1494447317724843,0.1494447317724843
41,-0.9353183727774176,1.1741737459573736,0.7595918703743201,1.2365013468577088,-0.1472796983148557,0.4904729665723185,-0.1533603690391512
39,-0.760885551115484,1.4624704653538338,0.852142975926693,0.8687336442115521,-0.2000000099580281,-0.2032741993284816,-0.19963525555034
1,-0.10000128102866379,0.15601134005870188,1.56948280433682,1.5712167375999089,0.23922257945935244,0.04172823062893909,0.041686688322483935
1,-0.03329358275549972,0.35709419625456623,1.574900354319487,1.5702173468768545,0.4341398137045367,-0.17833650239876808,-0.17813123963801075
0,0.0333333333333334,0.2833333333333333,1.5707963267948966,1.5707963267948966,0.2845145498094512,-0.19975880451378794,-0.19975880451378794
38,-0.8440989799426059,1.368350862972831,0.8235582469316911,0.8339540584691286,-0.2000000097549651,-0.2717100128755146,-0.1997067430411151
30,-0.365157663632834,1.9773043779725743,1.5388876974084873,1.2031936464906057,-0.1999862044973052,0.0175797211538123,-0.1882442352748691
1,-0.01100198700550204,0.29481009198407815,1.6304858277869219,1.5523936461690941,0.39637761097778124,-0.13017061633095534,-0.12668164844601543
7,0.09884962288943001,0.4328736881092835,1.7839895715115786,1.6217694240462925,0.1672444017261394,0.08814730275813105,0.0896911869043821
28,-0.3327584861599805,2.072611721614625,1.452788227368322,1.2764639034070766,-0.1325775292850533,0.0955837238726239,-0.1288452739380262
0,-0.0333333333333332,0.1722222222222222,1.5707963267948966,1.5707963267948966,0.019629576006228052,0.1873025034132022,0.1873025034132022
8,-0.0147743074673293,0.498536140841543,2.19467723518618,1.9292400044550777,0.1999809630376064,-0.1392965910580707,0.1893230241783737
14,-0.2618569738580844,0.9418059614542886,1.6949346812441215,1.878257034040324,0.1999806748469438,-0.0744462831850135,0.1979868269051929
7,-0.07793750462821084,0.21735690307353953,1.5462741265681128,1.5764685815911788,0.5435379747343372,0.20000000999311582,0.19826791247834283
1,-0.1001614192109973,0.24808565276662056,1.5840866448307764,1.564554914026805,-0.3209776945642215,0.19986822002962146,0.19920321239462715
27,-0.3360167359075842,2.0628294355626986,1.2908444186570427,1.3488583242242866,0.0068412330439542,0.3745781828767222,0.0046578682168349
27,-0.3172931549304011,2.022844609297624,1.5566548458169858,1.1824572396434676,-0.1775885651096226,0.0360493294164684,-0.1639819566389352
15,-0.1788053437369536,1.0462568285329676,1.8117253480802216,2.009317051868714,0.1999987613287153,-0.2736417964212556,0.2014790435356697
0,-0.0333333333333332,0.35,1.5707963267948966,1.5707963267948966,-0.20346872518089917,0.16655774522580905,0.16655774522580905
0,-0.0999999999999998,0.2388888888888888,1.5707963267948966,1.5707963267948966,0.4128710506616552,-0.1999399600884397,-0.1999399600884397
18,-0.3404097770670946,1.6480792352353348,1.4710138843525251,1.7095864616162626,0.0469513862631876,-0.4196860780387252,0.0555393969562521
41,-0.9534884684570246,1.183840032862846,0.5852543602852929,1.2645591182321,-0.1999999080594497,0.4563744919272187,-0.1842736983889767
7,0.09525545555999766,0.3373763006790399,1.9451471521195511,1.6809513588560507,0.34711090682572443,0.19998655064310528,0.20211179385851327
19,-0.3547694032769066,1.4173558104437425,1.5050967476755726,1.6990400793473277,0.1998706571379776,-0.1178555539858158,0.1983948833885034
34,-0.5891396261338149,1.6572225291450748,1.0717187092828044,0.849933416297441,-0.1000067126492852,-0.1782422689861403,-0.1014779998725289
38,-0.7017296366142342,1.5311872971513252,0.821435389701549,0.8755206595631477,-0.2000000096945811,0.1093064496467629,-0.2002984580391779
17,-0.3542407144750723,1.260587862577427,1.5871738669197628,1.6845976512525775,0.1999710030106431,0.0756779810406678,0.1982866338455203
24,-0.3736081678575972,1.8111643210250747,1.3204420552883365,1.563859833096874,0.1999179675159938,-0.126535216286228,0.19707412859512
18,-0.28089023455241513,1.416320264065812,1.6056963006171712,1.7538074268717636,-0.1029120778865532,0.19991013691881065,0.1992401131311372
4,0.07853498998226384,0.37833942013977667,1.9680589592984443,1.631682532194985,0.2075363517070365,-0.19997173878417465,-0.18191457346982798
12,-0.14924811671189459,0.8205984958066189,1.9010199050621903,1.757127747809945,0.11022335088981841,0.1998721410112848,0.19938709722135456
13,-0.2507040767578836,0.8620371414534826,1.6950121341108504,1.8867560950394489,0.1999755620711558,-0.0328226102464434,0.196936190188643
0,0.1000000000000001,0.2833333333333333,1.5707963267948966,1.5707963267948966,-0.3828280666889024,0.12651627597840148,0.12651627597840148
5,0.10016862501611762,0.21460948521968087,1.6480713431399803,1.5510814810315803,0.33471681837865763,0.048668695100568156,0.05168128682111029
11,-0.1583343195787779,0.6711153979364884,1.8290281741803909,2.04925921190871,0.1999727350935821,-0.1651915572757717,0.1987514880159699
29,-0.3608965880636251,2.0427880921730197,1.4251951653777386,1.2460438709474817,-0.0804542789038215,0.1703877390719675,-0.076130414784872
35,-0.6459924443273287,1.621076321219758,1.0486061379461766,0.8333393794065032,-0.1701053561577514,-0.2144722105702936,-0.1707605293029756
0,0.0777777777777779,0.15,1.5707963267948966,1.5707963267948966,-0.2758509773530975,0.19960564908216105,0.19960564908216105
1,-0.0998267288371604,0.20109401303912375,1.6119142855193953,1.5596433303228225,-0.36025090099394536,0.19988541294209108,0.19773019788982565
12,-0.2017736387018831,0.7602102172061693,1.7464323955425047,1.997872968435349,0.1999740368573268,-0.1206890928044973,0.1966885943600525
2,-0.07744050257538963,0.21739560504061878,1.6115109185364584,1.5628162907456504,0.43496102804238274,-0.048361931212266326,-0.04618741583549848
47,-1.033923698950487,0.7757795690265807,1.4635247866242356,1.3173221903605916,-0.20000000999454,0.1694852104478614,-0.1953971952083918
3,-0.03337235971167675,0.10775422004639275,1.603146321198718,1.560380434599131,0.3672064016503679,0.03607043135064038,0.03760736348202316
30,-0.3765653188416397,1.9567786494349717,1.5299074599456586,1.127552726501304,-0.199868896367985,-0.0881963750767152,-0.1873613066731589
3,0.0508711488898466,0.3017315117356481,1.7999229196349065,1.4454551279679122,-0.1005664055012229,0.3011112129917254,-0.0838630194664929
11,0.022883327686581724,0.7374327322356435,2.498260052033336,0.9746088422355718,-0.38270338267448606,0.19999719232666818,-0.028802416583719348
5,-0.0047370510159668,0.1526620996463762,2.287019531917098,1.530996248917586,0.1999593369700565,0.0194061550978105,0.1468157256802423
10,-0.0801379165482295,0.5710318885753476,2.001761420779476,2.0822517797931197,0.1999910411711748,-0.300698612358189,0.2017612714281551
34,-0.5576032280631714,1.6942480627085208,1.1525708903013605,0.9509889205354684,-0.1999992764550492,-0.1770468042335373,-0.1994943262187459
1,0.0984807705753711,0.3482515930941874,1.3793822934504485,1.6090380338280754,0.0692240681430706,-0.0727718812309471,0.069063173784827
5,0.0406929232659675,0.4699036230779999,2.230460826546663,1.4977949375733792,0.1999413378664663,0.0892542142727266,0.1546049843144336
18,-0.3366014544260166,1.422518449197948,1.6037976681543085,1.7196074394295395,0.1917024983759646,-0.0663834245072268,0.1911854544636177
40,-0.9253799552568248,1.2065228833049555,0.6784542307480521,1.1565343294547556,-0.1999801011152878,0.2544815602739699,-0.1892663738936609
3,0.05657017054198381,0.2227111970549759,1.75453158344955,1.5262130399023845,0.5163850465798114,0.0029664819619442118,0.014577357271731897
21,-0.3716602403239275,1.5540347443509532,1.4833794739816044,1.6680793963667837,0.1999051563764363,0.0734501663491732,0.1951561266329254
9,-0.0983179592016008,0.5296594203365861,2.17673619233418,1.6959761359447485,0.1999084895135953,-0.1787383560322729,0.1689817878659132
38,-0.8301052756213189,1.4114325069023226,0.7407613103557279,0.9363733423250882,-0.1999996906241384,-0.1822594465661858,-0.1926429544938813
0,-0.0999999999999998,0.15,1.5707963267948966,1.5707963267948966,-0.29963551631299107,0.19976529693488188,0.19976529693488188
4,-0.09958692144615328,0.22859467815899695,1.6041024225440363,1.570586425774404,0.5274495447752127,0.09945891992488437,0.10117053172997859
5,-0.09964323640400098,0.26833055960359736,1.6077075089004378,1.573848269368766,0.5273025146469557,0.15036563547561704,0.15206451559983378
6,-0.09983667853396158,0.31109748957813904,1.6138207959618907,1.5768642634373875,0.5149885900420974,0.19981687470982332,0.20158322282078797
7,-0.10039717552089661,0.3758336968618212,1.6231148737159113,1.5821871026224974,0.49006077313484653,0.19691621097834947,0.19875645816137164
8,-0.10170706431059909,0.4622584406200464,1.6381178619947772,1.590058307312742,0.4756844375473851,0.19995644206002078,0.2020108030036483
9,-0.10592580354157599,0.6143662591848408,1.6665659687158207,1.6078857405932991,0.4635528581381885,0.19993690747779258,0.2023113558913864
0,-0.0999999999999998,0.1722222222222222,1.5707963267948966,1.5707963267948966,0.02194980987667257,0.04006885609833144,0.04006885609833144
1,-0.10013834537241031,0.12895974513903213,1.5867956253376345,1.5638480731656408,0.27024830504645797,-0.010421735805973558,-0.00979889265309852
5,-0.09961912587013236,0.2804408486854456,1.6086672330882887,1.5734575497854981,0.4106428540927239,-0.05371467862811283,-0.052235824680048885
6,-0.09983660497080832,0.32974712611308316,1.6162070418384413,1.5770643452081279,0.46937112471207504,0.11073178604453758,0.11248374401717777
7,-0.10049173433878314,0.4004135174199086,1.6270146715131144,1.583250645715127,0.4581991628763158,0.12981602503233627,0.13169635115822997
8,-0.10242831700649176,0.5095402308646505,1.6463288525727133,1.594329403832912,0.46382650117525687,0.19993150576568092,0.20207205045895896
0,-0.0999999999999998,0.1944444444444444,1.5707963267948966,1.5707963267948966,-0.4421779977812528,0.19962432587690984,0.19962432587690984
4,-0.09958188144724246,0.2490301347254254,1.604635284343038,1.5695108280621828,0.38218794725902056,-0.12390435102098173,-0.12248578840789902
5,-0.09960683706357942,0.29466715381158665,1.6099249655988555,1.573215672675338,0.49331089847802984,0.13111004486033898,0.13283221738834317
6,-0.0998689045295299,0.35221262188508545,1.6192259872939925,1.5776409727436922,0.5085633339688603,0.19973741290241684,0.2016789853674452
7,-0.10066745169034985,0.4301560625589299,1.6331344480302672,1.5847363239407442,0.4458828971968407,0.19978835843044043,0.2017115613381675
0,-0.0999999999999998,0.2166666666666666,1.5707963267948966,1.5707963267948966,-0.4128075021401451,0.12677282556665864,0.12677282556665864
5,-0.0995935938071266,0.31068615233773456,1.6116627054896693,1.5730061062689418,0.42154185622827106,-0.06523635021938176,-0.0635584822401311
14,-0.14444764941784993,0.9762853868362831,2.3028921356680074,0.9430703806470676,-0.5411697257907065,0.20000000999296605,-0.011034458205671796
0,-0.0999999999999998,0.2388888888888888,1.5707963267948966,1.5707963267948966,0.4128710506616552,-0.1999399600884397,-0.1999399600884397
1,-0.10020480794168171,0.1788181939808429,1.58676873246697,1.5631899243325211,0.028223599382986034,0.19969639622782603,0.19970742889344842
2,-0.10011582062268111,0.1887638744421819,1.597601973512445,1.5605832617332183,0.22154141960338503,-0.199707419628783,-0.1987506667305784
3,-0.09974399372358078,0.23481938211861791,1.601806134977613,1.564860957744254,0.4085730749999636,-0.058564323092548436,-0.05701522196872711
0,-0.0999999999999998,0.2611111111111111,1.5707963267948966,1.5707963267948966,-0.45144290508625196,0.19965986289196697,0.19965986289196697
4,-0.10115999060629391,0.43708168910862394,1.5141907147314448,1.582009747460079,0.5685949488700011,0.1997285867801073,0.19541624424451393
12,-0.1166918174652034,1.0143684034862233,2.257722560241451,1.1726856704031867,-0.21685696944408772,0.19996181400457078,0.0741810783170845
0,-0.0999999999999998,0.2833333333333333,1.5707963267948966,1.5707963267948966,-0.04788100321313902,-0.018543770885689967,-0.018543770885689967
1,-0.10021907196029622,0.22308672616594152,1.5878200168397765,1.5626816099785685,0.31168934629796985,-0.19971945414933215,-0.19887289732847985
2,-0.10012976198012769,0.23246422871783273,1.5990649285402636,1.5599373523903637,0.3265857134406552,-0.19985205355703947,-0.1984215648985676
0,-0.0999999999999998,0.3055555555555556,1.5707963267948966,1.5707963267948966,-0.11497253985146935,0.026580636071759055,0.026580636071759055
1,-0.10019254393272453,0.25132110373927846,1.587807891019855,1.5629457875719344,-0.34256152094124515,0.05428379146908754,0.05341542301186854
2,-0.10011160533770846,0.25988849481898807,1.5999477999892573,1.5598263546121631,0.2834146665226032,-0.19984876082817868,-0.19855113553367082
0,-0.0999999999999998,0.3277777777777778,1.5707963267948966,1.5707963267948966,-0.3182789076541286,0.07875920405412452,0.07875920405412452
1,-0.10013628879727092,0.2869302009483856,1.587651883312736,1.5635755549011812,-0.33309197502953863,0.19979501340649278,0.19893522295547064
3,-0.09948671537906417,0.36410233164838635,1.6166232983258109,1.5655988244881165,0.4502317641587044,0.03826565950980166,0.04051214524078379
4,-0.09946026446744455,0.4564107149786994,1.6378863910820822,1.5759786335226398,0.4686006284667121,0.19988761510566846,0.20240384445942067
0,-0.0999999999999998,0.35,1.5707963267948966,1.5707963267948966,-0.449362583311237,0.18616524831525308,0.18616524831525308
4,-0.10080764840803286,0.6076626240810128,1.6618423397329192,1.5924360670707902,0.47169131604188935,0.19994835311860176,0.20273815352129826
12,-0.12901345434199887,0.9173766042857381,2.420013808706079,0.4571171819992861,-0.5607240568960413,0.1999485181342427,-0.12822334685338968
0,-0.0777777777777776,0.15,1.5707963267948966,1.5707963267948966,-0.14742041656065838,0.1999558785497725,0.1999558785497725
2,-0.07776584731816404,0.15607174615208236,1.5757828625526766,1.5693001474009167,0.5221341031052023,-0.013558173879499709,-0.013219406690016816
3,-0.0777472410688209,0.16896419610181534,1.5763192633774619,1.5694091899188862,0.4483495137084288,-0.19813305025846373,-0.19781850959642283
5,-0.07772065385909441,0.18787570986028934,1.5778880650785307,1.5693708003309728,0.4512995272614383,0.02864125972502902,0.029024599966405402
6,-0.07770938573834031,0.19576409074160894,1.5785962539401392,1.5693680800419985,0.5162087109417504,0.1424847911654438,0.14295508387764455
7,-0.0776993025022595,0.20284388867845807,1.5792404981937747,1.5693786149042757,0.5195753912875344,0.20000000999416698,0.20050267527952825
0,-0.0777777777777776,0.1722222222222222,1.5707963267948966,1.5707963267948966,-0.1437248075799517,0.19993274291873195,0.19993274291873195
2,-0.07776928610616367,0.17045319769474485,1.5762771750476698,1.5690871345307644,0.42400681507270893,-0.19982892392917675,-0.19951889871394063
3,-0.07775160504864898,0.1807314355826009,1.5771119045701365,1.5690699029813822,0.46191366696125763,-0.1996095308260441,-0.1992316090681405
5,-0.07772198536607797,0.197784962506241,1.5786381411042552,1.5690621534193732,0.45392287147411836,0.01804291370967068,0.01847675579202539
6,-0.07770950078951473,0.20501760921527967,1.5792980874564986,1.569080796064834,0.522983621559739,0.1315344155282242,0.13206188825745196
0,-0.0777777777777776,0.1944444444444444,1.5707963267948966,1.5707963267948966,-0.20553646666327713,0.19992106105418703,0.19992106105418703
2,-0.07777638484237823,0.18378233165938507,1.577208207049642,1.5686833203231751,0.3987387446066849,-0.19960370023767127,-0.19925653116658268
3,-0.07775712044340154,0.19288330881875645,1.5780316973712782,1.5686800405180685,0.412587366305256,-0.19886597704134315,-0.19847144941987244
6,-0.07771114549400489,0.21495307770407102,1.5800520228829722,1.5687659883626883,0.5444558342644794,0.19997990633220022,0.20058163197894824
7,-0.07769853723009458,0.22126265483984559,1.5805815244701247,1.5688317481277105,0.5201868174004369,0.2000000099536784,0.2005973981999699
0,-0.0777777777777776,0.2166666666666666,1.5707963267948966,1.5707963267948966,-0.15248996489396008,0.19994027393048325,0.19994027393048325
3,-0.07777238532396502,0.20203535058480873,1.578665011623178,1.568259257326659,0.3877548650246666,-0.19909440047515087,-0.19868014072548296
4,-0.07775286240408158,0.20978607469078298,1.5793797458198409,1.5682986128682492,0.44172789290985676,-0.051397373051332775,-0.050904742969550255
5,-0.07773574332501694,0.21670340766117777,1.5800225930896143,1.568346718056023,0.5273265721248878,0.0949442717158957,0.09555348602685403
0,-0.0777777777777776,0.2388888888888888,1.5707963267948966,1.5707963267948966,-0.2955083058288543,0.19990706399673244,0.19990706399673244
2,-0.07781728332762382,0.2058639049596836,1.5789037505772452,1.5676181154339097,0.4485276068829326,0.052441499701979345,0.05294434126405359
3,-0.07779015839762284,0.21455610146808998,1.5795545960452895,1.5677359183283295,0.5343395149182107,-0.04298008194118411,-0.042345576272585575
5,-0.07774241037543764,0.230762333955558,1.5807445618000369,1.5680064602817818,0.5344113162819822,0.1978628557349343,0.19852752356537928
6,-0.07771833918346938,0.23971176713126954,1.581293904283319,1.5682085548254077,0.5263126508663339,0.1444045642503111,0.14508088033435784
7,-0.07769552802701696,0.24890842729670734,1.581863840171371,1.5684251662976103,0.5193279199782975,0.2000000099543807,0.20067983727814226
0,-0.0777777777777776,0.2611111111111111,1.5707963267948966,1.5707963267948966,-0.309776044833377,0.19991515568211382,0.19991515568211382
2,-0.07783305826952597,0.22243284931304413,1.5797757069256644,1.567146704190479,0.43608985439132225,0.021878700548189522,0.022427679192511603
3,-0.07780087603403515,0.2314303695587859,1.580492083975349,1.5672952394781872,0.404581895243666,-0.18663795683372594,-0.1860878000055398
4,-0.07776708682929094,0.24142031039965559,1.5811105268683772,1.567534896625437,0.5185455480363236,0.0824602913989924,0.08315662953280464
5,-0.07773495880957262,0.25167410202343576,1.5817466462638716,1.5677933650686966,0.4783601874998381,0.031996107853223,0.03266044094011424
6,-0.07770484584920756,0.2621761068174832,1.5824122066285948,1.5680668846512267,0.562305796053081,0.19986613580421828,0.20065218920778802
7,-0.07767570190928574,0.2732690930971366,1.583420098820005,1.5682762219262327,0.5368593398674106,0.199990828662959,0.20078087855206783
0,-0.0777777777777776,0.2833333333333333,1.5707963267948966,1.5707963267948966,-0.3612153276471322,0.1997182121031899,0.1997182121031899
2,-0.07783884065105001,0.24449188315774864,1.580697719999824,1.5667710317056502,0.4661146165585416,0.011117315872784453,0.011765360087566928
3,-0.07779734265779899,0.2550663226756582,1.5815891037371497,1.5669769529167974,0.45646169858424596,-0.09850096010077004,-0.09782347959075768
4,-0.07775326622604443,0.2670818565563753,1.582461160668407,1.5672829375922128,0.4378944200882569,-0.06144264635379292,-0.06077094855920642
5,-0.07770919259333514,0.2801289249961214,1.583670345195804,1.567560397865409,0.4892719977747376,0.14410197363985278,0.14487145514023186
6,-0.07766073237740638,0.2960441521380944,1.5851463685419898,1.5679520697230775,0.5266615761781654,0.07316943476955085,0.0740641320190105
7,-0.07760936528031356,0.3153781004267922,1.5874725739148001,1.5683476640642513,0.5411695769984682,0.19988595266753084,0.20088431726682737
8,-0.07755044979866128,0.34469593012077293,1.5906738760557513,1.5692631345234687,0.5353306738571331,0.20000000995829798,0.20110026482101676
0,-0.0777777777777776,0.3055555555555556,1.5707963267948966,1.5707963267948966,0.4435299205771083,-0.19993393403441095,-0.19993393403441095
1,-0.07782150515146914,0.2738920935246351,1.5780363651600222,1.5678551161846908,0.362792566535153,-0.19981940640524676,-0.19943968830826148
0,-0.0777777777777776,0.3277777777777778,1.5707963267948966,1.5707963267948966,0.10184137238576339,-0.17844750026534514,-0.17844750026534514
1,-0.07781917938555766,0.30286528648417727,1.5797554748740534,1.5672998906085385,0.3280370244517768,-0.1997806401274425,-0.19935656447053035
0,-0.0777777777777776,0.35,1.5707963267948966,1.5707963267948966,-0.3960369384522841,0.1994508462494476,0.1994508462494476
2,-0.07760101625613766,0.38911762415920226,1.5924994247641902,1.5664481839159163,0.3796116536739107,-0.16916980610397053,-0.16812358074941167
3,-0.07743128329270836,0.48616389343431815,1.604421411701713,1.5719899962235502,0.5366179927841445,0.19993110683742912,0.20156599565789357
0,-0.0555555555555554,0.15,1.5707963267948966,1.5707963267948966,0.27807419151793966,-0.19975426361249268,-0.19975426361249268
3,-0.05545634520868929,0.15526780638190615,1.553558767833982,1.5777313147727106,0.4807532491267992,-0.19583946139584404,-0.19694423838514782
4,-0.05532852361817632,0.1389044316697135,1.5524150217559676,1.5795105092847348,0.3389311719218334,0.062222109641313146,0.06128103220918013
5,-0.05516082426402727,0.12160313038898218,1.5514047342028956,1.5814961176324802,0.3326116861379436,0.17768686692163765,0.17660570249299226
6,-0.05493274095273545,0.10236908519170099,1.5504557425763945,1.5838473611171464,0.5299840265056515,0.20000000995808148,0.19811914670032915
0,-0.0555555555555554,0.1722222222222222,1.5707963267948966,1.5707963267948966,0.36918106159707426,-0.19979142870246674,-0.19979142870246674
0,-0.0555555555555554,0.1944444444444444,1.5707963267948966,1.5707963267948966,-0.09382804398824439,0.1331731943034651,0.1331731943034651
1,-0.05558706958586985,0.21292855316671724,1.5596678900208811,1.5740579970189703,0.34187524418187076,-0.19992829494791686,-0.20039954036704274
2,-0.055528444175865714,0.1987093527704241,1.5567652071502547,1.5758174386277797,0.4301963054249591,-0.19983083382073014,-0.20061413724273652
4,-0.055360750478052216,0.17277936572083652,1.5538452426579337,1.578701189799156,0.551165064940267,0.07475636665563602,0.07336344301533505
5,-0.055250050369571764,0.15990508993822025,1.5529817576196532,1.5801043701699071,0.576930805257146,0.14541112788740024,0.14379305110308016
6,-0.05511652639710114,0.1466086593707262,1.552282896884952,1.5815879310607857,0.5299546731859143,0.20000000999311832,0.19836132592835298
0,-0.0555555555555554,0.2166666666666666,1.5707963267948966,1.5707963267948966,-0.1459848140978977,0.19981138019172734,0.19981138019172734
1,-0.05556957232756384,0.22533580244845963,1.560711865374122,1.5739654432978623,0.35695113514461546,-0.1998192676284,-0.20027479214435417
2,-0.05551777016138271,0.2124250454223369,1.5575712593880038,1.5756867470388716,0.39188464655704025,-0.19983323271448358,-0.20051032320508014
3,-0.055453977962240185,0.20096364181353063,1.5557180690255503,1.577058005052479,0.4538860347941498,-0.19860575969275063,-0.1995290559669041
4,-0.05537877796625383,0.19000297099973673,1.554549359777246,1.5782707376237188,0.503236127848727,-0.11332197586642424,-0.1144837274925654
5,-0.055290821630729035,0.1790841781581773,1.5537268119540553,1.579444690956502,0.5724510454652362,0.19981155241016094,0.19827341705533816
6,-0.055188055970584966,0.16796866281836656,1.55307495693234,1.580649402579763,0.5604154489348666,0.19997172554317813,0.19835058739299938
0,-0.0555555555555554,0.2388888888888888,1.5707963267948966,1.5707963267948966,0.45801403441777466,-0.1999401343965607,-0.1999401343965607
1,-0.055564014641003,0.24453076465308343,1.5615730556335787,1.5737558716775686,0.34658059634868243,-0.1999271471804508,-0.20033453299007326
5,-0.05537060865047629,0.2082788542112975,1.5544190975513796,1.578395676376611,0.5236330993886558,-0.001987961951226257,-0.0032427633020150107
6,-0.0553167021871346,0.2015593014439005,1.5535327355053763,1.5792477905475313,0.5132811459197556,0.1342213751496524,0.1328572398805044
0,-0.0555555555555554,0.2611111111111111,1.5707963267948966,1.5707963267948966,-0.13206905872996547,0.1991717570533344,0.1991717570533344
1,-0.05556051192868978,0.26469067390698636,1.5623583244767527,1.5735421681371915,0.38493485824424295,-0.19992793304829448,-0.20034592600270718
2,-0.05552293113451051,0.25389559893197394,1.5593151869860034,1.575040320878437,0.4794907957848012,-0.03147422313946494,-0.03222430637099469
3,-0.05548439842283391,0.24580660894188675,1.5575456852701048,1.576092158453873,0.5591756812033974,-0.04885142617450278,-0.04988003888674278
4,-0.05545084980265236,0.23991939484231437,1.5562628666546683,1.576904347989589,0.537866056212917,0.08054288229958566,0.07941556804771359
5,-0.055424648159482066,0.2358389286943346,1.5552490102734904,1.577534339089317,0.5732690467209635,0.19971940500546137,0.1983923699695336
0,-0.0555555555555554,0.2833333333333333,1.5707963267948966,1.5707963267948966,0.4261357513229632,-0.19993785202596379,-0.19993785202596379
1,-0.05555759418245923,0.28496145868059636,1.5632347213712077,1.573289574023995,0.25620276114968615,-0.19967776369330248,-0.19992527382179268
6,-0.05540450895427472,0.24999995649624937,1.5573096546020846,1.5770370242051093,0.5710120970155667,0.1998769642403294,0.1987116889250608
7,-0.05537946295280068,0.24614320087514835,1.5565671707179884,1.5775462525514137,0.5471386051218904,0.20000000995660425,0.19880823702092848
0,-0.0555555555555554,0.3055555555555556,1.5707963267948966,1.5707963267948966,-0.10358550461213002,-0.006260116949293437,-0.006260116949293437
1,-0.05555639986432438,0.3063636807390192,1.5645119036224227,1.5728798710165703,0.2507102686527228,-0.19963770871563738,-0.1998405102398954
2,-0.0555315662104592,0.29575866110927185,1.5638906295087676,1.573402894458387,0.4860493681174872,-0.1187389353429233,-0.11919589950939975
3,-0.05550317559128012,0.286324553863157,1.562442128607307,1.5742203438548164,0.5655676626657431,0.00456459575766055,0.0038981567813693753
4,-0.05547321972230474,0.2784578657000271,1.5611200901356082,1.5749973325762903,0.5630559393440863,-0.04030140390039315,-0.041078864682713684
5,-0.05544226800557155,0.2715996662066577,1.5602340782668929,1.5756272330978243,0.5662998786260507,0.03234686649768373,0.03147135454471265
0,-0.0555555555555554,0.3277777777777778,1.5707963267948966,1.5707963267948966,-0.15973085538250706,0.027544650378791093,0.027544650378791093
1,-0.0555605044619584,0.3347655897342398,1.5664118836310248,1.5721902535615122,0.41859413269379175,-0.12699584644655895,-0.12723560411370702
2,-0.05556593342763043,0.33922390908997335,1.5672289180245738,1.5718407213068666,0.4895981472818178,-0.10311257012082181,-0.1033372658199598
3,-0.05557542521313036,0.3498371618954871,1.5676659728076796,1.5715449197451747,0.5291470471343114,-0.07024694394980205,-0.07045166829173222
4,-0.0555862775788438,0.3741974470364412,1.5686713765051703,1.5709602403717378,0.5497520854866789,-0.047414346403734535,-0.04754005286286623
5,-0.05560247575664914,0.4424437214692716,1.5660203444447856,1.5710049874772933,0.5691887356660764,0.19743098880470067,0.19714481696721853
0,-0.0555555555555554,0.35,1.5707963267948966,1.5707963267948966,-0.17143084310339443,0.033501622235987134,0.033501622235987134
1,-0.055564356450515044,0.3828853787062068,1.5689243199911456,1.5712883902772516,0.43221844362655604,-0.11595079529570151,-0.11605265066409955
2,-0.0556107638408739,0.4656726406835446,1.5655714022603373,1.5712721147360746,0.36357594453563624,-0.15207485124529188,-0.1522796432480688
0,-0.0333333333333332,0.15,1.5707963267948966,1.5707963267948966,0.27462461624983053,-0.19975498186773072,-0.19975498186773072
0,-0.0333333333333332,0.1722222222222222,1.5707963267948966,1.5707963267948966,0.019629576006228052,0.1873025034132022,0.1873025034132022
1,-0.03357998905070289,0.24385184662949022,1.541277420767818,1.5762904385411791,0.3091540609435848,-0.19337559709087662,-0.19433929903727518
0,-0.0333333333333332,0.1944444444444444,1.5707963267948966,1.5707963267948966,0.03769938502389991,0.15875211299120545,0.15875211299120545
1,-0.03354607690461317,0.25625703037941666,1.5428535910930972,1.57652341809149,0.4866249959290371,-0.10095356145854542,-0.10253449188107476
0,-0.0333333333333332,0.2166666666666666,1.5707963267948966,1.5707963267948966,0.02282237895228195,0.09399769253898718,0.09399769253898718
1,-0.03351518712500148,0.268808698030225,1.5439055683698992,1.5768175151591997,0.4519616597901665,-0.19973461088917613,-0.20111367004660577
0,-0.0333333333333332,0.2388888888888888,1.5707963267948966,1.5707963267948966,0.12524897720683725,-0.06524887598343333,-0.06524887598343333
1,-0.033500816561767795,0.28751083612409417,1.5447202074017863,1.5768176152262465,0.4873061690755088,-0.08538450380576446,-0.0869043820893191
0,-0.0333333333333332,0.2611111111111111,1.5707963267948966,1.5707963267948966,-0.023504231910695932,0.11620258918021101,0.11620258918021101
1,-0.03344976665219871,0.24959976257129712,1.6288976213850024,1.5499127923907958,0.39115977284585673,-0.05114465604789393,-0.0478988460164773
0,-0.0333333333333332,0.2833333333333333,1.5707963267948966,1.5707963267948966,-0.09295375239908964,0.19118105671598923,0.19118105671598923
1,-0.03347522533995332,0.3244804925521779,1.5456703501429896,1.5769762039586999,0.4164800708856377,-0.19951800968343042,-0.2007238616701664
2,-0.03368784269727274,0.3784899977045496,1.542448808499847,1.5725265920400875,0.6115173257096289,0.19816087233880403,0.19623221243541492
0,-0.0333333333333332,0.3055555555555556,1.5707963267948966,1.5707963267948966,-0.1929509034631797,0.19945797042985705,0.19945797042985705
1,-0.03347200141034549,0.34508369035150055,1.5454432787981371,1.5771155097765854,0.46068677815346104,-0.023251719301491367,-0.02469891189795436
2,-0.033719713681759876,0.41528512012900454,1.5399745302882533,1.5715385206066421,0.5203337359070579,0.19680228193309118,0.1950621462432161
0,-0.0333333333333332,0.3277777777777778,1.5707963267948966,1.5707963267948966,-0.22463226426900082,0.19927976270050665,0.19927976270050665
1,-0.03349752916307579,0.3741669632414539,1.544308883198772,1.5770309646395702,0.4389228643317744,-0.1994110878075737,-0.20074032983444567
2,-0.033741210395634366,0.47092285880088314,1.5339793945339064,1.5694510762729332,0.029102718499507692,-0.09726738888893481,-0.09730941302496181
0,-0.0333333333333332,0.35,1.5707963267948966,1.5707963267948966,-0.20346872518089917,0.16655774522580905,0.16655774522580905
1,-0.03358255436507657,0.4223031948846422,1.5411355468120913,1.576278947971055,0.3302007781128877,-0.19979374093330105,-0.20083057412504574
0,-0.0111111111111109,0.15,1.5707963267948966,1.5707963267948966,0.3758563771522168,-0.19982546476363616,-0.19982546476363616
0,-0.0111111111111109,0.1722222222222222,1.5707963267948966,1.5707963267948966,0.3791306568525211,-0.19983826396154572,-0.19983826396154572
0,-0.0111111111111109,0.1944444444444444,1.5707963267948966,1.5707963267948966,0.3806528054895435,-0.19993736276202304,-0.19993736276202304
0,-0.0111111111111109,0.2166666666666666,1.5707963267948966,1.5707963267948966,0.3687586470214103,-0.19981951277973756,-0.19981951277973756
0,-0.0111111111111109,0.2388888888888888,1.5707963267948966,1.5707963267948966,0.368350673346973,-0.19978521419499629,-0.19978521419499629
0,-0.0111111111111109,0.2611111111111111,1.5707963267948966,1.5707963267948966,0.39046927336936577,-0.19978799360956215,-0.19978799360956215
0,-0.0111111111111109,0.2833333333333333,1.5707963267948966,1.5707963267948966,0.02250910836967557,0.11937900198405126,0.11937900198405126
1,-0.01165637860122688,0.3784552317058757,1.5143243568625788,1.578853518050794,0.6415673654601892,0.17899014165195581,0.17448050450356953
0,-0.0111111111111109,0.3055555555555556,1.5707963267948966,1.5707963267948966,0.36817300984275736,-0.19974942508477256,-0.19974942508477256
0,-0.0111111111111109,0.3277777777777778,1.5707963267948966,1.5707963267948966,0.38909411936052873,-0.19971430670961426,-0.19971430670961426
0,-0.0111111111111109,0.35,1.5707963267948966,1.5707963267948966,0.3561175064547438,-0.19968190542199007,-0.19968190542199007
0,0.0111111111111112,0.15,1.5707963267948966,1.5707963267948966,0.38022983069613614,-0.19984198028788652,-0.19984198028788652
0,0.0111111111111112,0.1722222222222222,1.5707963267948966,1.5707963267948966,0.37949024197419634,-0.19994025095563578,-0.19994025095563578
0,0.0111111111111112,0.1944444444444444,1.5707963267948966,1.5707963267948966,0.3746942483614454,-0.1999403285461828,-0.1999403285461828
0,0.0111111111111112,0.2166666666666666,1.5707963267948966,1.5707963267948966,0.40713233358740925,-0.1998444228098391,-0.1998444228098391
0,0.0111111111111112,0.2388888888888888,1.5707963267948966,1.5707963267948966,0.39981577211291136,-0.1998291862253709,-0.1998291862253709
0,0.0111111111111112,0.2611111111111111,1.5707963267948966,1.5707963267948966,0.3843946861742985,-0.19992810404767983,-0.19992810404767983
0,0.0111111111111112,0.2833333333333333,1.5707963267948966,1.5707963267948966,0.3619618378537095,-0.199780030950674,-0.199780030950674
0,0.0111111111111112,0.3055555555555556,1.5707963267948966,1.5707963267948966,0.35738645108235345,-0.19976205640121553,-0.19976205640121553
0,0.0111111111111112,0.3277777777777778,1.5707963267948966,1.5707963267948966,0.40209604071790506,-0.19974461374418676,-0.19974461374418676
0,0.0111111111111112,0.35,1.5707963267948966,1.5707963267948966,0.4129433273309255,-0.19930205602238565,-0.19930205602238565
0,0.0333333333333334,0.15,1.5707963267948966,1.5707963267948966,0.37583633236717956,-0.19988553706488105,-0.19988553706488105
0,0.0333333333333334,0.1722222222222222,1.5707963267948966,1.5707963267948966,0.4067251970228847,-0.1999191914260118,-0.1999191914260118
0,0.0333333333333334,0.1944444444444444,1.5707963267948966,1.5707963267948966,0.36809782327613144,-0.1998775181082128,-0.1998775181082128
0,0.0333333333333334,0.2166666666666666,1.5707963267948966,1.5707963267948966,0.2462540891317297,-0.19979092262004983,-0.19979092262004983
0,0.0333333333333334,0.2388888888888888,1.5707963267948966,1.5707963267948966,0.30729635204964145,-0.19991953981487004,-0.19991953981487004
0,0.0333333333333334,0.2611111111111111,1.5707963267948966,1.5707963267948966,0.37262003338215405,-0.19994217494671665,-0.19994217494671665
0,0.0333333333333334,0.2833333333333333,1.5707963267948966,1.5707963267948966,0.2845145498094512,-0.19975880451378794,-0.19975880451378794
0,0.0333333333333334,0.3055555555555556,1.5707963267948966,1.5707963267948966,0.31367196508585893,-0.19990491426387783,-0.19990491426387783
0,0.0333333333333334,0.3277777777777778,1.5707963267948966,1.5707963267948966,0.31800732758473066,-0.19973174241888458,-0.19973174241888458
0,0.0333333333333334,0.35,1.5707963267948966,1.5707963267948966,-0.18045460146009826,0.1701249690426339,0.1701249690426339
1,0.03264893279856686,0.4471356714142029,1.5005191574480872,1.580570143527596,0.4564602553688549,0.0025427539410455054,-0.0011154969221046944
0,0.0555555555555556,0.15,1.5707963267948966,1.5707963267948966,0.30644761162759365,-0.199893028658937,-0.199893028658937
0,0.0555555555555556,0.1722222222222222,1.5707963267948966,1.5707963267948966,-0.14582178322542047,0.19914198241669304,0.19914198241669304
1,0.05530377171221498,0.24320243203841257,1.5404995354500155,1.5764726296646965,0.23591910083300896,-0.19986859923216557,-0.20058778282342732
0,0.0555555555555556,0.1944444444444444,1.5707963267948966,1.5707963267948966,-0.2005827059256199,0.19953881470929893,0.19953881470929893
1,0.055338292773723055,0.24789195772582814,1.5392413261022906,1.5777806384561757,0.2927643841662056,-0.199953500734198,-0.20093304030567838
0,0.0555555555555556,0.2166666666666666,1.5707963267948966,1.5707963267948966,-0.13305147877539275,0.1494447317724843,0.1494447317724843
1,0.05538215484224741,0.2554958243633743,1.5386415692653994,1.5788570272697124,0.26705218613809273,-0.19994851211842618,-0.2008605203748152
0,0.0555555555555556,0.2388888888888888,1.5707963267948966,1.5707963267948966,-0.15858194124158514,0.19985161556140005,0.19985161556140005
1,0.05542862175449805,0.2650794996882669,1.5380062061038355,1.5798735835407052,0.2159611778898613,-0.1999478028454119,-0.20067649514744332
0,0.0555555555555556,0.2611111111111111,1.5707963267948966,1.5707963267948966,-0.13314918461655306,0.09196572826729815,0.09196572826729815
1,0.05548144596622507,0.2754324116939492,1.5377170565214495,1.5807880801419432,0.2607407306671956,-0.19985062870365927,-0.20078797442429272
0,0.0555555555555556,0.2833333333333333,1.5707963267948966,1.5707963267948966,-0.24815191941342127,0.14256461163591808,0.14256461163591808
1,0.055529564216525946,0.2883496020761527,1.5391401248660426,1.5809989563321694,0.25210104187153326,-0.19993952611042587,-0.2008193458513996
0,0.0555555555555556,0.3055555555555556,1.5707963267948966,1.5707963267948966,-0.278692405886877,0.10935537486193186,0.10935537486193186
1,0.05557747485434631,0.3012665469819682,1.540563111254249,1.5811650297701147,0.2659583739391627,-0.19984376292024822,-0.20075860810669124
0,0.0555555555555556,0.3277777777777778,1.5707963267948966,1.5707963267948966,-0.2790400847185487,0.14535502198317546,0.14535502198317546
1,0.055600575513734166,0.3187233578351615,1.5420658710089068,1.5809583799159028,0.24077985437096777,-0.19992637558509826,-0.20071140479917723
2,0.05478624770816084,0.40697604881907695,1.5017909119513373,1.5772952456122338,0.37687704816796014,-0.16947917190038228,-0.17183919115875415
0,0.0555555555555556,0.35,1.5707963267948966,1.5707963267948966,-0.2895187719702583,0.17553538498320548,0.17553538498320548
1,0.05549639082172863,0.3663316335382354,1.5473999800768237,1.5777617258169105,0.3126782203879152,-0.19982243997098173,-0.2006795451386631
2,0.05503758499357001,0.4273909367176484,1.5195977697756629,1.577911260391571,0.4477938078823471,-0.040882898091909585,-0.04342316973958107
0,0.0777777777777779,0.15,1.5707963267948966,1.5707963267948966,-0.2758509773530975,0.19960564908216105,0.19960564908216105
3,0.07808720935008395,0.2087670927267944,1.5997965867307524,1.567136760437581,0.5021691649341223,-0.0030516290085680514,-0.0014102174046055462
7,0.07694022578982335,0.4370746221974202,1.6352032172170023,1.585537762648845,0.3627648991742593,0.05234227076082261,0.05407867656712136
0,0.0777777777777779,0.1722222222222222,1.5707963267948966,1.5707963267948966,0.06614241123843782,-0.19983989605253327,-0.19983989605253327
1,0.0777333104642499,0.13413389068674725,1.5767591084030013,1.5682819687915603,-0.2945755447704222,0.14410084356986452,0.14384595310987203
2,0.07780434667729114,0.1523608804790979,1.5874200063433985,1.5656509477067138,-0.026643468994832657,0.12369077302112319,0.12360347040691587
3,0.07802666015000753,0.19741176983519887,1.5974183837559561,1.56630611493988,0.5044006844681524,-0.00595715789326314,-0.0043852231343595414
6,0.07799690939218511,0.33022469421298406,1.6147739934411387,1.5756718248427641,0.5531930411916858,0.11471907900132967,0.11679394218483016
7,0.07750169829153514,0.396880101434255,1.6271703178670744,1.5810396208161215,0.6145363271978614,0.12549131658200732,0.12819170846969943
0,0.0777777777777779,0.1944444444444444,1.5707963267948966,1.5707963267948966,-0.22411229162877597,0.17241837809627755,0.17241837809627755
3,0.07795899902406218,0.1819682847779871,1.5946900668230395,1.56582529515863,0.2700693867413498,-0.19979201840044908,-0.19892935244477886
4,0.078131676114088,0.226552617065466,1.6016959036376814,1.5681375517396154,0.5771538283235278,0.07084187724808771,0.07273846085746759
0,0.0777777777777779,0.2166666666666666,1.5707963267948966,1.5707963267948966,-0.23589875468743174,0.166616393543175,0.166616393543175
4,0.07809227617839883,0.20940458383300029,1.5999900932100157,1.5672403537822417,0.5560415969850958,0.031160557441602246,0.032964544615595406
5,0.07817433016273091,0.25665189818298917,1.6047260026123862,1.5709069920796679,0.5967421461420717,0.10363032588284846,0.10558880742732847
6,0.07810052278966854,0.3006083115819189,1.610587772974048,1.5741088302325694,0.6174229025362972,0.16895498605926348,0.17109437718230489
7,0.07781439110355964,0.35545081275749124,1.6202558624234538,1.5780916092436554,0.6192996592756757,0.19982502075508268,0.202257877299189
8,0.07688310987636882,0.4398835112218778,1.635785006978784,1.5859208950989834,0.5820846641140623,0.20000000995210224,0.20265272930462838
9,0.07297443579143988,0.6010463660767549,1.6709588776018958,1.6055552828607158,0.4199689700546749,0.08477041997582431,0.08733396653179056
0,0.0777777777777779,0.2388888888888888,1.5707963267948966,1.5707963267948966,-0.28746119666940195,0.1544764426949534,0.1544764426949534
3,0.07699777221705792,0.33646720427542476,1.4777246148690315,1.569087774021438,0.47033264042127254,-0.08196874857269411,-0.08591801253400007
0,0.0777777777777779,0.2611111111111111,1.5707963267948966,1.5707963267948966,-0.3450117782622278,0.1715896042371206,0.1715896042371206
5,0.07816723815176646,0.2353796764696323,1.6028446118023734,1.5692956035435284,0.603504607709355,0.12179763734681197,0.12375341828202144
6,0.07815072254177936,0.2795400921099404,1.6063839542355876,1.5730400003527905,0.5989242293664881,0.09908103775579903,0.10102264290489378
7,0.07800618109422987,0.3210882895734623,1.61347567016748,1.5756146657029422,0.5745797610226462,0.20000000999340575,0.20203157854256495
8,0.0775769312612717,0.38218062594352403,1.6247930685665946,1.5802567816846578,0.5875968840468132,0.20000000999443324,0.20241776800023095
9,0.07576624519632479,0.5004033457970077,1.6463516923275332,1.5925715282307569,0.599035995742597,0.2000000099936075,0.20293092173124452
0,0.0777777777777779,0.2833333333333333,1.5707963267948966,1.5707963267948966,-0.3792818520132476,0.18031257198932615,0.18031257198932615
4,0.07833352728643708,0.2643310900470945,1.6576508373792516,1.5871115693724374,0.5157471982212586,0.04124413969963523,0.044776597898086794
0,0.0777777777777779,0.3055555555555556,1.5707963267948966,1.5707963267948966,-0.40440035075431313,0.19805807792827212,0.19805807792827212
4,0.07801261536078963,0.15435298454588695,1.5903671915319304,1.5670417268378471,0.3498131787887863,-0.02678791162421716,-0.025964743100588963
5,0.07817155697630573,0.2025884605138514,1.6003352860596518,1.5681967951144875,0.4359503645423922,0.08778798233027812,0.0891434863979224
6,0.07821259566372606,0.24988078713981185,1.605402690419231,1.5717013905338697,0.5735255641542447,0.1999241194015507,0.20174308531868754
7,0.07809797495277154,0.2941623742076174,1.6104852678861956,1.57510935758167,0.5770457310030257,0.20000000995515055,0.20191580354868932
8,0.07779521138598595,0.34478786355539415,1.619337466606174,1.5785950008376781,0.5911756274412581,0.20000000999447434,0.20224196706949285
9,0.07696494216300094,0.4206218420164356,1.6333335498955588,1.5852048915550425,0.5590604029039791,0.20000000997898984,0.20245806196577745
10,0.07349377907398456,0.5731307999111677,1.6642016573485474,1.6030049390059358,0.6073927706837823,0.20000000996471404,0.20334034776198812
0,0.0777777777777779,0.3277777777777778,1.5707963267948966,1.5707963267948966,-0.3736574047322966,0.1640131168652352,0.1640131168652352
4,0.07738597368220687,0.2241682055381149,1.5320976845138174,1.574638248174644,0.5189624082253605,-0.028081886000468455,-0.03026350946311052
5,0.07735332008707001,0.3229465399187996,1.5040177091174227,1.5665212915607931,0.6106988789430623,0.02511408006253018,0.021250437579504886
0,0.0777777777777779,0.35,1.5707963267948966,1.5707963267948966,-0.41075047818801097,0.14407837052087885,0.14407837052087885
5,0.07751767151068406,0.1935197333790579,1.5914860787477831,1.562480149634201,0.38440502370990853,0.06958859264518223,0.07067416687113513
6,0.07780690189568203,0.23352816707196866,1.5970234582808356,1.5647274156403406,0.5863949788406726,0.19997403335217603,0.20176324704242984
0,0.1000000000000001,0.15,1.5707963267948966,1.5707963267948966,-0.24891133445678396,0.19991749938291045,0.19991749938291045
2,0.10005636342312146,0.10017127388030733,1.6094979933139424,1.5589710485197752,0.2018223376567624,-0.19977692663965818,-0.198502655654132
0,0.1000000000000001,0.1722222222222222,1.5707963267948966,1.5707963267948966,-0.34015337082150215,0.19977933404653134,0.19977933404653134
2,0.09984428127427115,0.08005021129728546,1.6031543082234005,1.5583791242028815,0.28824647213277466,-0.18243992665650344,-0.18096688018433393
3,0.10064214146251513,0.17374110142271412,1.6267735651370625,1.5669641146515858,0.10654627799337645,-0.18840929574406648,-0.1874355425339894
0,0.1000000000000001,0.1944444444444444,1.5707963267948966,1.5707963267948966,-0.24204140088377593,0.198515729678985,0.198515729678985
4,0.10053813238873908,0.2396373292573364,1.63994370872644,1.5777259244357622,0.5466746747739933,0.06603633197514838,0.0693076528373631
0,0.1000000000000001,0.2166666666666666,1.5707963267948966,1.5707963267948966,0.03836785227926507,-0.19993278612429316,-0.19993278612429316
1,0.10002745238233499,0.11233570033468294,1.5697486820307116,1.5714192194989636,0.12464052865631692,-0.1999408489111444,-0.19996139158183612
2,0.09984924672636201,0.0564225045930809,1.5886769565430026,1.5629466278296433,0.03515801376304616,-0.07988128399070485,-0.07976439001123735
5,0.09923584658454637,0.2627550754989453,1.5279587950238316,1.591478897256677,0.557082523697372,0.06657205441046424,0.0629015822087837
0,0.1000000000000001,0.2388888888888888,1.5707963267948966,1.5707963267948966,0.037091147065255986,-0.19979443148239204,-0.19979443148239204
1,0.1000592543089664,0.12474424382864191,1.5687990384784083,1.5720395716467646,0.10253817561818702,-0.1998117597647601,-0.19984393842627401
2,0.0999257145198455,0.05633527930348163,1.585112732895885,1.5647517718612458,-0.1087458830631363,0.04366837435146733,0.043437921122513164
0,0.1000000000000001,0.2611111111111111,1.5707963267948966,1.5707963267948966,-0.21350118027676815,0.14798275135700062,0.14798275135700062
3,0.09926367941372298,0.243754881618912,1.4937099941986194,1.5741443418729029,0.24345347564520506,-0.18151988315277517,-0.18288910283512566
0,0.1000000000000001,0.2833333333333333,1.5707963267948966,1.5707963267948966,-0.3828280666889024,0.12651627597840148,0.12651627597840148
4,0.10075724411196062,0.1428794113799497,1.6246539997544627,1.5661373157114074,0.12364963702873125,-0.0005230352080989423,0.00020100383641136188
5,0.10050300401188798,0.24540967465695218,1.6434467966344695,1.5806579737436586,0.3931511985270386,0.041120906412888444,0.043506803163482176
6,0.09819083822403465,0.3666040448630965,1.6660946803775172,1.5993524755185133,0.5960844858826385,0.09397239880046282,0.09773862172925991
0,0.1000000000000001,0.3055555555555556,1.5707963267948966,1.5707963267948966,-0.3505973243934364,0.17297097277553716,0.17297097277553716
3,0.1005624038818011,0.3127925107821563,1.6875629957889036,1.5939447250368217,0.5019504185207576,0.1853928652123049,0.1892733433922262
0,0.1000000000000001,0.3277777777777778,1.5707963267948966,1.5707963267948966,-0.3521421311467152,0.18248983633270013,0.18248983633270013
5,0.10073714956579947,0.2089944397566957,1.6375485575434308,1.576519625472895,0.601799174985494,0.15301640160085747,0.15640196956733568
6,0.09915104271615847,0.32154102940367957,1.657214573645268,1.5934292659685936,0.5493005871120281,0.168238122568497,0.17139735000024728
7,0.09493038133980111,0.45162260149726374,1.6852945192393403,1.613604242278342,0.1894398577195714,0.06566038003410114,0.0668486582246472
0,0.1000000000000001,0.35,1.5707963267948966,1.5707963267948966,-0.3774983538941273,0.14159334122688672,0.14159334122688672
5,0.1005009590588862,0.2544762910261407,1.6346254731204848,1.572240238318964,0.4457388851600033,0.12303366303390775,0.12557327134796195
6,0.0993290805839576,0.3706000414714455,1.657456667223249,1.5898704357859634,0.6015255309189693,0.08515644457682126,0.089024415557055
7,0.09498389403007092,0.5127949380705468,1.689162598052297,1.6134598833330727,0.2350934196943548,-0.056460592598199966,-0.05452086321964615
